2 0.2140625 0.3765625 0.36875 0.3765625 0.36875 0.5234375 0.2140625 0.5234375
2 0.1328125 0.303125 0.246875 0.303125 0.246875 0.4484375 0.1328125 0.4484375
2 0.28125 0.0625 0.4125 0.0625 0.4125 0.2 0.28125 0.2
2 0.0375 0.5828125 0.171875 0.5828125 0.171875 0.7375 0.0375 0.7375
2 0.109375 0.7515625 0.2390625 0.7515625 0.2390625 0.8953125 0.109375 0.8953125
2 0.0671875 0.7640625 0.1921875 0.7640625 0.1921875 0.89375 0.0671875 0.89375
2 0 0.6109375 0.0328125 0.6109375 0.0328125 0.734375 0 0.734375
2 0 0.7046875 0.0359375 0.7046875 0.0359375 0.8125 0 0.8125
2 0 0.503125 0.0390625 0.503125 0.0390625 0.634375 0 0.634375
2 0 0.353125 0.0703125 0.353125 0.0703125 0.48125 0 0.48125
2 0.05 0.3359375 0.2140625 0.3359375 0.2140625 0.5140625 0.05 0.5140625
2 0.0265625 0.240625 0.128125 0.240625 0.128125 0.36875 0.0265625 0.36875
2 0.1921875 0.009375 0.30625 0.009375 0.30625 0.1390625 0.1921875 0.1390625
2 0.1515625 0.0078125 0.2234375 0.0078125 0.2234375 0.1046875 0.1515625 0.1046875
2 0.4546875 0.703125 0.6125 0.703125 0.6125 0.86875 0.4546875 0.86875
2 0.46875 0.8875 0.625 0.8875 0.625 1 0.46875 1
2 0.596875 0.53125 0.734375 0.53125 0.734375 0.68125 0.596875 0.68125
2 0.4734375 0.2359375 0.6015625 0.2359375 0.6015625 0.3796875 0.4734375 0.3796875
2 0.584375 0.215625 0.684375 0.215625 0.684375 0.3265625 0.584375 0.3265625
2 0.8234375 0.4578125 0.940625 0.4578125 0.940625 0.578125 0.8234375 0.578125
2 0.7015625 0.5640625 0.9 0.5640625 0.9 0.75625 0.7015625 0.75625
2 0.6421875 0.775 0.83125 0.775 0.83125 0.9734375 0.6421875 0.9734375