2 0.2390625 0.4796875 0.359375 0.4796875 0.359375 0.575 0.2390625 0.575
2 0.14375 0.4484375 0.2046875 0.4484375 0.2046875 0.5734375 0.14375 0.5734375
2 0.153125 0.1671875 0.2421875 0.1671875 0.2421875 0.271875 0.153125 0.271875
2 0.190625 0.7390625 0.2734375 0.7390625 0.2734375 0.8640625 0.190625 0.8640625
2 0.3296875 0.85625 0.4125 0.85625 0.4125 0.96875 0.3296875 0.96875
2 0.290625 0.8921875 0.378125 0.8921875 0.378125 0.9875 0.290625 0.9875
2 0.078125 0.8296875 0.165625 0.8296875 0.165625 0.921875 0.078125 0.921875
2 0.1359375 0.90625 0.2109375 0.90625 0.2109375 0.9859375 0.1359375 0.9859375
2 0.0515625 0.7234375 0.1140625 0.7234375 0.1140625 0.8359375 0.0515625 0.8359375
2 0.0015625 0.5796875 0.0765625 0.5796875 0.0765625 0.6828125 0.0015625 0.6828125
2 0.0921875 0.5125 0.2 0.5125 0.2 0.65 0.0921875 0.65
2 0.015625 0.446875 0.0703125 0.446875 0.0703125 0.55625 0.015625 0.55625
2 0.0515625 0.1578125 0.11875 0.1578125 0.11875 0.2703125 0.0515625 0.2703125
2 0.0078125 0.1796875 0.0375 0.1796875 0.0375 0.275 0.0078125 0.275
2 0.0140625 0.75 0.0609375 0.75 0.0609375 0.8546875 0.0140625 0.8546875
2 0.6140625 0.6453125 0.721875 0.6453125 0.721875 0.7703125 0.6140625 0.7703125
2 0.7203125 0.8 0.8203125 0.8 0.8203125 0.9421875 0.7203125 0.9421875
2 0.653125 0.428125 0.7453125 0.428125 0.7453125 0.5421875 0.653125 0.5421875
2 0.40625 0.228125 0.4875 0.228125 0.4875 0.340625 0.40625 0.340625
2 0.4828125 0.1609375 0.546875 0.1609375 0.546875 0.2484375 0.4828125 0.2484375
2 0.80625 0.2609375 0.8890625 0.2609375 0.8890625 0.3484375 0.80625 0.3484375
2 0.76875 0.403125 0.9171875 0.403125 0.9171875 0.5359375 0.76875 0.5359375
2 0.8203125 0.615625 0.953125 0.615625 0.953125 0.7609375 0.8203125 0.7609375
2 0.809375 0.9 0.9796875 0.9 0.9796875 0.975 0.809375 0.975