2 0.2515625 0.490625 0.375 0.490625 0.375 0.5921875 0.2515625 0.5921875
2 0.1578125 0.4546875 0.2203125 0.4546875 0.2203125 0.5828125 0.1578125 0.5828125
2 0.1578125 0.1734375 0.2515625 0.1734375 0.2515625 0.2828125 0.1578125 0.2828125
2 0.2109375 0.7484375 0.3 0.7484375 0.3 0.8765625 0.2109375 0.8765625
2 0.353125 0.871875 0.4421875 0.871875 0.4421875 0.9875 0.353125 0.9875
2 0.3171875 0.9046875 0.40625 0.9046875 0.40625 1 0.3171875 1
2 0.1015625 0.8328125 0.1921875 0.8328125 0.1921875 0.928125 0.1015625 0.928125
2 0.1609375 0.9125 0.2390625 0.9125 0.2390625 0.9953125 0.1609375 0.9953125
2 0.071875 0.725 0.1390625 0.725 0.1390625 0.840625 0.071875 0.840625
2 0.0171875 0.5796875 0.0953125 0.5796875 0.0953125 0.6859375 0.0171875 0.6859375
2 0.10625 0.5171875 0.2203125 0.5171875 0.2203125 0.659375 0.10625 0.659375
2 0.028125 0.446875 0.0859375 0.446875 0.0859375 0.559375 0.028125 0.559375
2 0.05625 0.1609375 0.1265625 0.1609375 0.1265625 0.2765625 0.05625 0.2765625
2 0.0125 0.1796875 0.0453125 0.1796875 0.0453125 0.2765625 0.0125 0.2765625
2 0.0359375 0.75 0.0859375 0.75 0.0859375 0.8578125 0.0359375 0.8578125
2 0.634375 0.6734375 0.74375 0.6734375 0.74375 0.803125 0.634375 0.803125
2 0.7421875 0.8328125 0.846875 0.8328125 0.846875 0.9796875 0.7421875 0.9796875
2 0.665625 0.4578125 0.7609375 0.4578125 0.7609375 0.578125 0.665625 0.578125
2 0.4125 0.246875 0.496875 0.246875 0.496875 0.3625 0.4125 0.3625
2 0.4875 0.1828125 0.553125 0.1828125 0.553125 0.2734375 0.4875 0.2734375
2 0.8125 0.2984375 0.9 0.2984375 0.9 0.390625 0.8125 0.390625
2 0.7796875 0.4375 0.9328125 0.4375 0.9328125 0.578125 0.7796875 0.578125
2 0.8390625 0.653125 0.975 0.653125 0.975 0.8046875 0.8390625 0.8046875
2 0.8359375 0.9375 1 0.9375 1 1 0.8359375 1