2 0.415625 0.1125 0.5453125 0.1125 0.5453125 0.2953125 0.415625 0.2953125
2 0.496875 0.184375 0.6421875 0.184375 0.6421875 0.3671875 0.496875 0.3671875
2 0.6375 0.1984375 0.790625 0.1984375 0.790625 0.375 0.6375 0.375
2 0.6015625 0.30625 0.7578125 0.30625 0.7578125 0.53125 0.6015625 0.53125
2 0.553125 0.375 0.6921875 0.375 0.6921875 0.5875 0.553125 0.5875
2 0.3734375 0.2109375 0.5171875 0.2109375 0.5171875 0.4375 0.3734375 0.4375
2 0.4078125 0.4109375 0.5390625 0.4109375 0.5390625 0.63125 0.4078125 0.63125
2 0.5765625 0.5421875 0.771875 0.5421875 0.771875 0.765625 0.5765625 0.765625
2 0.5625 0.6203125 0.721875 0.6203125 0.721875 0.8796875 0.5625 0.8796875
2 0.4796875 0.7609375 0.640625 0.7609375 0.640625 0.9265625 0.4796875 0.9265625
2 0.425 0.715625 0.5359375 0.715625 0.5359375 0.9171875 0.425 0.9171875
2 0.35 0.5625 0.5375 0.5625 0.5375 0.765625 0.35 0.765625
2 0.2671875 0.4734375 0.4 0.4734375 0.4 0.61875 0.2671875 0.61875
2 0.2140625 0.5890625 0.3625 0.5890625 0.3625 0.7859375 0.2140625 0.7859375
2 0.3140625 0.675 0.4515625 0.675 0.4515625 0.8671875 0.3140625 0.8671875