2 0.7640625 0.3859375 0.9796875 0.3859375 0.9796875 0.6375 0.7640625 0.6375
2 0.6359375 0.2828125 0.9 0.2828125 0.9 0.5875 0.6359375 0.5875
2 0.453125 0.4359375 0.696875 0.4359375 0.696875 0.7203125 0.453125 0.7203125
2 0.4890625 0.559375 0.73125 0.559375 0.73125 0.8640625 0.4890625 0.8640625
2 0.4859375 0.5390625 0.8296875 0.5390625 0.8296875 0.9578125 0.4859375 0.9578125
2 0.7171875 0.509375 0.9703125 0.509375 0.9703125 0.8671875 0.7171875 0.8671875
2 0.74375 0.490625 0.9703125 0.490625 0.9703125 0.75625 0.74375 0.75625
2 0.346875 0.175 0.5640625 0.175 0.5640625 0.425 0.346875 0.425
2 0.225 0.1734375 0.490625 0.1734375 0.490625 0.4640625 0.225 0.4640625
2 0.1125 0.271875 0.3953125 0.271875 0.3953125 0.615625 0.1125 0.615625
2 0 0.28125 0.3046875 0.28125 0.3046875 0.6765625 0 0.6765625
2 0.0515625 0.3515625 0.3703125 0.3515625 0.3703125 0.73125 0.0515625 0.73125
2 0.1203125 0.521875 0.3703125 0.521875 0.3703125 0.81875 0.1203125 0.81875
2 0.2796875 0.3609375 0.5546875 0.3609375 0.5546875 0.69375 0.2796875 0.69375
2 0.265625 0.3453125 0.478125 0.3453125 0.478125 0.60625 0.265625 0.60625
2 0.284375 0.546875 0.559375 0.546875 0.559375 0.8859375 0.284375 0.8859375
2 0.178125 0.5609375 0.4625 0.5609375 0.4625 0.9 0.178125 0.9
2 0.525 0.2546875 0.6671875 0.2546875 0.6671875 0.4109375 0.525 0.4109375
2 0.9109375 0.478125 0.975 0.478125 0.975 0.625 0.9109375 0.625