2 0.16875 0.5359375 0.271875 0.5359375 0.271875 0.6234375 0.16875 0.6234375
2 0.015625 0.275 0.125 0.275 0.125 0.3640625 0.015625 0.3640625
2 0 0.253125 0.028125 0.253125 0.028125 0.3328125 0 0.3328125
2 0 0.3953125 0.0671875 0.3953125 0.0671875 0.4796875 0 0.4796875
2 0.009375 0.465625 0.0796875 0.465625 0.0796875 0.5359375 0.009375 0.5359375
2 0.1125 0.525 0.1828125 0.525 0.1828125 0.590625 0.1125 0.590625
2 0.0046875 0.5671875 0.0875 0.5671875 0.0875 0.64375 0.0046875 0.64375
2 0.0515625 0.7015625 0.140625 0.7015625 0.140625 0.7890625 0.0515625 0.7890625
2 0.2578125 0.64375 0.3578125 0.64375 0.3578125 0.71875 0.2578125 0.71875
2 0.1609375 0.3078125 0.25 0.3078125 0.25 0.3890625 0.1609375 0.3890625
2 0.175 0.36875 0.2640625 0.36875 0.2640625 0.43125 0.175 0.43125
2 0.0765625 0.409375 0.13125 0.409375 0.13125 0.4578125 0.0765625 0.4578125
2 0.1015625 0.421875 0.1890625 0.421875 0.1890625 0.49375 0.1015625 0.49375
2 0.1546875 0.4578125 0.234375 0.4578125 0.234375 0.528125 0.1546875 0.528125
2 0.1921875 0.4921875 0.2796875 0.4921875 0.2796875 0.553125 0.1921875 0.553125
2 0.121875 0.259375 0.2109375 0.259375 0.2109375 0.3421875 0.121875 0.3421875
2 0 0.2109375 0.075 0.2109375 0.075 0.2859375 0 0.2859375
2 0.0640625 0.1484375 0.1765625 0.1484375 0.1765625 0.23125 0.0640625 0.23125
2 0.103125 0.34375 0.1734375 0.34375 0.1734375 0.4015625 0.103125 0.4015625
2 0.24375 0.43125 0.303125 0.43125 0.303125 0.4796875 0.24375 0.4796875
2 0.0734375 0.5125 0.121875 0.5125 0.121875 0.559375 0.0734375 0.559375