2 0.7140625 0.0859375 0.8296875 0.0859375 0.8296875 0.275 0.7140625 0.275
2 0.5765625 0.075 0.7171875 0.075 0.7171875 0.3046875 0.5765625 0.3046875
2 0.525 0.31875 0.65 0.31875 0.65 0.5390625 0.525 0.5390625
2 0.646875 0.3796875 0.740625 0.3796875 0.740625 0.64375 0.646875 0.64375
2 0.675 0.3375 0.8296875 0.3375 0.8296875 0.68125 0.675 0.68125
2 0.8046875 0.18125 0.9546875 0.18125 0.9546875 0.46875 0.8046875 0.46875
2 0.76875 0.1765625 0.884375 0.1765625 0.884375 0.3828125 0.76875 0.3828125
2 0.2734375 0.19375 0.3890625 0.19375 0.3890625 0.3828125 0.2734375 0.3828125
2 0.184375 0.271875 0.353125 0.271875 0.353125 0.465625 0.184375 0.465625
2 0.2046875 0.3921875 0.328125 0.3921875 0.328125 0.678125 0.2046875 0.678125
2 0.13125 0.475 0.275 0.475 0.275 0.8015625 0.13125 0.8015625
2 0.215625 0.4890625 0.36875 0.4890625 0.36875 0.7921875 0.215625 0.7921875
2 0.334375 0.6015625 0.45625 0.6015625 0.45625 0.8375 0.334375 0.8375
2 0.3765625 0.3578125 0.5015625 0.3578125 0.5015625 0.6296875 0.3765625 0.6296875
2 0.3265625 0.375 0.4203125 0.375 0.4203125 0.5921875 0.3265625 0.5921875
2 0.496875 0.4984375 0.615625 0.4984375 0.615625 0.78125 0.496875 0.78125
2 0.4203125 0.5828125 0.55625 0.5828125 0.55625 0.853125 0.4203125 0.853125
2 0.4125 0.16875 0.5 0.16875 0.5 0.275 0.4125 0.275
2 0.8390625 0.0875 0.91875 0.0875 0.91875 0.2015625 0.8390625 0.2015625