2 0.509375 0.2015625 0.7375 0.2015625 0.7375 0.453125 0.509375 0.453125
2 0.528125 0.309375 0.7703125 0.309375 0.7703125 0.571875 0.528125 0.571875
2 0.6359375 0.4140625 0.878125 0.4140625 0.878125 0.675 0.6359375 0.675
2 0.5109375 0.46875 0.7875 0.46875 0.7875 0.7765625 0.5109375 0.7765625
2 0.4375 0.490625 0.6921875 0.490625 0.6921875 0.7765625 0.4375 0.7765625
2 0.3875 0.2453125 0.6546875 0.2453125 0.6546875 0.546875 0.3875 0.546875
2 0.296875 0.421875 0.5484375 0.421875 0.5484375 0.709375 0.296875 0.709375
2 0.34375 0.634375 0.6546875 0.634375 0.6546875 0.965625 0.34375 0.965625
2 0.2625 0.68125 0.5640625 0.68125 0.5640625 1 0.2625 1
2 0.16875 0.740625 0.4125 0.740625 0.4125 0.996875 0.16875 0.996875
2 0.134375 0.6671875 0.3578125 0.6671875 0.3578125 0.925 0.134375 0.925
2 0.1625 0.5 0.45625 0.5 0.45625 0.809375 0.1625 0.809375
2 0.1921875 0.3828125 0.4 0.3828125 0.4 0.603125 0.1921875 0.603125
2 0.046875 0.4328125 0.3 0.4328125 0.3 0.7078125 0.046875 0.7078125
2 0.075 0.5640625 0.315625 0.5640625 0.315625 0.8296875 0.075 0.8296875