2 0.175 0.45625 0.2625 0.45625 0.2625 0.515625 0.175 0.515625
2 0.1046875 0.165625 0.1984375 0.165625 0.1984375 0.225 0.1046875 0.225
2 0.0421875 0.115625 0.1125 0.115625 0.1125 0.175 0.0421875 0.175
2 0.0359375 0.2625 0.10625 0.2625 0.10625 0.3265625 0.0359375 0.3265625
2 0.0453125 0.334375 0.1 0.334375 0.1 0.3875 0.0453125 0.3875
2 0.1265625 0.4203125 0.184375 0.4203125 0.184375 0.46875 0.1265625 0.46875
2 0.0078125 0.4328125 0.078125 0.4328125 0.078125 0.4890625 0.0078125 0.4890625
2 0.0140625 0.575 0.084375 0.575 0.084375 0.640625 0.0140625 0.640625
2 0.228125 0.5828125 0.3171875 0.5828125 0.3171875 0.6296875 0.228125 0.6296875
2 0.2359375 0.23125 0.309375 0.23125 0.309375 0.2890625 0.2359375 0.2890625
2 0.2296875 0.296875 0.3109375 0.296875 0.3109375 0.3328125 0.2296875 0.3328125
2 0.128125 0.2953125 0.1734375 0.2953125 0.1734375 0.33125 0.128125 0.33125
2 0.14375 0.3234375 0.2203125 0.3234375 0.2203125 0.371875 0.14375 0.371875
2 0.1859375 0.371875 0.2515625 0.371875 0.2515625 0.4203125 0.1859375 0.4203125
2 0.209375 0.4171875 0.290625 0.4171875 0.290625 0.453125 0.209375 0.453125
2 0.2125 0.175 0.2859375 0.175 0.2859375 0.234375 0.2125 0.234375
2 0.0953125 0.090625 0.1734375 0.090625 0.1734375 0.1421875 0.0953125 0.1421875
2 0 0.0671875 0.0859375 0.0671875 0.0859375 0.1375 0 0.1375
2 0.1890625 0.059375 0.2890625 0.059375 0.2890625 0.1109375 0.1890625 0.1109375
2 0.1703125 0.2453125 0.2328125 0.2453125 0.2328125 0.284375 0.1703125 0.284375
2 0.28125 0.3640625 0.33125 0.3640625 0.33125 0.3984375 0.28125 0.3984375
2 0.0953125 0.3921875 0.1328125 0.3921875 0.1328125 0.428125 0.0953125 0.428125