2 0.765625 0.09375 0.9625 0.09375 0.9625 0.3390625 0.765625 0.3390625
2 0.6296875 0.040625 0.86875 0.040625 0.86875 0.334375 0.6296875 0.334375
2 0.475 0.259375 0.69375 0.259375 0.69375 0.5359375 0.475 0.5359375
2 0.5328125 0.3578125 0.7453125 0.3578125 0.7453125 0.6625 0.5328125 0.6625
2 0.540625 0.31875 0.8453125 0.31875 0.8453125 0.73125 0.540625 0.73125
2 0.7546875 0.2140625 0.9828125 0.2140625 0.9828125 0.565625 0.7546875 0.565625
2 0.7640625 0.1984375 0.9671875 0.1984375 0.9671875 0.4578125 0.7640625 0.4578125
2 0.3265625 0.0625 0.521875 0.0625 0.521875 0.303125 0.3265625 0.303125
2 0.2078125 0.103125 0.4546875 0.103125 0.4546875 0.3796875 0.2078125 0.3796875
2 0.125 0.2296875 0.375 0.2296875 0.375 0.56875 0.125 0.56875
2 0.003125 0.284375 0.290625 0.284375 0.290625 0.6734375 0.003125 0.6734375
2 0.08125 0.3234375 0.3671875 0.3234375 0.3671875 0.6953125 0.08125 0.6953125
2 0.1671875 0.471875 0.3890625 0.471875 0.3890625 0.7609375 0.1671875 0.7609375
2 0.3015625 0.2484375 0.5453125 0.2484375 0.5453125 0.5765625 0.3015625 0.5765625
2 0.2765625 0.2546875 0.4625 0.2546875 0.4625 0.5125 0.2765625 0.5125
2 0.3375 0.4234375 0.5796875 0.4234375 0.5796875 0.7578125 0.3375 0.7578125
2 0.234375 0.4765625 0.4875 0.4765625 0.4875 0.809375 0.234375 0.809375
2 0.5 0.084375 0.6328125 0.084375 0.6328125 0.2328125 0.5 0.2328125
2 0.9109375 0.1453125 0.9859375 0.1453125 0.9859375 0.2921875 0.9109375 0.2921875