2 0.2390625 0.203125 0.346875 0.203125 0.346875 0.3234375 0.2390625 0.3234375
2 0.35 0 0.4640625 0 0.4640625 0.0296875 0.35 0.0296875
2 0.234375 0 0.3328125 0 0.3328125 0.0796875 0.234375 0.0796875
2 0.2078125 0.0390625 0.284375 0.0390625 0.284375 0.128125 0.2078125 0.128125
2 0.2265625 0.153125 0.303125 0.153125 0.303125 0.240625 0.2265625 0.240625
2 0.11875 0.1109375 0.209375 0.1109375 0.209375 0.215625 0.11875 0.215625
2 0.034375 0.24375 0.134375 0.24375 0.134375 0.3578125 0.034375 0.3578125
2 0.215625 0.34375 0.3171875 0.34375 0.3171875 0.453125 0.215625 0.453125
2 0.41875 0.0265625 0.5171875 0.0265625 0.5171875 0.1375 0.41875 0.1375
2 0.390625 0.0828125 0.478125 0.0828125 0.478125 0.1765625 0.390625 0.1765625
2 0.3078125 0.04375 0.3671875 0.04375 0.3671875 0.109375 0.3078125 0.109375
2 0.296875 0.0703125 0.3890625 0.0703125 0.3890625 0.171875 0.296875 0.171875
2 0.303125 0.134375 0.3875 0.134375 0.3875 0.228125 0.303125 0.228125
2 0.303125 0.184375 0.3921875 0.184375 0.3921875 0.278125 0.303125 0.278125
2 0.4328125 0 0.5296875 0 0.5296875 0.0734375 0.4328125 0.0734375
2 0.3703125 0.0125 0.4453125 0.0125 0.4453125 0.0953125 0.3703125 0.0953125
2 0.39375 0.1734375 0.4546875 0.1734375 0.4546875 0.240625 0.39375 0.240625
2 0.225 0.115625 0.278125 0.115625 0.278125 0.178125 0.225 0.178125