2 0.3828125 0.0421875 0.528125 0.0421875 0.528125 0.253125 0.3828125 0.253125
2 0.4671875 0.09375 0.6296875 0.09375 0.6296875 0.30625 0.4671875 0.30625
2 0.609375 0.0796875 0.778125 0.0796875 0.778125 0.2859375 0.609375 0.2859375
2 0.578125 0.1890625 0.7546875 0.1890625 0.7546875 0.4484375 0.578125 0.4484375
2 0.534375 0.271875 0.690625 0.271875 0.690625 0.5140625 0.534375 0.5140625
2 0.3453125 0.14375 0.509375 0.14375 0.509375 0.4015625 0.3453125 0.4015625
2 0.390625 0.3375 0.540625 0.3375 0.540625 0.5859375 0.390625 0.5859375
2 0.565625 0.421875 0.78125 0.421875 0.78125 0.684375 0.565625 0.684375
2 0.55625 0.509375 0.7375 0.509375 0.7375 0.8 0.55625 0.8
2 0.48125 0.6640625 0.65625 0.6640625 0.65625 0.8640625 0.48125 0.8640625
2 0.4234375 0.6390625 0.553125 0.6390625 0.553125 0.8640625 0.4234375 0.8640625
2 0.340625 0.4875 0.5453125 0.4875 0.5453125 0.73125 0.340625 0.73125
2 0.2546875 0.428125 0.4 0.428125 0.4 0.6015625 0.2546875 0.6015625
2 0.20625 0.5484375 0.371875 0.5484375 0.371875 0.775 0.20625 0.775
2 0.3125 0.6171875 0.465625 0.6171875 0.465625 0.8375 0.3125 0.8375