2 0.0234375 0.3578125 0.1421875 0.3578125 0.1421875 0.521875 0.0234375 0.521875
2 0.05 0.2453125 0.171875 0.2453125 0.171875 0.409375 0.05 0.409375
2 0.0328125 0.15 0.1578125 0.15 0.1578125 0.315625 0.0328125 0.315625
2 0.1234375 0.065625 0.2671875 0.065625 0.2671875 0.234375 0.1234375 0.234375
2 0.440625 0 0.6015625 0 0.6015625 0.0390625 0.440625 0.0390625
2 0.5625 0 0.7671875 0 0.7671875 0.1859375 0.5625 0.1859375
2 0.6875 0.0890625 0.834375 0.0890625 0.834375 0.278125 0.6875 0.278125
2 0.45625 0.1265625 0.6796875 0.1265625 0.6796875 0.4015625 0.45625 0.4015625
2 0.6546875 0.334375 0.8 0.334375 0.8 0.53125 0.6546875 0.53125
2 0.2765625 0.3078125 0.3953125 0.3078125 0.3953125 0.4796875 0.2765625 0.4796875
2 0.1875 0.28125 0.3484375 0.28125 0.3484375 0.4890625 0.1875 0.4890625
2 0.2828125 0.4609375 0.4171875 0.4609375 0.4171875 0.63125 0.2828125 0.63125
2 0.2921875 0.59375 0.4453125 0.59375 0.4453125 0.790625 0.2921875 0.790625
2 0.1234375 0.5359375 0.2890625 0.5359375 0.2890625 0.7390625 0.1234375 0.7390625
2 0.1140625 0.7078125 0.2421875 0.7078125 0.2421875 0.875 0.1140625 0.875
2 0.0390625 0.6890625 0.1515625 0.6890625 0.1515625 0.8359375 0.0390625 0.8359375
2 0 0.590625 0.0703125 0.590625 0.0703125 0.715625 0 0.715625
2 0 0.45625 0.0890625 0.45625 0.0890625 0.603125 0 0.603125
2 0.009375 0.675 0.1 0.675 0.1 0.8046875 0.009375 0.8046875