2 0.1484375 0.2140625 0.2 0.2140625 0.2 0.35625 0.1484375 0.35625
2 0.2140625 0.1296875 0.271875 0.1296875 0.271875 0.2640625 0.2140625 0.2640625
2 0.2375 0.0328125 0.2984375 0.0328125 0.2984375 0.1671875 0.2375 0.1671875
2 0.340625 0.0203125 0.428125 0.0203125 0.428125 0.14375 0.340625 0.14375
2 0.6875 0.0171875 0.7921875 0.0171875 0.7921875 0.153125 0.6875 0.153125
2 0.7640625 0.159375 0.865625 0.159375 0.865625 0.3765625 0.7640625 0.3765625
2 0.8046875 0.3703125 0.878125 0.3703125 0.878125 0.5234375 0.8046875 0.5234375
2 0.5859375 0.303125 0.7109375 0.303125 0.7109375 0.5140625 0.5859375 0.5140625
2 0.6796875 0.5765625 0.746875 0.5765625 0.746875 0.740625 0.6796875 0.740625
2 0.3828125 0.315625 0.4265625 0.315625 0.4265625 0.46875 0.3828125 0.46875
2 0.3078125 0.2609375 0.3921875 0.2609375 0.3921875 0.4265625 0.3078125 0.4265625
2 0.31875 0.4734375 0.390625 0.4734375 0.390625 0.609375 0.31875 0.609375
2 0.271875 0.609375 0.35 0.609375 0.35 0.7671875 0.271875 0.7671875
2 0.15 0.465625 0.2453125 0.465625 0.2453125 0.61875 0.15 0.61875
2 0.0796875 0.6 0.14375 0.6 0.14375 0.7359375 0.0796875 0.7359375
2 0.0265625 0.5328125 0.084375 0.5328125 0.084375 0.65 0.0265625 0.65
2 0 0.4 0.0671875 0.4 0.0671875 0.4875 0 0.4875
2 0.0671875 0.2796875 0.125 0.2796875 0.125 0.396875 0.0671875 0.396875
2 0.0125 0.490625 0.05 0.490625 0.05 0.603125 0.0125 0.603125