2 0.1125 0.228125 0.1796875 0.228125 0.1796875 0.378125 0.1125 0.378125
2 0.1734375 0.1328125 0.246875 0.1328125 0.246875 0.2765625 0.1734375 0.2765625
2 0.190625 0.0328125 0.2671875 0.0328125 0.2671875 0.178125 0.190625 0.178125
2 0.2921875 0 0.3953125 0 0.3953125 0.1390625 0.2921875 0.1390625
2 0.640625 0 0.7609375 0 0.7609375 0.0921875 0.640625 0.0921875
2 0.7203125 0.06875 0.8484375 0.06875 0.8484375 0.303125 0.7203125 0.303125
2 0.7734375 0.2765625 0.8671875 0.2765625 0.8671875 0.4421875 0.7734375 0.4421875
2 0.55 0.2359375 0.7015625 0.2359375 0.7015625 0.4671875 0.55 0.4671875
2 0.659375 0.5015625 0.746875 0.5015625 0.746875 0.6765625 0.659375 0.6765625
2 0.35 0.2921875 0.4109375 0.2921875 0.4109375 0.453125 0.35 0.453125
2 0.271875 0.24375 0.3765625 0.24375 0.3765625 0.4234375 0.271875 0.4234375
2 0.2953125 0.45625 0.3828125 0.45625 0.3828125 0.6015625 0.2953125 0.6015625
2 0.2546875 0.5953125 0.3515625 0.5953125 0.3515625 0.765625 0.2546875 0.765625
2 0.1265625 0.4703125 0.2390625 0.4703125 0.2390625 0.6375 0.1265625 0.6375
2 0.0640625 0.61875 0.14375 0.61875 0.14375 0.7640625 0.0640625 0.7640625
2 0.0078125 0.5625 0.078125 0.5625 0.078125 0.6890625 0.0078125 0.6890625
2 0 0.4328125 0.0515625 0.4328125 0.0515625 0.53125 0 0.53125
2 0.034375 0.3046875 0.10625 0.3046875 0.10625 0.43125 0.034375 0.43125
2 0 0.5265625 0.0421875 0.5265625 0.0421875 0.64375 0 0.64375