2 0.2578125 0.4625 0.4359375 0.4625 0.4359375 0.6984375 0.2578125 0.6984375
2 0.4421875 0.7453125 0.5890625 0.7453125 0.5890625 0.959375 0.4421875 0.959375
2 0.675 0.6546875 0.8921875 0.6546875 0.8921875 0.90625 0.675 0.90625
2 0.6796875 0.3609375 0.8875 0.3609375 0.8875 0.5984375 0.6796875 0.5984375
2 0.8734375 0.51875 1 0.51875 1 0.7453125 0.8734375 0.7453125
2 0.715625 0.190625 0.878125 0.190625 0.878125 0.3703125 0.715625 0.3703125
2 0.5 0.11875 0.6609375 0.11875 0.6609375 0.30625 0.5 0.30625
2 0.24375 0.128125 0.35625 0.128125 0.35625 0.2515625 0.24375 0.2515625
2 0.15625 0.0140625 0.3390625 0.0140625 0.3390625 0.2203125 0.15625 0.2203125
2 0.05625 0.275 0.2328125 0.275 0.2328125 0.465625 0.05625 0.465625
2 0.03125 0.4375 0.153125 0.4375 0.153125 0.634375 0.03125 0.634375
2 0.1625 0.5734375 0.3 0.5734375 0.3 0.7609375 0.1625 0.7609375
2 0.2765625 0.7109375 0.4296875 0.7109375 0.4296875 0.8828125 0.2765625 0.8828125
2 0.1 0.684375 0.33125 0.684375 0.33125 0.925 0.1 0.925
2 0.5859375 0.44375 0.696875 0.44375 0.696875 0.625 0.5859375 0.625