2 0.253125 0.4796875 0.3859375 0.4796875 0.3859375 0.6828125 0.253125 0.6828125
2 0.4546875 0.71875 0.5609375 0.71875 0.5609375 0.90625 0.4546875 0.90625
2 0.678125 0.56875 0.85 0.56875 0.85 0.7765625 0.678125 0.7765625
2 0.65625 0.271875 0.8203125 0.271875 0.8203125 0.46875 0.65625 0.46875
2 0.859375 0.3828125 0.9921875 0.3828125 0.9921875 0.5765625 0.859375 0.5765625
2 0.66875 0.09375 0.796875 0.09375 0.796875 0.240625 0.66875 0.240625
2 0.453125 0.0734375 0.578125 0.0734375 0.578125 0.23125 0.453125 0.23125
2 0.19375 0.15 0.2828125 0.15 0.2828125 0.2515625 0.19375 0.2515625
2 0.109375 0.0390625 0.25 0.0390625 0.25 0.2265625 0.109375 0.2265625
2 0.03125 0.3421875 0.171875 0.3421875 0.171875 0.5 0.03125 0.5
2 0.009375 0.515625 0.1078125 0.515625 0.1078125 0.6875 0.009375 0.6875
2 0.1625 0.6171875 0.2640625 0.6171875 0.2640625 0.7796875 0.1625 0.7796875
2 0.2828125 0.7265625 0.4046875 0.7265625 0.4046875 0.86875 0.2828125 0.86875
2 0.115625 0.74375 0.303125 0.74375 0.303125 0.9359375 0.115625 0.9359375
2 0.565625 0.38125 0.640625 0.38125 0.640625 0.54375 0.565625 0.54375