2 0.2265625 0.3734375 0.4625 0.3734375 0.4625 0.628125 0.2265625 0.628125
2 0.321875 0.684375 0.525 0.684375 0.525 0.9109375 0.321875 0.9109375
2 0.578125 0.6765625 0.853125 0.6765625 0.853125 0.95625 0.578125 0.95625
2 0.684375 0.4140625 0.9453125 0.4140625 0.9453125 0.68125 0.684375 0.68125
2 0.828125 0.6171875 1 0.6171875 1 0.8625 0.828125 0.8625
2 0.7921875 0.271875 0.99375 0.271875 0.99375 0.4734375 0.7921875 0.4734375
2 0.5984375 0.1375 0.8015625 0.1375 0.8015625 0.346875 0.5984375 0.346875
2 0.35625 0.065625 0.4953125 0.065625 0.4953125 0.20625 0.35625 0.20625
2 0.290625 0.0171875 0.5171875 0.0171875 0.5171875 0.16875 0.290625 0.16875
2 0.103125 0.1390625 0.31875 0.1390625 0.31875 0.3578125 0.103125 0.3578125
2 0.0234375 0.275 0.190625 0.275 0.190625 0.4828125 0.0234375 0.4828125
2 0.1078125 0.4421875 0.290625 0.4421875 0.290625 0.6421875 0.1078125 0.6421875
2 0.184375 0.6 0.375 0.6 0.375 0.7921875 0.184375 0.7921875
2 0.0453125 0.5265625 0.278125 0.5265625 0.278125 0.7984375 0.0453125 0.7984375
2 0.5734375 0.459375 0.7328125 0.459375 0.7328125 0.6453125 0.5734375 0.6453125