2 0.4359375 0.575 0.778125 0.575 0.778125 0.94375 0.4359375 0.94375
2 0.1203125 0.2125 0.38125 0.2125 0.38125 0.49375 0.1203125 0.49375
2 0.2078125 0.08125 0.4765625 0.08125 0.4765625 0.371875 0.2078125 0.371875
2 0.4859375 0.35 0.6203125 0.35 0.6203125 0.4953125 0.4859375 0.4953125
2 0.55625 0.1359375 0.6890625 0.1359375 0.6890625 0.2796875 0.55625 0.2796875
2 0.51875 0.21875 0.65 0.21875 0.65 0.3625 0.51875 0.3625
2 0.384375 0.1046875 0.5578125 0.1046875 0.5578125 0.290625 0.384375 0.290625
2 0.421875 0.175 0.60625 0.175 0.60625 0.3734375 0.421875 0.3734375
2 0.61875 0.23125 0.7875 0.23125 0.7875 0.415625 0.61875 0.415625
2 0.753125 0.571875 0.8703125 0.571875 0.8703125 0.6984375 0.753125 0.6984375
2 0.7171875 0.603125 0.8359375 0.603125 0.8359375 0.7328125 0.7171875 0.7328125
2 0.4828125 0.446875 0.5953125 0.446875 0.5953125 0.56875 0.4828125 0.56875