2 0.5703125 0.46875 0.81875 0.46875 0.81875 0.6859375 0.5703125 0.6859375
2 0.0921875 0.4828125 0.2921875 0.4828125 0.2921875 0.6390625 0.0921875 0.6390625
2 0.059375 0.315625 0.265625 0.315625 0.265625 0.475 0.059375 0.475
2 0.38125 0.3296875 0.478125 0.3296875 0.478125 0.415625 0.38125 0.415625
2 0.2734375 0.1203125 0.378125 0.1203125 0.378125 0.196875 0.2734375 0.196875
2 0.3109375 0.2078125 0.40625 0.2078125 0.40625 0.29375 0.3109375 0.29375
2 0.165625 0.2109375 0.28125 0.2109375 0.28125 0.3328125 0.165625 0.3328125
2 0.253125 0.21875 0.353125 0.21875 0.353125 0.3703125 0.253125 0.3703125
2 0.384375 0.1359375 0.528125 0.1359375 0.528125 0.225 0.384375 0.225
2 0.6890625 0.290625 0.7859375 0.290625 0.7859375 0.35625 0.6890625 0.35625
2 0.690625 0.340625 0.784375 0.340625 0.784375 0.409375 0.690625 0.409375
2 0.4390625 0.4078125 0.5171875 0.4078125 0.5171875 0.484375 0.4390625 0.484375