2 0.56875 0.2078125 0.91875 0.2078125 0.91875 0.559375 0.56875 0.559375
2 0.1890625 0.546875 0.4609375 0.546875 0.4609375 0.8125 0.1890625 0.8125
2 0.065625 0.4296875 0.34375 0.4296875 0.34375 0.703125 0.065625 0.703125
2 0.340625 0.3140625 0.4765625 0.3140625 0.4765625 0.4515625 0.340625 0.4515625
2 0.1296875 0.209375 0.26875 0.209375 0.26875 0.34375 0.1296875 0.34375
2 0.2125 0.2625 0.346875 0.2625 0.346875 0.3984375 0.2125 0.3984375
2 0.0953125 0.3375 0.26875 0.3375 0.26875 0.5203125 0.0953125 0.5203125
2 0.1703125 0.2984375 0.3484375 0.2984375 0.3484375 0.4984375 0.1703125 0.4984375
2 0.2265625 0.1296875 0.4078125 0.1296875 0.4078125 0.3 0.2265625 0.3
2 0.56875 0.09375 0.69375 0.09375 0.69375 0.2140625 0.56875 0.2140625
2 0.5984375 0.134375 0.7234375 0.134375 0.7234375 0.25625 0.5984375 0.25625
2 0.4328125 0.3515625 0.5484375 0.3515625 0.5484375 0.4703125 0.4328125 0.4703125