2 0.6921875 0.065625 0.990625 0.065625 0.990625 0.4 0.6921875 0.4
2 0.3578125 0.3453125 0.76875 0.3453125 0.76875 0.8078125 0.3578125 0.8078125
2 0.1484375 0.496875 0.49375 0.496875 0.49375 0.8828125 0.1484375 0.8828125
2 0.0296875 0.39375 0.303125 0.39375 0.303125 0.7 0.0296875 0.7
2 0.015625 0.28125 0.2015625 0.28125 0.2015625 0.51875 0.015625 0.51875
2 0.10625 0.2046875 0.3296875 0.2046875 0.3296875 0.4546875 0.10625 0.4546875
2 0.16875 0.0328125 0.44375 0.0328125 0.44375 0.340625 0.16875 0.340625
2 0.40625 0 0.671875 0 0.671875 0.1421875 0.40625 0.1421875
2 0.275 0 0.4328125 0 0.4328125 0.0578125 0.275 0.0578125
2 0.384375 0.0953125 0.6265625 0.0953125 0.6265625 0.3640625 0.384375 0.3640625
2 0.509375 0.1171875 0.796875 0.1171875 0.796875 0.4390625 0.509375 0.4390625
2 0.5875 0 0.85625 0 0.85625 0.1375 0.5875 0.1375
2 0.4890625 0 0.6953125 0 0.6953125 0.0171875 0.4890625 0.0171875