2 0.678125 0.48125 0.953125 0.48125 0.953125 0.803125 0.678125 0.803125
2 0.24375 0.5375 0.625 0.5375 0.625 0.9828125 0.24375 0.9828125
2 0.1515625 0.9796875 0.390625 0.9796875 0.390625 1 0.1515625 1
2 0.0171875 0.51875 0.34375 0.51875 0.34375 0.884375 0.0171875 0.884375
2 0 0.33125 0.23125 0.33125 0.23125 0.6296875 0 0.6296875
2 0 0.196875 0.2078125 0.196875 0.2078125 0.4234375 0 0.4234375
2 0.1296875 0.2109375 0.3484375 0.2109375 0.3484375 0.44375 0.1296875 0.44375
2 0.246875 0.1109375 0.5 0.1109375 0.5 0.409375 0.246875 0.409375
2 0.528125 0.1015625 0.778125 0.1015625 0.778125 0.384375 0.528125 0.384375
2 0.421875 0.0796875 0.5796875 0.0796875 0.5796875 0.1828125 0.421875 0.1828125
2 0.4125 0.2984375 0.64375 0.2984375 0.64375 0.55 0.4125 0.55
2 0.5046875 0.4046875 0.7671875 0.4046875 0.7671875 0.715625 0.5046875 0.715625
2 0.696875 0.1984375 0.9328125 0.1984375 0.9328125 0.50625 0.696875 0.50625
2 0.6375 0.121875 0.8328125 0.121875 0.8328125 0.3078125 0.6375 0.3078125