2 0.7265625 0.521875 0.9109375 0.521875 0.9109375 0.7375 0.7265625 0.7375
2 0.275 0.4953125 0.5328125 0.4953125 0.5328125 0.7921875 0.275 0.7921875
2 0.015625 0.853125 0.2125 0.853125 0.2125 0.990625 0.015625 0.990625
2 0.0625 0.4109375 0.29375 0.4109375 0.29375 0.64375 0.0625 0.64375
2 0.1015625 0.2046875 0.2703125 0.2046875 0.2703125 0.4046875 0.1015625 0.4046875
2 0.1671875 0.0796875 0.3234375 0.0796875 0.3234375 0.215625 0.1671875 0.215625
2 0.290625 0.1265625 0.453125 0.1265625 0.453125 0.265625 0.290625 0.265625
2 0.44375 0.0671875 0.6125 0.0671875 0.6125 0.26875 0.44375 0.26875
2 0.7203125 0.128125 0.89375 0.128125 0.89375 0.3140625 0.7203125 0.3140625
2 0.6453125 0.015625 0.775 0.015625 0.775 0.096875 0.6453125 0.096875
2 0.53125 0.2828125 0.7046875 0.2828125 0.7046875 0.4328125 0.53125 0.4328125
2 0.5859375 0.4046875 0.7609375 0.4046875 0.7609375 0.615625 0.5859375 0.615625
2 0.8546875 0.2484375 0.9921875 0.2484375 0.9921875 0.478125 0.8546875 0.478125
2 0.8390625 0.121875 0.971875 0.121875 0.971875 0.2734375 0.8390625 0.2734375