0 0.639744 104.32 767.360256 342.4
0 1.280256 361.6 52.479744000000004 385.92
0 10.880256000000001 364.8 26.880000000000003 391.04
0 31.359744 211.2 64.64025600000001 239.36
0 63.36 80.0 119.679744 114.56
0 64.64025600000001 190.08 88.959744 211.2
0 87.039744 168.96 101.12025600000001 193.92
0 110.72025599999999 323.2 145.92000000000002 356.48
0 122.240256 204.16 155.52 232.32
0 138.879744 441.6 165.12 474.88
0 153.60000000000002 190.08 183.68025599999999 214.4
0 172.160256 368.64 220.79999999999998 410.24
0 177.279744 593.92 201.60000000000002 636.16
0 179.84025599999998 246.4 220.160256 273.92
0 195.84 370.56 232.32 394.88
0 216.95999999999998 206.08 262.400256 237.44
0 242.55974399999997 424.96 473.60025599999994 555.52
0 277.760256 302.08 302.079744 325.12
0 295.68 200.32 325.119744 233.6
0 303.36 252.8 341.76 279.04
0 451.20000000000005 167.68 767.360256 277.76
0 516.48 324.48 546.560256 342.4
0 522.8797440000001 319.36 566.4000000000001 347.52
0 632.960256 312.32 668.16 340.48
0 695.04 356.48 731.52 380.8
0 701.439744 179.84 759.039744 209.28
0 702.080256 165.76 738.560256 218.24
