1 0.5515625 0.384375 0.7984375 0.384375 0.7984375 0.6484375 0.5515625 0.6484375
1 0.328125 0.1734375 0.534375 0.1734375 0.534375 0.384375 0.328125 0.384375
1 0.2875 0.090625 0.4828125 0.090625 0.4828125 0.2875 0.2875 0.2875
1 0.4296875 0.1234375 0.5828125 0.1234375 0.5828125 0.271875 0.4296875 0.271875
1 0.4765625 0.1078125 0.6296875 0.1078125 0.6296875 0.271875 0.4765625 0.271875
1 0.803125 0.48125 0.9984375 0.48125 0.9984375 0.703125 0.803125 0.703125
1 0.7875 0.35625 0.99375 0.35625 0.99375 0.571875 0.7875 0.571875
1 0.58125 0.284375 0.765625 0.284375 0.765625 0.48125 0.58125 0.48125
1 0.6390625 0.203125 0.8125 0.203125 0.8125 0.378125 0.6390625 0.378125
1 0.66875 0.578125 0.815625 0.578125 0.815625 0.7328125 0.66875 0.7328125
1 0.5046875 0.434375 0.6296875 0.434375 0.6296875 0.553125 0.5046875 0.553125