1 0.503125 0.2734375 0.68125 0.2734375 0.68125 0.4375 0.503125 0.4375
1 0.2234375 0.2171875 0.3734375 0.2171875 0.3734375 0.3359375 0.2234375 0.3359375
1 0.153125 0.165625 0.3 0.165625 0.3 0.2734375 0.153125 0.2734375
1 0.271875 0.11875 0.3890625 0.11875 0.3890625 0.19375 0.271875 0.19375
1 0.315625 0.071875 0.41875 0.071875 0.41875 0.1703125 0.315625 0.1703125
1 0.7390625 0.2109375 0.88125 0.2109375 0.88125 0.375 0.7390625 0.375
1 0.6796875 0.1140625 0.8265625 0.1140625 0.8265625 0.2421875 0.6796875 0.2421875
1 0.478125 0.1734375 0.6015625 0.1734375 0.6015625 0.2890625 0.478125 0.2890625
1 0.48125 0.0625 0.615625 0.0625 0.615625 0.1640625 0.48125 0.1640625
1 0.6453125 0.3953125 0.7578125 0.3953125 0.7578125 0.496875 0.6453125 0.496875
1 0.4421875 0.3640625 0.5453125 0.3640625 0.5453125 0.43125 0.4421875 0.43125