1 0.4015625 0.2671875 0.634375 0.2671875 0.634375 0.5203125 0.4015625 0.5203125
1 0.125 0.3171875 0.3125 0.3171875 0.3125 0.5125 0.125 0.5125
1 0.0375 0.2921875 0.21875 0.2921875 0.21875 0.475 0.0375 0.475
1 0.125 0.221875 0.265625 0.221875 0.265625 0.3578125 0.125 0.3578125
1 0.14375 0.16875 0.28125 0.16875 0.28125 0.3203125 0.14375 0.3203125
1 0.5859375 0.1453125 0.7875 0.1453125 0.7875 0.3796875 0.5859375 0.3796875
1 0.490625 0.071875 0.6796875 0.071875 0.6796875 0.271875 0.490625 0.271875
1 0.3359375 0.203125 0.496875 0.203125 0.496875 0.38125 0.3359375 0.38125
1 0.290625 0.0921875 0.45625 0.0921875 0.45625 0.2625 0.290625 0.2625
1 0.5828125 0.3640625 0.728125 0.3640625 0.728125 0.5234375 0.5828125 0.5234375
1 0.3859375 0.40625 0.5078125 0.40625 0.5078125 0.5265625 0.3859375 0.5265625