1 0.503125 0.2734375 0.68125 0.2734375 0.68125 0.4375 0.503125 0.4375
1 0.221875 0.2140625 0.375 0.2140625 0.375 0.3390625 0.221875 0.3390625
1 0.1515625 0.1640625 0.3 0.1640625 0.3 0.275 0.1515625 0.275
1 0.2703125 0.1171875 0.390625 0.1171875 0.390625 0.196875 0.2703125 0.196875
1 0.3125 0.0703125 0.4203125 0.0703125 0.4203125 0.1734375 0.3125 0.1734375
1 0.746875 0.2171875 0.8734375 0.2171875 0.8734375 0.36875 0.746875 0.36875
1 0.6765625 0.1125 0.828125 0.1125 0.828125 0.24375 0.6765625 0.24375
1 0.475 0.16875 0.6046875 0.16875 0.6046875 0.29375 0.475 0.29375
1 0.4828125 0.0640625 0.6140625 0.0640625 0.6140625 0.1625 0.4828125 0.1625
1 0.6484375 0.4 0.75625 0.4 0.75625 0.49375 0.6484375 0.49375
1 0.44375 0.3671875 0.54375 0.3671875 0.54375 0.4296875 0.44375 0.4296875