1 0.3890625 0.240625 0.6296875 0.240625 0.6296875 0.471875 0.3890625 0.471875
1 0.109375 0.296875 0.3015625 0.296875 0.3015625 0.471875 0.109375 0.471875
1 0.025 0.271875 0.209375 0.271875 0.209375 0.4375 0.025 0.4375
1 0.1234375 0.2 0.2671875 0.2 0.2671875 0.3203125 0.1234375 0.3203125
1 0.146875 0.1453125 0.2875 0.1453125 0.2875 0.2828125 0.146875 0.2828125
1 0.590625 0.1140625 0.796875 0.1140625 0.796875 0.328125 0.590625 0.328125
1 0.503125 0.0421875 0.696875 0.0421875 0.696875 0.225 0.503125 0.225
1 0.334375 0.175 0.5015625 0.175 0.5015625 0.3375 0.334375 0.3375
1 0.3015625 0.0671875 0.471875 0.0671875 0.471875 0.2203125 0.3015625 0.2203125
1 0.5671875 0.33125 0.71875 0.33125 0.71875 0.475 0.5671875 0.475
1 0.365625 0.3765625 0.49375 0.3765625 0.49375 0.4828125 0.365625 0.4828125