1 0.509375 0.3859375 0.7375 0.3859375 0.7375 0.64375 0.509375 0.64375
1 0.2796875 0.2 0.4640625 0.2 0.4640625 0.396875 0.2796875 0.396875
1 0.234375 0.121875 0.409375 0.121875 0.409375 0.3 0.234375 0.3
1 0.371875 0.1375 0.5140625 0.1375 0.5140625 0.2765625 0.371875 0.2765625
1 0.4234375 0.121875 0.5515625 0.121875 0.5515625 0.265625 0.4234375 0.265625
1 0.7640625 0.459375 0.934375 0.459375 0.934375 0.6734375 0.7640625 0.6734375
1 0.7359375 0.3265625 0.93125 0.3265625 0.93125 0.54375 0.7359375 0.54375
1 0.534375 0.2828125 0.696875 0.2828125 0.696875 0.4703125 0.534375 0.4703125
1 0.5828125 0.19375 0.7421875 0.19375 0.7421875 0.359375 0.5828125 0.359375
1 0.6296875 0.575 0.7640625 0.575 0.7640625 0.721875 0.6296875 0.721875
1 0.4578125 0.446875 0.575 0.446875 0.575 0.559375 0.4578125 0.559375