1 0.4171875 0.315625 0.64375 0.315625 0.64375 0.5546875 0.4171875 0.5546875
1 0.13125 0.28125 0.321875 0.28125 0.321875 0.4703125 0.13125 0.4703125
1 0.0546875 0.2359375 0.2359375 0.2359375 0.2359375 0.409375 0.0546875 0.409375
1 0.165625 0.1875 0.309375 0.1875 0.309375 0.3171875 0.165625 0.3171875
1 0.1984375 0.1390625 0.3359375 0.1390625 0.3359375 0.2890625 0.1984375 0.2890625
1 0.6484375 0.253125 0.821875 0.253125 0.821875 0.459375 0.6484375 0.459375
1 0.5625 0.146875 0.7546875 0.146875 0.7546875 0.3421875 0.5625 0.3421875
1 0.3734375 0.221875 0.540625 0.221875 0.540625 0.403125 0.3734375 0.403125
1 0.365625 0.115625 0.525 0.115625 0.525 0.2703125 0.365625 0.2703125
1 0.5875 0.45 0.721875 0.45 0.721875 0.5890625 0.5875 0.5890625
1 0.3828125 0.4328125 0.5 0.4328125 0.5 0.5375 0.3828125 0.5375