1 0.553125 0.3578125 0.80625 0.3578125 0.80625 0.609375 0.553125 0.609375
1 0.4171875 0.1171875 0.6140625 0.1171875 0.6140625 0.3171875 0.4171875 0.3171875
1 0.4109375 0.0328125 0.5921875 0.0328125 0.5921875 0.215625 0.4109375 0.215625
1 0.5484375 0.084375 0.69375 0.084375 0.69375 0.2296875 0.5484375 0.2296875
1 0.6 0.0859375 0.7421875 0.0859375 0.7421875 0.228125 0.6 0.228125
1 0.7828125 0.4953125 0.984375 0.4953125 0.984375 0.6984375 0.7828125 0.6984375
1 0.809375 0.3671875 1 0.3671875 1 0.58125 0.809375 0.58125
1 0.634375 0.2671875 0.815625 0.2671875 0.815625 0.45 0.634375 0.45
1 0.7265625 0.2 0.8953125 0.2 0.8953125 0.3671875 0.7265625 0.3671875
1 0.6265625 0.5515625 0.7734375 0.5515625 0.7734375 0.6984375 0.6265625 0.6984375
1 0.51875 0.38125 0.6375 0.38125 0.6375 0.5015625 0.51875 0.5015625