1 0.5015625 0.2734375 0.6828125 0.2734375 0.6828125 0.4390625 0.5015625 0.4390625
1 0.2234375 0.2171875 0.375 0.2171875 0.375 0.3375 0.2234375 0.3375
1 0.153125 0.1671875 0.3 0.1671875 0.3 0.2703125 0.153125 0.2703125
1 0.2703125 0.1171875 0.390625 0.1171875 0.390625 0.196875 0.2703125 0.196875
1 0.315625 0.075 0.4171875 0.075 0.4171875 0.16875 0.315625 0.16875
1 0.746875 0.21875 0.8734375 0.21875 0.8734375 0.3671875 0.746875 0.3671875
1 0.675 0.109375 0.83125 0.109375 0.83125 0.2484375 0.675 0.2484375
1 0.4765625 0.16875 0.603125 0.16875 0.603125 0.2921875 0.4765625 0.2921875
1 0.4828125 0.0640625 0.6140625 0.0640625 0.6140625 0.1625 0.4828125 0.1625
1 0.6484375 0.4 0.75625 0.4 0.75625 0.49375 0.6484375 0.49375
1 0.44375 0.3671875 0.54375 0.3671875 0.54375 0.4296875 0.44375 0.4296875