0 19.2 542.7202560000001 40.32 560.000256
0 31.36 611.199744 69.76 641.919744
0 48.64 571.520256 81.28 599.679744
0 96.0 524.16 145.92 558.72
0 151.68 636.800256 180.48 657.920256
0 269.44 592.640256 291.84 607.359744
0 300.8 613.760256 330.24 647.04
0 318.08 584.960256 343.04 612.48
0 359.04 647.04 391.04 687.999744
0 412.16 691.839744 432.0 711.680256
0 446.72 557.439744 500.48 586.239744
0 470.4 650.88 544.64 691.839744
0 537.6 611.199744 570.88 632.319744
0 538.88 501.75974400000007 589.44 538.880256
0 556.16 595.839744 595.84 623.360256
0 597.12 334.719744 833.92 471.03974400000004
0 604.16 556.160256 631.68 576.0
0 608.0 619.520256 632.96 641.919744
0 717.44 649.599744 734.72 673.280256
0 755.84 638.079744 773.12 659.199744
0 837.76 607.359744 864.64 624.639744
0 876.16 557.439744 890.88 568.959744
0 905.6 561.2797439999999 922.88 571.520256
0 905.6 682.880256 926.72 697.599744
0 910.72 669.440256 933.12 686.7202560000001
0 963.84 655.359744 976.64 676.479744
