1 0.140625 0.1765625 0.4609375 0.1765625 0.4609375 0.53125 0.140625 0.53125
1 0 0.2234375 0.1984375 0.2234375 0.1984375 0.5296875 0 0.5296875
1 0 0.5078125 0.284375 0.5078125 0.284375 0.8703125 0 0.8703125
1 0.1984375 0.66875 0.4015625 0.66875 0.4015625 0.890625 0.1984375 0.890625
1 0.3890625 0.653125 0.6640625 0.653125 0.6640625 0.9453125 0.3890625 0.9453125
1 0.3203125 0.3328125 0.65625 0.3328125 0.65625 0.703125 0.3203125 0.703125
1 0.5546875 0.35 0.8828125 0.35 0.8828125 0.7140625 0.5546875 0.7140625
1 0.7109375 0.2046875 0.9890625 0.2046875 0.9890625 0.5265625 0.7109375 0.5265625
1 0.759375 0.0453125 0.99375 0.0453125 0.99375 0.3640625 0.759375 0.3640625
1 0.4484375 0 0.7296875 0 0.7296875 0.30625 0.4484375 0.30625
1 0.3734375 0 0.6375 0 0.6375 0.1265625 0.3734375 0.1265625
1 0.3484375 0.121875 0.5390625 0.121875 0.5390625 0.334375 0.3484375 0.334375