1 0.1921875 0.415625 0.3828125 0.415625 0.3828125 0.6328125 0.1921875 0.6328125
1 0.0015625 0.559375 0.1765625 0.559375 0.1765625 0.76875 0.0015625 0.76875
1 0.23125 0.765625 0.4390625 0.765625 0.4390625 0.9890625 0.23125 0.9890625
1 0.478125 0.784375 0.6234375 0.784375 0.6234375 0.9375 0.478125 0.9375
1 0.6875 0.671875 0.853125 0.671875 0.853125 0.8765625 0.6875 0.8765625
1 0.4453125 0.4453125 0.6671875 0.4453125 0.6671875 0.68125 0.4453125 0.68125
1 0.665625 0.3375 0.875 0.3375 0.875 0.5875 0.665625 0.5875
1 0.6921875 0.1484375 0.884375 0.1484375 0.884375 0.375 0.6921875 0.375
1 0.6390625 0.003125 0.825 0.003125 0.825 0.2078125 0.6390625 0.2078125
1 0.3203125 0.1140625 0.515625 0.1140625 0.515625 0.3328125 0.3203125 0.3328125
1 0.1546875 0.034375 0.325 0.034375 0.325 0.21875 0.1546875 0.21875
1 0.2703125 0.2796875 0.4046875 0.2796875 0.4046875 0.4296875 0.2703125 0.4296875