1 0.15 0.378125 0.3765625 0.378125 0.3765625 0.6296875 0.15 0.6296875
1 0 0.534375 0.153125 0.534375 0.153125 0.7640625 0 0.7640625
1 0.1703125 0.728125 0.40625 0.728125 0.40625 0.9828125 0.1703125 0.9828125
1 0.43125 0.753125 0.578125 0.753125 0.578125 0.9078125 0.43125 0.9078125
1 0.634375 0.621875 0.8234375 0.621875 0.8234375 0.846875 0.634375 0.846875
1 0.409375 0.403125 0.65 0.403125 0.65 0.659375 0.409375 0.659375
1 0.6359375 0.2890625 0.8609375 0.2890625 0.8609375 0.5546875 0.6359375 0.5546875
1 0.6796875 0.1015625 0.878125 0.1015625 0.878125 0.3390625 0.6796875 0.3390625
1 0.6265625 0 0.840625 0 0.840625 0.1828125 0.6265625 0.1828125
1 0.3140625 0.084375 0.5109375 0.084375 0.5109375 0.3078125 0.3140625 0.3078125
1 0.14375 0.0046875 0.334375 0.0046875 0.334375 0.2109375 0.14375 0.2109375
1 0.25625 0.25625 0.390625 0.25625 0.390625 0.4078125 0.25625 0.4078125