1 0.1609375 0.196875 0.434375 0.196875 0.434375 0.528125 0.1609375 0.528125
1 0 0.275 0.1859375 0.275 0.1859375 0.578125 0 0.578125
1 0.0171875 0.54375 0.3109375 0.54375 0.3109375 0.8921875 0.0171875 0.8921875
1 0.2578125 0.653125 0.4625 0.653125 0.4625 0.89375 0.2578125 0.89375
1 0.4703125 0.6078125 0.715625 0.6078125 0.715625 0.9125 0.4703125 0.9125
1 0.35625 0.303125 0.6671875 0.303125 0.6671875 0.671875 0.35625 0.671875
1 0.5921875 0.271875 0.9015625 0.271875 0.9015625 0.646875 0.5921875 0.646875
1 0.721875 0.103125 0.996875 0.103125 0.996875 0.44375 0.721875 0.44375
1 0.759375 0 0.9984375 0 0.9984375 0.2609375 0.759375 0.2609375
1 0.4203125 0 0.7 0 0.7 0.2828125 0.4203125 0.2828125
1 0.33125 0 0.571875 0 0.571875 0.1078125 0.33125 0.1078125
1 0.328125 0.1 0.521875 0.1 0.521875 0.33125 0.328125 0.33125