1 0.1828125 0.29375 0.4671875 0.29375 0.4671875 0.5921875 0.1828125 0.5921875
1 0.01875 0.3171875 0.2203125 0.3171875 0.2203125 0.596875 0.01875 0.596875
1 0.06875 0.6109375 0.3734375 0.6109375 0.3734375 0.925 0.06875 0.925
1 0.31875 0.759375 0.5296875 0.759375 0.5296875 0.9765625 0.31875 0.9765625
1 0.5328125 0.7734375 0.7890625 0.7734375 0.7890625 1 0.5328125 1
1 0.3921875 0.45 0.715625 0.45 0.715625 0.784375 0.3921875 0.784375
1 0.63125 0.4765625 0.9515625 0.4765625 0.9515625 0.815625 0.63125 0.815625
1 0.74375 0.33125 1 0.33125 1 0.6390625 0.74375 0.6390625
1 0.76875 0.1796875 1 0.1796875 1 0.4640625 0.76875 0.4640625
1 0.425 0.103125 0.715625 0.103125 0.715625 0.4078125 0.425 0.4078125
1 0.3265625 0.0234375 0.5734375 0.0234375 0.5734375 0.2078125 0.3265625 0.2078125
1 0.3421875 0.2203125 0.5421875 0.2203125 0.5421875 0.4296875 0.3421875 0.4296875