1 0.1875 0.4109375 0.3890625 0.4109375 0.3890625 0.6375 0.1875 0.6375
1 0 0.5578125 0.178125 0.5578125 0.178125 0.76875 0 0.76875
1 0.2296875 0.7640625 0.440625 0.7640625 0.440625 0.9921875 0.2296875 0.9921875
1 0.4828125 0.7875 0.61875 0.7875 0.61875 0.934375 0.4828125 0.934375
1 0.6859375 0.6703125 0.8546875 0.6703125 0.8546875 0.878125 0.6859375 0.878125
1 0.45 0.4484375 0.6625 0.4484375 0.6625 0.6765625 0.45 0.6765625
1 0.6609375 0.334375 0.878125 0.334375 0.878125 0.5890625 0.6609375 0.5890625
1 0.7 0.15625 0.875 0.15625 0.875 0.3671875 0.7 0.3671875
1 0.6328125 0 0.83125 0 0.83125 0.2140625 0.6328125 0.2140625
1 0.3203125 0.1140625 0.515625 0.1140625 0.515625 0.3328125 0.3203125 0.3328125
1 0.153125 0.0328125 0.3265625 0.0328125 0.3265625 0.2203125 0.153125 0.2203125
1 0.26875 0.278125 0.4078125 0.278125 0.4078125 0.43125 0.26875 0.43125