1 0.18125 0.40625 0.39375 0.40625 0.39375 0.6421875 0.18125 0.6421875
1 0 0.5546875 0.1796875 0.5546875 0.1796875 0.7703125 0 0.7703125
1 0.225 0.7578125 0.4453125 0.7578125 0.4453125 0.996875 0.225 0.996875
1 0.4828125 0.7890625 0.61875 0.7890625 0.61875 0.9328125 0.4828125 0.9328125
1 0.6828125 0.66875 0.8578125 0.66875 0.8578125 0.8796875 0.6828125 0.8796875
1 0.44375 0.4421875 0.66875 0.4421875 0.66875 0.6828125 0.44375 0.6828125
1 0.665625 0.3375 0.875 0.3375 0.875 0.5875 0.665625 0.5875
1 0.6953125 0.1515625 0.8796875 0.1515625 0.8796875 0.371875 0.6953125 0.371875
1 0.6328125 0 0.83125 0 0.83125 0.2140625 0.6328125 0.2140625
1 0.3265625 0.11875 0.509375 0.11875 0.509375 0.328125 0.3265625 0.328125
1 0.15 0.03125 0.328125 0.03125 0.328125 0.2234375 0.15 0.2234375
1 0.275 0.284375 0.4 0.284375 0.4 0.4265625 0.275 0.4265625