1 0.140625 0.434375 0.41875 0.434375 0.41875 0.725 0.140625 0.725
1 0.003125 0.6484375 0.253125 0.6484375 0.253125 0.915625 0.003125 0.915625
1 0.2828125 0.7421875 0.56875 0.7421875 0.56875 0.9859375 0.2828125 0.9859375
1 0.534375 0.703125 0.7203125 0.703125 0.7203125 0.8921875 0.534375 0.8921875
1 0.69375 0.5078125 0.9328125 0.5078125 0.9328125 0.765625 0.69375 0.765625
1 0.4046875 0.36875 0.6921875 0.36875 0.6921875 0.665625 0.4046875 0.665625
1 0.5734375 0.184375 0.875 0.184375 0.875 0.50625 0.5734375 0.50625
1 0.5625 0.01875 0.809375 0.01875 0.809375 0.2859375 0.5625 0.2859375
1 0.453125 0 0.7203125 0 0.7203125 0.1671875 0.453125 0.1671875
1 0.1859375 0.1109375 0.453125 0.1109375 0.453125 0.3921875 0.1859375 0.3921875
1 0.003125 0.1046875 0.2390625 0.1046875 0.2390625 0.3484375 0.003125 0.3484375
1 0.184375 0.3046875 0.375 0.3046875 0.375 0.503125 0.184375 0.503125