1 0.1609375 0.278125 0.4578125 0.278125 0.4578125 0.634375 0.1609375 0.634375
1 0 0.2609375 0.2015625 0.2609375 0.2015625 0.5734375 0 0.5734375
1 0 0.5609375 0.296875 0.5609375 0.296875 0.925 0 0.925
1 0.23125 0.7703125 0.428125 0.7703125 0.428125 1 0.23125 1
1 0.4296875 0.8296875 0.6875 0.8296875 0.6875 1 0.4296875 1
1 0.353125 0.496875 0.659375 0.496875 0.659375 0.8625 0.353125 0.8625
1 0.5765625 0.5671875 0.9015625 0.5671875 0.9015625 0.9609375 0.5765625 0.9609375
1 0.7359375 0.4703125 0.9984375 0.4703125 0.9984375 0.7953125 0.7359375 0.7953125
1 0.76875 0.3109375 0.9984375 0.3109375 0.9984375 0.64375 0.76875 0.64375
1 0.4484375 0.165625 0.734375 0.165625 0.734375 0.509375 0.4484375 0.509375
1 0.3734375 0.0703125 0.625 0.0703125 0.625 0.2875 0.3734375 0.2875
1 0.346875 0.25 0.55 0.25 0.55 0.49375 0.346875 0.49375