1 0.2859375 0.2890625 0.5578125 0.2890625 0.5578125 0.5734375 0.2859375 0.5734375
1 0.4921875 0.296875 0.7703125 0.296875 0.7703125 0.6015625 0.4921875 0.6015625
1 0.678125 0.4984375 0.953125 0.4984375 0.953125 0.8046875 0.678125 0.8046875
1 0.8734375 0.5640625 1 0.5640625 1 0.8125 0.8734375 0.8125
1 0.7265625 0.3265625 0.95625 0.3265625 0.95625 0.5765625 0.7265625 0.5765625
1 0.2828125 0.10625 0.49375 0.10625 0.49375 0.35 0.2828125 0.35
1 0.0875 0.071875 0.2734375 0.071875 0.2734375 0.3046875 0.0875 0.3046875
1 0.253125 0.0390625 0.434375 0.0390625 0.434375 0.2390625 0.253125 0.2390625
1 0.3953125 0.0609375 0.578125 0.0609375 0.578125 0.2421875 0.3953125 0.2421875
1 0.5328125 0.08125 0.746875 0.08125 0.746875 0.2640625 0.5328125 0.2640625
1 0.471875 0.13125 0.6984375 0.13125 0.6984375 0.371875 0.471875 0.371875
1 0.59375 0.1921875 0.83125 0.1921875 0.83125 0.440625 0.59375 0.440625
1 0.8328125 0.31875 1 0.31875 1 0.55625 0.8328125 0.55625
1 0.6953125 0.2265625 0.9078125 0.2265625 0.9078125 0.428125 0.6953125 0.428125