1 0.246875 0.34375 0.44375 0.34375 0.44375 0.528125 0.246875 0.528125
1 0.4390625 0.23125 0.6125 0.23125 0.6125 0.4203125 0.4390625 0.4203125
1 0.6734375 0.3 0.846875 0.3 0.846875 0.5015625 0.6734375 0.5015625
1 0.834375 0.240625 0.996875 0.240625 0.996875 0.4234375 0.834375 0.4234375
1 0.6203125 0.1171875 0.7765625 0.1171875 0.7765625 0.2796875 0.6203125 0.2796875
1 0.1671875 0.1796875 0.30625 0.1796875 0.30625 0.3578125 0.1671875 0.3578125
1 0 0.26875 0.096875 0.26875 0.096875 0.446875 0 0.446875
1 0.0984375 0.1390625 0.228125 0.1390625 0.228125 0.284375 0.0984375 0.284375
1 0.2265625 0.0671875 0.3375 0.0671875 0.3375 0.1921875 0.2265625 0.1921875
1 0.3265625 0.003125 0.5046875 0.003125 0.5046875 0.10625 0.3265625 0.10625
1 0.33125 0.0984375 0.4828125 0.0984375 0.4828125 0.240625 0.33125 0.240625
1 0.4609375 0.0796875 0.6140625 0.0796875 0.6140625 0.2234375 0.4609375 0.2234375
1 0.7046875 0.046875 0.8546875 0.046875 0.8546875 0.2 0.7046875 0.2
1 0.53125 0.0515625 0.7015625 0.0515625 0.7015625 0.1640625 0.53125 0.1640625