1 0.2828125 0.253125 0.5515625 0.253125 0.5515625 0.5453125 0.2828125 0.5453125
1 0.484375 0.30625 0.7625 0.30625 0.7625 0.6125 0.484375 0.6125
1 0.609375 0.53125 0.8859375 0.53125 0.8859375 0.8359375 0.609375 0.8359375
1 0.79375 0.628125 0.9875 0.628125 0.9875 0.88125 0.79375 0.88125
1 0.7234375 0.375 0.953125 0.375 0.953125 0.6265625 0.7234375 0.6265625
1 0.3421875 0.084375 0.5578125 0.084375 0.5578125 0.325 0.3421875 0.325
1 0.1515625 0.01875 0.3484375 0.01875 0.3484375 0.2375 0.1515625 0.2375
1 0.3421875 0.040625 0.5234375 0.040625 0.5234375 0.2125 0.3421875 0.2125
1 0.484375 0.05625 0.6671875 0.05625 0.6671875 0.2453125 0.484375 0.2453125
1 0.6234375 0.0859375 0.8265625 0.0859375 0.8265625 0.3 0.6234375 0.3
1 0.5296875 0.1421875 0.753125 0.1421875 0.753125 0.3875 0.5296875 0.3875
1 0.634375 0.2234375 0.8671875 0.2234375 0.8671875 0.4765625 0.634375 0.4765625
1 0.8359375 0.3890625 0.99375 0.3890625 0.99375 0.625 0.8359375 0.625
1 0.7375 0.271875 0.9375 0.271875 0.9375 0.484375 0.7375 0.484375