1 0.184375 0.284375 0.4390625 0.284375 0.4390625 0.5609375 0.184375 0.5609375
1 0.3375 0.096875 0.584375 0.096875 0.584375 0.3875 0.3375 0.3875
1 0.59375 0.0671875 0.81875 0.0671875 0.81875 0.3421875 0.59375 0.3421875
1 0.7421875 0 0.9515625 0 0.9515625 0.1953125 0.7421875 0.1953125
1 0.490625 0 0.7109375 0 0.7109375 0.1734375 0.490625 0.1734375
1 0.0765625 0.203125 0.2546875 0.203125 0.2546875 0.43125 0.0765625 0.43125
1 0 0.3765625 0.071875 0.3765625 0.071875 0.584375 0 0.584375
1 0 0.1953125 0.16875 0.1953125 0.16875 0.4015625 0 0.4015625
1 0.1046875 0.084375 0.2515625 0.084375 0.2515625 0.259375 0.1046875 0.259375
1 0.1859375 0 0.3953125 0 0.3953125 0.1359375 0.1859375 0.1359375
1 0.20625 0.0375 0.4125 0.0375 0.4125 0.265625 0.20625 0.265625
1 0.3328125 0 0.5328125 0 0.5328125 0.1859375 0.3328125 0.1859375
1 0.565625 0 0.75625 0 0.75625 0.0515625 0.565625 0.0515625
1 0.4 0 0.5984375 0 0.5984375 0.09375 0.4 0.09375