1 0.25 0.346875 0.4421875 0.346875 0.4421875 0.525 0.25 0.525
1 0.4328125 0.225 0.6171875 0.225 0.6171875 0.4265625 0.4328125 0.4265625
1 0.6703125 0.296875 0.8484375 0.296875 0.8484375 0.503125 0.6703125 0.503125
1 0.8421875 0.246875 0.9984375 0.246875 0.9984375 0.4171875 0.8421875 0.4171875
1 0.6203125 0.1171875 0.7765625 0.1171875 0.7765625 0.2796875 0.6203125 0.2796875
1 0.171875 0.18125 0.3015625 0.18125 0.3015625 0.3546875 0.171875 0.3546875
1 0 0.2671875 0.096875 0.2671875 0.096875 0.45 0 0.45
1 0.103125 0.14375 0.221875 0.14375 0.221875 0.2796875 0.103125 0.2796875
1 0.2203125 0.0640625 0.3421875 0.0640625 0.3421875 0.1953125 0.2203125 0.1953125
1 0.3265625 0.003125 0.503125 0.003125 0.503125 0.1046875 0.3265625 0.1046875
1 0.3265625 0.09375 0.4859375 0.09375 0.4859375 0.2453125 0.3265625 0.2453125
1 0.4546875 0.0734375 0.6203125 0.0734375 0.6203125 0.2296875 0.4546875 0.2296875
1 0.7046875 0.0453125 0.85625 0.0453125 0.85625 0.2015625 0.7046875 0.2015625
1 0.53125 0.0546875 0.7 0.0546875 0.7 0.1609375 0.53125 0.1609375