1 0.253125 0.140625 0.521875 0.140625 0.521875 0.4484375 0.253125 0.4484375
1 0.4734375 0.096875 0.7234375 0.096875 0.7234375 0.39375 0.4734375 0.39375
1 0.634375 0.2390625 0.890625 0.2390625 0.890625 0.546875 0.634375 0.546875
1 0.8140625 0.2453125 0.990625 0.2453125 0.990625 0.5171875 0.8140625 0.5171875
1 0.7015625 0.0484375 0.921875 0.0484375 0.921875 0.3078125 0.7015625 0.3078125
1 0.2703125 0 0.484375 0 0.484375 0.228125 0.2703125 0.228125
1 0.0828125 0.00625 0.2578125 0.00625 0.2578125 0.2421875 0.0828125 0.2421875
1 0.2484375 0 0.4359375 0 0.4359375 0.1296875 0.2484375 0.1296875
1 0.40625 0 0.5671875 0 0.5671875 0.075 0.40625 0.075
1 0.534375 0 0.74375 0 0.74375 0.0546875 0.534375 0.0546875
1 0.471875 0 0.678125 0 0.678125 0.175 0.471875 0.175
1 0.5921875 0 0.8015625 0 0.8015625 0.2015625 0.5921875 0.2015625
1 0.815625 0.0140625 0.9953125 0.0140625 0.9953125 0.2546875 0.815625 0.2546875
1 0.6828125 0 0.890625 0 0.890625 0.1734375 0.6828125 0.1734375