1 0.2453125 0.3421875 0.4453125 0.3421875 0.4453125 0.5296875 0.2453125 0.5296875
1 0.43125 0.2234375 0.61875 0.2234375 0.61875 0.428125 0.43125 0.428125
1 0.6765625 0.3 0.8421875 0.3 0.8421875 0.5 0.6765625 0.5
1 0.840625 0.2453125 0.9984375 0.2453125 0.9984375 0.41875 0.840625 0.41875
1 0.6140625 0.1125 0.7828125 0.1125 0.7828125 0.2859375 0.6140625 0.2859375
1 0.171875 0.1828125 0.3 0.1828125 0.3 0.353125 0.171875 0.353125
1 0.003125 0.2703125 0.090625 0.2703125 0.090625 0.4453125 0.003125 0.4453125
1 0.0984375 0.1390625 0.228125 0.1390625 0.228125 0.2859375 0.0984375 0.2859375
1 0.2265625 0.0671875 0.3375 0.0671875 0.3375 0.1921875 0.2265625 0.1921875
1 0.325 0.0015625 0.5046875 0.0015625 0.5046875 0.10625 0.325 0.10625
1 0.3265625 0.0921875 0.4875 0.0921875 0.4875 0.246875 0.3265625 0.246875
1 0.459375 0.078125 0.615625 0.078125 0.615625 0.225 0.459375 0.225
1 0.70625 0.0484375 0.853125 0.0484375 0.853125 0.2 0.70625 0.2
1 0.53125 0.0546875 0.7 0.0546875 0.7 0.1625 0.53125 0.1625