1 0.2296875 0.2296875 0.4921875 0.2296875 0.4921875 0.490625 0.2296875 0.490625
1 0.440625 0.1671875 0.696875 0.1671875 0.696875 0.440625 0.440625 0.440625
1 0.640625 0.3109375 0.875 0.3109375 0.875 0.5703125 0.640625 0.5703125
1 0.8234375 0.30625 0.984375 0.30625 0.984375 0.534375 0.8234375 0.534375
1 0.665625 0.1109375 0.890625 0.1109375 0.890625 0.346875 0.665625 0.346875
1 0.2296875 0.0609375 0.4171875 0.0609375 0.4171875 0.2765625 0.2296875 0.2765625
1 0.0390625 0.1 0.1890625 0.1 0.1890625 0.30625 0.0390625 0.30625
1 0.1875 0 0.365625 0 0.365625 0.1921875 0.1875 0.1921875
1 0.340625 0 0.4953125 0 0.4953125 0.1296875 0.340625 0.1296875
1 0.4640625 0 0.675 0 0.675 0.0984375 0.4640625 0.0984375
1 0.4125 0.0125 0.625 0.0125 0.625 0.228125 0.4125 0.228125
1 0.5453125 0.0359375 0.75 0.0359375 0.75 0.2421875 0.5453125 0.2421875
1 0.7828125 0.0765625 0.98125 0.0765625 0.98125 0.2828125 0.7828125 0.2828125
1 0.634375 0.0328125 0.8375 0.0328125 0.8375 0.20625 0.634375 0.20625