1 0.2046875 0.440625 0.4734375 0.440625 0.4734375 0.75625 0.2046875 0.75625
1 0.3 0.271875 0.5515625 0.271875 0.5515625 0.575 0.3 0.575
1 0.5328125 0.24375 0.790625 0.24375 0.790625 0.55625 0.5328125 0.55625
1 0.6328125 0.1296875 0.8703125 0.1296875 0.8703125 0.41875 0.6328125 0.41875
1 0.3859375 0.103125 0.6078125 0.103125 0.6078125 0.36875 0.3859375 0.36875
1 0.0453125 0.3515625 0.2625 0.3515625 0.2625 0.61875 0.0453125 0.61875
1 0.003125 0.5328125 0.140625 0.5328125 0.140625 0.7609375 0.003125 0.7609375
1 0.0015625 0.353125 0.15625 0.353125 0.15625 0.575 0.0015625 0.575
1 0.03125 0.2390625 0.1953125 0.2390625 0.1953125 0.4359375 0.03125 0.4359375
1 0.078125 0.1015625 0.284375 0.1015625 0.284375 0.325 0.078125 0.325
1 0.1359375 0.203125 0.3421875 0.203125 0.3421875 0.4453125 0.1359375 0.4453125
1 0.2328125 0.13125 0.4421875 0.13125 0.4421875 0.378125 0.2328125 0.378125
1 0.415625 0.08125 0.6265625 0.08125 0.6265625 0.2578125 0.415625 0.2578125
1 0.275 0.06875 0.4796875 0.06875 0.4796875 0.2984375 0.275 0.2984375