0 0.0 161.28 13.4551 175.36
0 11.533138000000001 140.16 23.706246999999998 156.16
0 21.784285 612.48 171.070327 651.52
0 64.071547 142.08 92.26237200000001 161.28
0 135.830942 198.4 155.05261099999998 217.6
0 153.130649 287.36 176.19624199999998 301.44
0 178.11820400000002 252.16 199.261835 268.16
0 204.38775 210.56 225.530698 225.92
0 218.48282099999997 243.84 230.656613 261.12
0 219.764812 287.36 238.985798 301.44
0 242.83040499999998 217.6 255.00351400000002 231.68
0 260.129429 268.16 269.099268 273.28
0 267.177306 390.4 286.398975 406.4
0 291.524207 304.64 309.464568 315.52
0 316.512445 226.56 328.685554 247.68
