0 3.743744 608.5264199999999 144.146432 715.252977
0 7.488512 666.570702 35.56864 694.656723
0 73.009152 537.375651 102.961152 591.6754530000001
0 177.8432 578.568159 438.054912 681.5502359999999
0 207.7952 707.76321 247.107584 745.211238
0 235.875328 739.593711 269.572096 771.424212
0 288.292864 748.9557179999999 310.757376 769.551972
0 479.239168 730.231704 503.575552 769.551972
0 486.72768 696.528963 524.168192 726.487224
0 748.811264 659.0809350000001 775.020544 679.677189
0 773.147648 662.826222 789.996544 679.677189
0 833.052672 662.826222 866.74944 692.784483
0 891.085824 702.14649 917.29408 722.742744
0 913.550336 524.269164 949.118976 552.355185
0 952.86272 784.5315059999999 973.45536 803.25552
