0 30.72 472.32 114.560256 563.2
0 59.519999999999996 355.84 119.03999999999999 408.32
0 96.63974400000001 435.84 115.839744 455.04
0 103.68 464.0 122.88 483.2
0 103.68 584.96 416.64 776.96
0 150.399744 537.6 216.95999999999998 592.0
0 250.23974399999997 63.36 276.48 86.4
0 274.56 60.16 290.55974399999997 77.44
0 281.600256 67.2 299.52 86.4
0 302.720256 91.52 325.760256 117.76
0 327.03974400000004 409.6 418.56000000000006 513.28
0 407.679744 224.64 439.040256 264.96
0 409.599744 523.52 458.24025599999993 563.84
0 425.60025599999994 544.64 636.800256 808.96
0 432.0 597.12 484.479744 647.68
0 497.28 422.4 526.719744 434.56
0 505.599744 437.76 523.520256 455.04
0 512.64 418.56 701.439744 544.64
0 524.7997439999999 428.8 547.839744 460.8
0 570.24 315.52 589.4399999999999 332.8
