0 117.76 501.75974400000007 234.24 597.12
0 0.0 497.28 76.8 632.319744
0 5.12 0.0 78.08 26.240256000000002
0 40.96 451.20000000000005 156.16 480.0
0 94.08 0.0 157.44 34.56
0 183.68 7.68 239.36 47.360256
0 220.8 419.199744 332.16 461.43974399999996
0 250.24 13.440000000000001 317.44 55.67999999999999
0 317.44 477.440256 417.92 543.36
0 327.04 37.119744 395.52 79.35974399999999
0 344.32 388.479744 407.68 436.479744
0 400.64 49.92 467.2 97.92
0 428.8 334.719744 533.12 420.48
0 467.2 67.19999999999999 525.44 113.919744
0 485.76 439.040256 600.32 527.360256
0 525.44 84.48 580.48 135.03974399999998
0 535.68 327.680256 627.2 385.91999999999996
0 562.56 117.759744 629.76 165.12
0 604.8 144.0 659.84 177.279744
0 613.76 295.040256 681.6 357.12
0 620.16 158.720256 702.72 194.55974399999997
0 620.16 394.23974400000003 739.2 502.400256
0 629.76 194.55974399999997 741.12 314.88
0 640.0 81.920256 682.88 117.759744
0 693.12 104.31974400000001 735.36 140.16
0 726.4 122.88 773.76 166.400256
0 734.08 364.79999999999995 823.04 440.319744
0 766.08 147.84 817.28 184.959744
0 804.48 320.00025600000004 880.0 399.36
0 816.0 174.72 871.68 222.08025600000002
0 845.44 208.640256 912.64 236.79974400000003
0 856.96 234.24 947.2 296.319744
0 865.28 271.359744 939.52 337.280256
0 867.84 291.20025599999997 940.8 368.64
