0 614.4 550.400256 631.68 572.799744
0 632.96 551.680128 649.6 575.360064
0 677.12 509.439744 688.0 519.039936
0 677.76 552.96 686.72 561.920256
0 684.16 503.039808 695.68 513.9198719999999
0 690.56 524.16 703.36 538.880256
0 716.8 491.519808 729.6 499.20019199999996
0 719.36 554.239872 732.16 565.1199359999999
0 740.48 519.039936 750.72 526.719744
0 758.4 534.400128 766.72 543.999744
0 769.28 538.880256 778.24 550.400256
0 769.28 554.239872 787.84 565.1199359999999
0 783.36 522.880128 795.52 531.839808
0 804.48 517.760064 816.64 528.000192
0 814.08 503.039808 825.6 512.64
0 819.2 519.039936 825.6 528.000192
0 846.72 526.719744 858.24 534.400128
0 863.36 554.239872 875.52 566.399808
0 881.92 511.360128 940.8 526.719744
0 884.48 543.999744 894.08 550.400256
0 901.76 558.080064 915.84 568.960128
