0 0.0 401.08628600000003 85.12 455.546657
0 3.84 278.06910700000003 206.08 385.709224
0 41.6 422.22991700000006 146.56 501.037872
0 172.8 378.02069300000005 321.28 431.84041
0 193.92 502.31918 330.24 586.893021
0 208.64 289.602245 292.48 363.284285
0 327.68 289.602245 384.0 381.864617
0 347.52 568.312689 460.16 650.964568
0 393.6 343.421962 478.72 383.146608
0 442.24 235.782528 661.12 309.464568
0 461.44 310.745876 732.16 535.63592
0 502.4 634.946852 549.76 682.359346
0 578.56 523.462128 768.64 682.359346
0 750.08 278.06910700000003 928.64 365.846901
0 766.08 197.980527 907.52 240.90776
0 792.32 603.5513910000001 851.2 659.934407
0 830.08 460.672572 902.4 522.18082
0 945.92 288.320937 993.28 356.877062
