1 0 0.0421875 0.5734375 0.0421875 0.5734375 0.7484375 0 0.7484375
1 0.1609375 0 0.8328125 0 0.8328125 0.5421875 0.1609375 0.5421875
1 0.3515625 0.2234375 0.9015625 0.2234375 0.9015625 0.7765625 0.3515625 0.7765625
1 0.565625 0.29375 0.9953125 0.29375 0.9953125 0.8703125 0.565625 0.8703125
1 0.0921875 0.475 0.775 0.475 0.775 0.9953125 0.0921875 0.9953125
1 0.134375 0 0.609375 0 0.609375 0.3671875 0.134375 0.3671875
1 0.2734375 0 0.759375 0 0.759375 0.3078125 0.2734375 0.3078125
0 0.1078125 0.271875 0.3546875 0.271875 0.3546875 0.5203125 0.1078125 0.5203125
0 0.2890625 0.7515625 0.5109375 0.7515625 0.5109375 0.975 0.2890625 0.975
0 0.553125 0.4125 0.73125 0.4125 0.73125 0.5953125 0.553125 0.5953125
0 0.7546875 0.484375 0.9484375 0.484375 0.9484375 0.68125 0.7546875 0.68125
0 0.3828125 0.1125 0.6453125 0.1125 0.6453125 0.378125 0.3828125 0.378125
0 0.278125 0.0375 0.4203125 0.0375 0.4203125 0.18125 0.278125 0.18125
0 0.421875 0 0.5953125 0 0.5953125 0.1625 0.421875 0.1625