1 0.00625 0.065625 0.634375 0.065625 0.634375 0.68125 0.00625 0.68125
1 0.209375 0 0.9125 0 0.9125 0.540625 0.209375 0.540625
1 0.3828125 0.303125 0.96875 0.303125 0.96875 0.8015625 0.3828125 0.8015625
1 0.6015625 0.415625 1 0.415625 1 0.934375 0.6015625 0.934375
1 0.1125 0.5203125 0.8015625 0.5203125 0.8015625 1 0.1125 1
1 0.1828125 0 0.7015625 0 0.7015625 0.365625 0.1828125 0.365625
1 0.3328125 0 0.846875 0 0.846875 0.321875 0.3328125 0.321875
0 0.1546875 0.2625 0.4140625 0.2625 0.4140625 0.484375 0.1546875 0.484375
0 0.321875 0.7703125 0.546875 0.7703125 0.546875 0.96875 0.321875 0.96875
0 0.603125 0.4828125 0.7765625 0.4828125 0.7765625 0.634375 0.603125 0.634375
0 0.790625 0.58125 1 0.58125 1 0.771875 0.790625 0.771875
0 0.4453125 0.1703125 0.7 0.1703125 0.7 0.3828125 0.4453125 0.3828125
0 0.3421875 0.0484375 0.4859375 0.0484375 0.4859375 0.171875 0.3421875 0.171875
0 0.4890625 0.0359375 0.659375 0.0359375 0.659375 0.1796875 0.4890625 0.1796875