1 0.0625 0.065625 0.6109375 0.065625 0.6109375 0.453125 0.0625 0.453125
1 0.4125 0.075 0.9234375 0.075 0.9234375 0.4953125 0.4125 0.4953125
1 0.3640625 0.4453125 0.80625 0.4453125 0.80625 0.7703125 0.3640625 0.7703125
1 0.4875 0.6421875 0.928125 0.6421875 0.928125 0.996875 0.4875 0.996875
1 0 0.5078125 0.4546875 0.5078125 0.4546875 0.9984375 0 0.9984375
1 0.4234375 0 0.8125 0 0.8125 0.303125 0.4234375 0.303125
1 0.584375 0.053125 0.9515625 0.053125 0.9515625 0.321875 0.584375 0.321875
0 0.253125 0.1953125 0.4453125 0.1953125 0.4453125 0.3375 0.253125 0.3375
0 0.109375 0.6796875 0.275 0.6796875 0.275 0.8171875 0.109375 0.8171875
0 0.5265625 0.5640625 0.6609375 0.5640625 0.6609375 0.6796875 0.5265625 0.6796875
0 0.628125 0.7546875 0.78125 0.7546875 0.78125 0.8875 0.628125 0.8875
0 0.55625 0.2640625 0.753125 0.2640625 0.753125 0.3984375 0.55625 0.3984375
0 0.559375 0.0734375 0.6640625 0.0734375 0.6640625 0.1546875 0.559375 0.1546875
0 0.684375 0.140625 0.8203125 0.140625 0.8203125 0.24375 0.684375 0.24375