1 0.05 0.0671875 0.609375 0.0671875 0.609375 0.503125 0.05 0.503125
1 0.3984375 0.0953125 0.921875 0.0953125 0.921875 0.5609375 0.3984375 0.5609375
1 0.353125 0.465625 0.8046875 0.465625 0.8046875 0.828125 0.353125 0.828125
1 0.4796875 0.66875 0.928125 0.66875 0.928125 1 0.4796875 1
1 0 0.5078125 0.45625 0.5078125 0.45625 1 0 1
1 0.4109375 0.0296875 0.8078125 0.0296875 0.8078125 0.359375 0.4109375 0.359375
1 0.5734375 0.084375 0.9484375 0.084375 0.9484375 0.3875 0.5734375 0.3875
0 0.2421875 0.2125 0.440625 0.2125 0.440625 0.371875 0.2421875 0.371875
0 0.103125 0.6921875 0.2734375 0.6921875 0.2734375 0.84375 0.103125 0.84375
0 0.5203125 0.5984375 0.6578125 0.5984375 0.6578125 0.725 0.5203125 0.725
0 0.621875 0.79375 0.7796875 0.79375 0.7796875 0.9390625 0.621875 0.9390625
0 0.546875 0.2984375 0.746875 0.2984375 0.746875 0.45 0.546875 0.45
0 0.55 0.109375 0.65625 0.109375 0.65625 0.2 0.55 0.2
0 0.675 0.18125 0.8140625 0.18125 0.8140625 0.2984375 0.675 0.2984375