1 0.196875 0 0.9140625 0 0.9140625 0.5015625 0.196875 0.5015625
1 0.44375 0 1 0 1 0.6921875 0.44375 0.6921875
1 0.2515625 0.221875 0.8390625 0.221875 0.8390625 0.859375 0.2515625 0.859375
1 0.2171875 0.4640625 0.803125 0.4640625 0.803125 0.9671875 0.2171875 0.9671875
1 0.0140625 0.08125 0.5375 0.08125 0.5375 0.8484375 0.0140625 0.8484375
1 0.5796875 0 1 0 1 0.4421875 0.5796875 0.4421875
1 0.678125 0.0046875 1 0.0046875 1 0.5515625 0.678125 0.5515625
0 0.4265625 0 0.6875 0 0.6875 0.2609375 0.4265625 0.2609375
0 0.03125 0.340625 0.2578125 0.340625 0.2578125 0.5890625 0.03125 0.5890625
0 0.45625 0.4625 0.6328125 0.4625 0.6328125 0.653125 0.45625 0.653125
0 0.40625 0.671875 0.6234375 0.671875 0.6234375 0.909375 0.40625 0.909375
0 0.6390625 0.19375 0.89375 0.19375 0.89375 0.46875 0.6390625 0.46875
0 0.7890625 0.040625 0.9328125 0.040625 0.9328125 0.1984375 0.7890625 0.1984375
0 0.8421875 0.1671875 1 0.1671875 1 0.353125 0.8421875 0.353125