1 0.0109375 0.0046875 0.6421875 0.0046875 0.6421875 0.5140625 0.0109375 0.5140625
1 0.3546875 0 0.9578125 0 0.9578125 0.4796875 0.3546875 0.4796875
1 0.3875 0.3359375 0.9 0.3359375 0.9 0.7578125 0.3875 0.7578125
1 0.5515625 0.5 1 0.5 1 0.9515625 0.5515625 0.9515625
1 0.04375 0.4703125 0.5984375 0.4703125 0.5984375 1 0.04375 1
1 0.353125 0 0.8046875 0 0.8046875 0.2875 0.353125 0.2875
1 0.5203125 0 0.9453125 0 0.9453125 0.2703125 0.5203125 0.2703125
0 0.228125 0.1703125 0.45 0.1703125 0.45 0.3546875 0.228125 0.3546875
0 0.1921875 0.684375 0.3875 0.684375 0.3875 0.85625 0.1921875 0.85625
0 0.5765625 0.484375 0.734375 0.484375 0.734375 0.6296875 0.5765625 0.6296875
0 0.7171875 0.6453125 0.8984375 0.6453125 0.8984375 0.8109375 0.7171875 0.8109375
0 0.5390625 0.1703125 0.765625 0.1703125 0.765625 0.3484375 0.5390625 0.3484375
0 0.503125 0.0046875 0.6265625 0.0046875 0.6265625 0.109375 0.503125 0.109375
0 0.6390625 0.0359375 0.7984375 0.0359375 0.7984375 0.16875 0.6390625 0.16875