1 0.0546875 0.05 0.61875 0.05 0.61875 0.46875 0.0546875 0.46875
1 0.4109375 0.0734375 0.925 0.0734375 0.925 0.496875 0.4109375 0.496875
1 0.3640625 0.446875 0.8046875 0.446875 0.8046875 0.76875 0.3640625 0.76875
1 0.4875 0.640625 0.928125 0.640625 0.928125 0.9984375 0.4875 0.9984375
1 0 0.4953125 0.46875 0.4953125 0.46875 0.996875 0 0.996875
1 0.4328125 0 0.803125 0 0.803125 0.290625 0.4328125 0.290625
1 0.5765625 0.040625 0.9609375 0.040625 0.9609375 0.334375 0.5765625 0.334375
0 0.2515625 0.1921875 0.4453125 0.1921875 0.4453125 0.3390625 0.2515625 0.3390625
0 0.1078125 0.6796875 0.2765625 0.6796875 0.2765625 0.81875 0.1078125 0.81875
0 0.5265625 0.5640625 0.6609375 0.5640625 0.6609375 0.6796875 0.5265625 0.6796875
0 0.6328125 0.759375 0.7765625 0.759375 0.7765625 0.884375 0.6328125 0.884375
0 0.55 0.253125 0.759375 0.253125 0.759375 0.409375 0.55 0.409375
0 0.55625 0.0703125 0.6671875 0.0703125 0.6671875 0.1578125 0.55625 0.1578125
0 0.684375 0.140625 0.8203125 0.140625 0.8203125 0.24375 0.684375 0.24375