1 0.0609375 0.0640625 0.6125 0.0640625 0.6125 0.45625 0.0609375 0.45625
1 0.4109375 0.0734375 0.925 0.0734375 0.925 0.496875 0.4109375 0.496875
1 0.3640625 0.446875 0.8046875 0.446875 0.8046875 0.76875 0.3640625 0.76875
1 0.4921875 0.646875 0.9234375 0.646875 0.9234375 0.996875 0.4921875 0.996875
1 0 0.5015625 0.4609375 0.5015625 0.4609375 0.996875 0 0.996875
1 0.4234375 0 0.8125 0 0.8125 0.3 0.4234375 0.3
1 0.575 0.0375 0.9609375 0.0375 0.9609375 0.3375 0.575 0.3375
0 0.2515625 0.19375 0.4453125 0.19375 0.4453125 0.3375 0.2515625 0.3375
0 0.1109375 0.68125 0.2734375 0.68125 0.2734375 0.815625 0.1109375 0.815625
0 0.53125 0.5703125 0.65625 0.5703125 0.65625 0.6734375 0.53125 0.6734375
0 0.6296875 0.7546875 0.78125 0.7546875 0.78125 0.8875 0.6296875 0.8875
0 0.55625 0.2640625 0.753125 0.2640625 0.753125 0.396875 0.55625 0.396875
0 0.559375 0.0734375 0.6640625 0.0734375 0.6640625 0.1546875 0.559375 0.1546875
0 0.6875 0.146875 0.8171875 0.146875 0.8171875 0.2375 0.6875 0.2375