1 0.0640625 0.0046875 0.7015625 0.0046875 0.7015625 0.54375 0.0640625 0.54375
1 0.4140625 0.0984375 1 0.0984375 1 0.64375 0.4140625 0.64375
1 0.3359375 0.4515625 0.8328125 0.4515625 0.8328125 0.8796875 0.3359375 0.8796875
1 0.428125 0.66875 0.9296875 0.66875 0.9296875 1 0.428125 1
1 0.0125 0.4171875 0.4984375 0.4171875 0.4984375 1 0.0125 1
1 0.465625 0.0375 0.8859375 0.0375 0.8859375 0.4125 0.465625 0.4125
1 0.6015625 0.10625 1 0.10625 1 0.4890625 0.6015625 0.4890625
0 0.2828125 0.1796875 0.5046875 0.1796875 0.5046875 0.371875 0.2828125 0.371875
0 0.08125 0.6203125 0.2734375 0.6203125 0.2734375 0.8 0.08125 0.8
0 0.5140625 0.60625 0.6703125 0.60625 0.6703125 0.7546875 0.5140625 0.7546875
0 0.5921875 0.8234375 0.759375 0.8234375 0.759375 0.98125 0.5921875 0.98125
0 0.5703125 0.3078125 0.8078125 0.3078125 0.8078125 0.515625 0.5703125 0.515625
0 0.6125 0.134375 0.7375 0.134375 0.7375 0.246875 0.6125 0.246875
0 0.7265625 0.2328125 0.8828125 0.2328125 0.8828125 0.36875 0.7265625 0.36875