1 0.34375 0.596875 0.5671875 0.596875 0.5671875 0.8375 0.34375 0.8375
1 0.0015625 0.6234375 0.175 0.6234375 0.175 0.859375 0.0015625 0.859375
1 0.365625 0.2390625 0.58125 0.2390625 0.58125 0.453125 0.365625 0.453125
1 0.4140625 0.4203125 0.590625 0.4203125 0.590625 0.6109375 0.4140625 0.6109375
1 0.7734375 0.49375 0.9734375 0.49375 0.9734375 0.7109375 0.7734375 0.7109375
1 0.821875 0.253125 0.9875 0.253125 0.9875 0.415625 0.821875 0.415625
1 0.63125 0.2171875 0.825 0.2171875 0.825 0.3859375 0.63125 0.3859375
1 0.6625 0.1125 0.85 0.1125 0.85 0.2859375 0.6625 0.2859375
1 0.3734375 0.0671875 0.5296875 0.0671875 0.5296875 0.2578125 0.3734375 0.2578125
1 0.0890625 0.071875 0.271875 0.071875 0.271875 0.240625 0.0890625 0.240625
1 0.1328125 0.16875 0.34375 0.16875 0.34375 0.3515625 0.1328125 0.3515625
1 0.015625 0.359375 0.19375 0.359375 0.19375 0.55625 0.015625 0.55625