1 0.3328125 0.590625 0.5765625 0.590625 0.5765625 0.8453125 0.3328125 0.8453125
1 0 0.615625 0.184375 0.615625 0.184375 0.865625 0 0.865625
1 0.3671875 0.2421875 0.5796875 0.2421875 0.5796875 0.4515625 0.3671875 0.4515625
1 0.421875 0.425 0.5828125 0.425 0.5828125 0.60625 0.421875 0.60625
1 0.778125 0.4984375 0.96875 0.4984375 0.96875 0.70625 0.778125 0.70625
1 0.815625 0.246875 0.9921875 0.246875 0.9921875 0.421875 0.815625 0.421875
1 0.6265625 0.2125 0.83125 0.2125 0.83125 0.390625 0.6265625 0.390625
1 0.6578125 0.10625 0.8546875 0.10625 0.8546875 0.290625 0.6578125 0.290625
1 0.371875 0.065625 0.5328125 0.065625 0.5328125 0.259375 0.371875 0.259375
1 0.09375 0.078125 0.2671875 0.078125 0.2671875 0.234375 0.09375 0.234375
1 0.1296875 0.1640625 0.3484375 0.1640625 0.3484375 0.35625 0.1296875 0.35625
1 0.0140625 0.3578125 0.196875 0.3578125 0.196875 0.5578125 0.0140625 0.5578125