1 0.3265625 0.6359375 0.6390625 0.6359375 0.6390625 1 0.3265625 1
1 0.0078125 0.703125 0.2609375 0.703125 0.2609375 1 0.0078125 1
1 0.284375 0.2875 0.5546875 0.2875 0.5546875 0.59375 0.284375 0.59375
1 0.3796875 0.4828125 0.590625 0.4828125 0.590625 0.7375 0.3796875 0.7375
1 0.74375 0.5234375 0.984375 0.5234375 0.984375 0.815625 0.74375 0.815625
1 0.7265625 0.2671875 0.95 0.2671875 0.95 0.5234375 0.7265625 0.5234375
1 0.5328125 0.2390625 0.784375 0.2390625 0.784375 0.5109375 0.5328125 0.5109375
1 0.540625 0.13125 0.7875 0.13125 0.7875 0.40625 0.540625 0.40625
1 0.25 0.121875 0.465625 0.121875 0.465625 0.390625 0.25 0.390625
1 0 0.153125 0.2 0.153125 0.2 0.3875 0 0.3875
1 0.0359375 0.225 0.30625 0.225 0.30625 0.515625 0.0359375 0.515625
1 0 0.4421875 0.2015625 0.4421875 0.2015625 0.7234375 0 0.7234375