1 0.415625 0.590625 0.775 0.590625 0.775 1 0.415625 1
1 0.18125 0.83125 0.490625 0.83125 0.490625 1 0.18125 1
1 0.2109375 0.2875 0.525 0.2875 0.525 0.646875 0.2109375 0.646875
1 0.371875 0.45 0.6296875 0.45 0.6296875 0.7453125 0.371875 0.7453125
1 0.690625 0.3015625 0.9859375 0.3015625 0.9859375 0.6390625 0.690625 0.6390625
1 0.5703125 0.0984375 0.8015625 0.0984375 0.8015625 0.35625 0.5703125 0.35625
1 0.3890625 0.128125 0.675 0.128125 0.675 0.4546875 0.3890625 0.4546875
1 0.3453125 0.059375 0.625 0.059375 0.625 0.346875 0.3453125 0.346875
1 0.0953125 0.1640625 0.36875 0.1640625 0.36875 0.4796875 0.0953125 0.4796875
1 0 0.3390625 0.1453125 0.3390625 0.1453125 0.6046875 0 0.6046875
1 0 0.35 0.2828125 0.35 0.2828125 0.6921875 0 0.6921875
1 0.0171875 0.5984375 0.3046875 0.5984375 0.3046875 0.928125 0.0171875 0.928125