1 0.303125 0.565625 0.55625 0.565625 0.55625 0.83125 0.303125 0.83125
1 0 0.6078125 0.1625 0.6078125 0.1625 0.865625 0 0.865625
1 0.3515625 0.2171875 0.571875 0.2171875 0.571875 0.4359375 0.3515625 0.4359375
1 0.4 0.4015625 0.56875 0.4015625 0.56875 0.5890625 0.4 0.5890625
1 0.753125 0.459375 0.9515625 0.459375 0.9515625 0.6734375 0.753125 0.6734375
1 0.8015625 0.20625 0.9828125 0.20625 0.9828125 0.3890625 0.8015625 0.3890625
1 0.6125 0.178125 0.8234375 0.178125 0.8234375 0.365625 0.6125 0.365625
1 0.6484375 0.071875 0.8515625 0.071875 0.8515625 0.2640625 0.6484375 0.2640625
1 0.3625 0.04375 0.5296875 0.04375 0.5296875 0.24375 0.3625 0.24375
1 0.0859375 0.0671875 0.2640625 0.0671875 0.2640625 0.23125 0.0859375 0.23125
1 0.1171875 0.1484375 0.3421875 0.1484375 0.3421875 0.35 0.1171875 0.35
1 0 0.35 0.184375 0.35 0.184375 0.5578125 0 0.5578125