1 0.3375 0.55625 0.584375 0.55625 0.584375 0.8296875 0.3375 0.8296875
1 0 0.6390625 0.1953125 0.6390625 0.1953125 0.9 0 0.9
1 0.334375 0.1984375 0.5734375 0.1984375 0.5734375 0.4453125 0.334375 0.4453125
1 0.396875 0.378125 0.5921875 0.378125 0.5921875 0.59375 0.396875 0.59375
1 0.7609375 0.3953125 0.98125 0.3953125 0.98125 0.640625 0.7609375 0.640625
1 0.7921875 0.1546875 0.975 0.1546875 0.975 0.3421875 0.7921875 0.3421875
1 0.6 0.14375 0.8109375 0.14375 0.8109375 0.3390625 0.6 0.3390625
1 0.6234375 0.034375 0.828125 0.034375 0.828125 0.2359375 0.6234375 0.2359375
1 0.33125 0.0375 0.5078125 0.0375 0.5078125 0.25 0.33125 0.25
1 0.0484375 0.0796875 0.2484375 0.0796875 0.2484375 0.2734375 0.0484375 0.2734375
1 0.0984375 0.1640625 0.328125 0.1640625 0.328125 0.3765625 0.0984375 0.3765625
1 0 0.375 0.19375 0.375 0.19375 0.596875 0 0.596875