1 0.3140625 0.4828125 0.60625 0.4828125 0.60625 0.80625 0.3140625 0.80625
1 0.0390625 0.484375 0.2140625 0.484375 0.2140625 0.775 0.0390625 0.775
1 0.3953125 0.125 0.6734375 0.125 0.6734375 0.41875 0.3953125 0.41875
1 0.421875 0.31875 0.653125 0.31875 0.653125 0.5734375 0.421875 0.5734375
1 0.7609375 0.4203125 1 0.4203125 1 0.7109375 0.7609375 0.7109375
1 0.85625 0.190625 1 0.190625 1 0.4109375 0.85625 0.4109375
1 0.6734375 0.1296875 0.915625 0.1296875 0.915625 0.3703125 0.6734375 0.3703125
1 0.71875 0.028125 0.95625 0.028125 0.95625 0.2703125 0.71875 0.2703125
1 0.434375 0 0.646875 0 0.646875 0.209375 0.434375 0.209375
1 0.1578125 0 0.3875 0 0.3875 0.1734375 0.1578125 0.1734375
1 0.1828125 0.034375 0.446875 0.034375 0.446875 0.2953125 0.1828125 0.2953125
1 0.034375 0.221875 0.2703125 0.221875 0.2703125 0.484375 0.034375 0.484375