1 0.3328125 0.590625 0.5765625 0.590625 0.5765625 0.8453125 0.3328125 0.8453125
1 0 0.615625 0.184375 0.615625 0.184375 0.865625 0 0.865625
1 0.3640625 0.2375 0.5828125 0.2375 0.5828125 0.4546875 0.3640625 0.4546875
1 0.4171875 0.421875 0.5875 0.421875 0.5875 0.609375 0.4171875 0.609375
1 0.775 0.496875 0.971875 0.496875 0.971875 0.7078125 0.775 0.7078125
1 0.8234375 0.2546875 0.984375 0.2546875 0.984375 0.415625 0.8234375 0.415625
1 0.6234375 0.209375 0.8328125 0.209375 0.8328125 0.39375 0.6234375 0.39375
1 0.65625 0.1046875 0.85625 0.1046875 0.85625 0.2921875 0.65625 0.2921875
1 0.3640625 0.0609375 0.5390625 0.0609375 0.5390625 0.265625 0.3640625 0.265625
1 0.0921875 0.0765625 0.2703125 0.0765625 0.2703125 0.2375 0.0921875 0.2375
1 0.128125 0.1625 0.3484375 0.1625 0.3484375 0.35625 0.128125 0.35625
1 0.009375 0.3546875 0.2 0.3546875 0.2 0.5609375 0.009375 0.5609375