1 0.396875 0.4859375 0.7 0.4859375 0.7 0.815625 0.396875 0.815625
1 0.078125 0.628125 0.3234375 0.628125 0.3234375 0.9359375 0.078125 0.9359375
1 0.34375 0.14375 0.6140625 0.14375 0.6140625 0.4296875 0.34375 0.4296875
1 0.4390625 0.3203125 0.653125 0.3203125 0.653125 0.5609375 0.4390625 0.5609375
1 0.80625 0.2765625 1 0.2765625 1 0.55 0.80625 0.55
1 0.7953125 0.040625 0.9953125 0.040625 0.9953125 0.2515625 0.7953125 0.2515625
1 0.5890625 0.040625 0.84375 0.040625 0.84375 0.290625 0.5890625 0.290625
1 0.596875 0 0.8421875 0 0.8421875 0.1828125 0.596875 0.1828125
1 0.3015625 0 0.5265625 0 0.5265625 0.2453125 0.3015625 0.2453125
1 0.0390625 0.0828125 0.25625 0.0828125 0.25625 0.3 0.0390625 0.3
1 0.0953125 0.1421875 0.3625 0.1421875 0.3625 0.4046875 0.0953125 0.4046875
1 0.0328125 0.371875 0.2640625 0.371875 0.2640625 0.6375 0.0328125 0.6375