1 0.3453125 0.2421875 0.5078125 0.2421875 0.5078125 0.4703125 0.3453125 0.4703125
1 0.4859375 0.228125 0.646875 0.228125 0.646875 0.4734375 0.4859375 0.4734375
1 0.6421875 0.234375 0.8234375 0.234375 0.8234375 0.4984375 0.6421875 0.4984375
1 0.4265625 0.4078125 0.5765625 0.4078125 0.5765625 0.653125 0.4265625 0.653125
1 0.5015625 0.4921875 0.6375 0.4921875 0.6375 0.75625 0.5015625 0.75625
1 0.4203125 0.7390625 0.59375 0.7390625 0.59375 0.9984375 0.4203125 0.9984375
1 0.2390625 0.6703125 0.409375 0.6703125 0.409375 0.9421875 0.2390625 0.9421875
1 0.2890625 0.5015625 0.465625 0.5015625 0.465625 0.765625 0.2890625 0.765625
1 0.203125 0.421875 0.3671875 0.421875 0.3671875 0.675 0.203125 0.675
1 0.2890625 0.1734375 0.409375 0.1734375 0.409375 0.3515625 0.2890625 0.3515625
1 0.4140625 0.1421875 0.5578125 0.1421875 0.5578125 0.346875 0.4140625 0.346875
1 0.3765625 0.571875 0.5296875 0.571875 0.5296875 0.8390625 0.3765625 0.8390625
1 0.1375 0.878125 0.2796875 0.878125 0.2796875 0.9984375 0.1375 0.9984375
1 0 0.8421875 0.125 0.8421875 0.125 0.9984375 0 0.9984375
1 0.0484375 0.803125 0.2046875 0.803125 0.2046875 0.996875 0.0484375 0.996875
1 0.225 0.2859375 0.325 0.2859375 0.325 0.4375 0.225 0.4375
1 0.259375 0.05625 0.4015625 0.05625 0.4015625 0.2890625 0.259375 0.2890625
1 0.5234375 0.846875 0.6734375 0.846875 0.6734375 0.9984375 0.5234375 0.9984375
1 0.134375 0.4578125 0.2 0.4578125 0.2 0.55 0.134375 0.55
0 0.5390625 0.5828125 0.590625 0.5828125 0.590625 0.6703125 0.5390625 0.6703125
0 0.7015625 0.33125 0.753125 0.33125 0.753125 0.4140625 0.7015625 0.4140625
0 0.5453125 0.3125 0.590625 0.3125 0.590625 0.396875 0.5453125 0.396875
0 0.4046875 0.33125 0.453125 0.33125 0.453125 0.4140625 0.4046875 0.4140625
0 0.4703125 0.209375 0.528125 0.209375 0.528125 0.2859375 0.4703125 0.2859375
0 0.325 0.23125 0.3703125 0.23125 0.3703125 0.2890625 0.325 0.2890625
0 0.3078125 0.14375 0.3484375 0.14375 0.3484375 0.2078125 0.3078125 0.2078125
0 0.2640625 0.3484375 0.29375 0.3484375 0.29375 0.3921875 0.2640625 0.3921875
0 0.259375 0.50625 0.3109375 0.50625 0.3109375 0.590625 0.259375 0.590625
0 0.2953125 0.7625 0.3515625 0.7625 0.3515625 0.8578125 0.2953125 0.8578125
0 0.4796875 0.8296875 0.5375 0.8296875 0.5375 0.925 0.4796875 0.925
0 0.5734375 0.9359375 0.6265625 0.9359375 0.6265625 0.9984375 0.5734375 0.9984375
0 0.478125 0.49375 0.5265625 0.49375 0.5265625 0.5734375 0.478125 0.5734375
0 0.1875 0.9609375 0.23125 0.9609375 0.23125 0.9953125 0.1875 0.9953125
0 0.0140625 0.93125 0.0765625 0.93125 0.0765625 0.9984375 0.0140625 0.9984375