1 0.3234375 0.2140625 0.5125 0.2140625 0.5125 0.459375 0.3234375 0.459375
1 0.465625 0.2046875 0.65 0.2046875 0.65 0.4640625 0.465625 0.4640625
1 0.6171875 0.2109375 0.828125 0.2109375 0.828125 0.4953125 0.6171875 0.4953125
1 0.4 0.3890625 0.55 0.3890625 0.55 0.6359375 0.4 0.6359375
1 0.446875 0.465625 0.6203125 0.465625 0.6203125 0.7484375 0.446875 0.7484375
1 0.346875 0.7125 0.546875 0.7125 0.546875 0.9859375 0.346875 0.9859375
1 0.1734375 0.64375 0.3703125 0.64375 0.3703125 0.9296875 0.1734375 0.9296875
1 0.2515625 0.48125 0.43125 0.48125 0.43125 0.746875 0.2515625 0.746875
1 0.1703125 0.4 0.3453125 0.4 0.3453125 0.6546875 0.1703125 0.6546875
1 0.2734375 0.1421875 0.425 0.1421875 0.425 0.340625 0.2734375 0.340625
1 0.409375 0.1203125 0.565625 0.1203125 0.565625 0.33125 0.409375 0.33125
1 0.3125 0.54375 0.50625 0.54375 0.50625 0.8296875 0.3125 0.8296875
1 0.071875 0.8546875 0.2125 0.8546875 0.2125 0.9796875 0.071875 0.9796875
1 0 0.81875 0.059375 0.81875 0.059375 0.975 0 0.975
1 0 0.7734375 0.15 0.7734375 0.15 0.98125 0 0.98125
1 0.20625 0.2578125 0.3265625 0.2578125 0.3265625 0.421875 0.20625 0.421875
1 0.2484375 0.021875 0.4296875 0.021875 0.4296875 0.2796875 0.2484375 0.2796875
1 0.4515625 0.8234375 0.615625 0.8234375 0.615625 0.9828125 0.4515625 0.9828125
1 0.109375 0.4328125 0.1796875 0.4328125 0.1796875 0.5296875 0.109375 0.5296875
0 0.5 0.565625 0.5578125 0.565625 0.5578125 0.6546875 0.5 0.6546875
0 0.684375 0.3140625 0.746875 0.3140625 0.746875 0.403125 0.684375 0.403125
0 0.528125 0.29375 0.5875 0.29375 0.5875 0.384375 0.528125 0.384375
0 0.3875 0.309375 0.45 0.309375 0.45 0.3984375 0.3875 0.3984375
0 0.4703125 0.190625 0.5296875 0.190625 0.5296875 0.26875 0.4703125 0.26875
0 0.3203125 0.20625 0.3765625 0.20625 0.3765625 0.271875 0.3203125 0.271875
0 0.3125 0.1203125 0.3625 0.1203125 0.3625 0.1890625 0.3125 0.1890625
0 0.253125 0.3265625 0.2859375 0.3265625 0.2859375 0.3703125 0.253125 0.3703125
0 0.2265625 0.4828125 0.2890625 0.4828125 0.2890625 0.571875 0.2265625 0.571875
0 0.2375 0.7390625 0.303125 0.7390625 0.303125 0.840625 0.2375 0.840625
0 0.4140625 0.809375 0.48125 0.809375 0.48125 0.9109375 0.4140625 0.9109375
0 0.5 0.9171875 0.559375 0.9171875 0.559375 0.98125 0.5 0.98125
0 0.44375 0.4703125 0.50625 0.4703125 0.50625 0.559375 0.44375 0.559375
0 0.115625 0.9359375 0.1640625 0.9359375 0.1640625 0.975 0.115625 0.975
0 0 0.903125 0.0109375 0.903125 0.0109375 0.975 0 0.975