1 0.3484375 0.2390625 0.5390625 0.2390625 0.5390625 0.49375 0.3484375 0.49375
1 0.490625 0.246875 0.678125 0.246875 0.678125 0.515625 0.490625 0.515625
1 0.640625 0.275 0.8546875 0.275 0.8546875 0.56875 0.640625 0.56875
1 0.425 0.4234375 0.578125 0.4234375 0.578125 0.6765625 0.425 0.6765625
1 0.471875 0.5078125 0.6484375 0.5078125 0.6484375 0.796875 0.471875 0.796875
1 0.3734375 0.74375 0.575 0.74375 0.575 1 0.3734375 1
1 0.196875 0.65 0.396875 0.65 0.396875 0.9453125 0.196875 0.9453125
1 0.2765625 0.4984375 0.4578125 0.4984375 0.4578125 0.771875 0.2765625 0.771875
1 0.196875 0.4046875 0.371875 0.4046875 0.371875 0.6703125 0.196875 0.6703125
1 0.2984375 0.159375 0.453125 0.159375 0.453125 0.365625 0.2984375 0.365625
1 0.4359375 0.1546875 0.5921875 0.1546875 0.5921875 0.3734375 0.4359375 0.3734375
1 0.3390625 0.56875 0.534375 0.56875 0.534375 0.8640625 0.3390625 0.8640625
1 0.0984375 0.846875 0.2390625 0.846875 0.2390625 0.9796875 0.0984375 0.9796875
1 0.0046875 0.79375 0.0875 0.79375 0.0875 0.9546875 0.0046875 0.9546875
1 0.00625 0.75625 0.1765625 0.75625 0.1765625 0.971875 0.00625 0.971875
1 0.23125 0.2671875 0.353125 0.2671875 0.353125 0.4359375 0.23125 0.4359375
1 0.275 0.0390625 0.4578125 0.0390625 0.4578125 0.303125 0.275 0.303125
1 0.4765625 0.865625 0.6421875 0.865625 0.6421875 1 0.4765625 1
1 0.1359375 0.425 0.2078125 0.425 0.2078125 0.525 0.1359375 0.525
0 0.5265625 0.609375 0.584375 0.609375 0.584375 0.7015625 0.5265625 0.7015625
0 0.709375 0.38125 0.7734375 0.38125 0.7734375 0.4734375 0.709375 0.4734375
0 0.5546875 0.3390625 0.6140625 0.3390625 0.6140625 0.4328125 0.5546875 0.4328125
0 0.4140625 0.3375 0.4765625 0.3375 0.4765625 0.4296875 0.4140625 0.4296875
0 0.4953125 0.2296875 0.5578125 0.2296875 0.5578125 0.3109375 0.4953125 0.3109375
0 0.346875 0.2265625 0.403125 0.2265625 0.403125 0.29375 0.346875 0.29375
0 0.3390625 0.1390625 0.3890625 0.1390625 0.3890625 0.209375 0.3390625 0.209375
0 0.2796875 0.3359375 0.3125 0.3359375 0.3125 0.3828125 0.2796875 0.3828125
0 0.253125 0.4921875 0.315625 0.4921875 0.315625 0.5828125 0.253125 0.5828125
0 0.2640625 0.75 0.3296875 0.75 0.3296875 0.853125 0.2640625 0.853125
0 0.440625 0.84375 0.5078125 0.84375 0.5078125 0.9484375 0.440625 0.9484375
0 0.5265625 0.9625 0.5859375 0.9625 0.5859375 1 0.5265625 1
0 0.46875 0.5078125 0.534375 0.5078125 0.534375 0.5984375 0.46875 0.5984375
0 0.1421875 0.93125 0.190625 0.93125 0.190625 0.9734375 0.1421875 0.9734375
0 0.0046875 0.8765625 0.0375 0.8765625 0.0375 0.9515625 0.0046875 0.9515625