1 0.34375 0.240625 0.509375 0.240625 0.509375 0.4703125 0.34375 0.4703125
1 0.4859375 0.228125 0.646875 0.228125 0.646875 0.4734375 0.4859375 0.4734375
1 0.640625 0.2328125 0.825 0.2328125 0.825 0.5 0.640625 0.5
1 0.4375 0.4125 0.565625 0.4125 0.565625 0.6484375 0.4375 0.6484375
1 0.496875 0.4890625 0.64375 0.4890625 0.64375 0.7578125 0.496875 0.7578125
1 0.4203125 0.7390625 0.59375 0.7390625 0.59375 0.9984375 0.4203125 0.9984375
1 0.2390625 0.6703125 0.409375 0.6703125 0.409375 0.9421875 0.2390625 0.9421875
1 0.3 0.5078125 0.4546875 0.5078125 0.4546875 0.759375 0.3 0.759375
1 0.2109375 0.4265625 0.359375 0.4265625 0.359375 0.6703125 0.2109375 0.6703125
1 0.28125 0.16875 0.415625 0.16875 0.415625 0.35625 0.28125 0.35625
1 0.4171875 0.14375 0.5546875 0.14375 0.5546875 0.34375 0.4171875 0.34375
1 0.3703125 0.5703125 0.5359375 0.5703125 0.5359375 0.8421875 0.3703125 0.8421875
1 0.14375 0.8828125 0.2734375 0.8828125 0.2734375 0.996875 0.14375 0.996875
1 0.0015625 0.8484375 0.115625 0.8484375 0.115625 0.9953125 0.0015625 0.9953125
1 0.0515625 0.8046875 0.2015625 0.8046875 0.2015625 0.9984375 0.0515625 0.9984375
1 0.221875 0.284375 0.328125 0.284375 0.328125 0.4390625 0.221875 0.4390625
1 0.2515625 0.05 0.4078125 0.05 0.4078125 0.29375 0.2515625 0.29375
1 0.5234375 0.846875 0.6734375 0.846875 0.6734375 0.9984375 0.5234375 0.9984375
1 0.1359375 0.4578125 0.1984375 0.4578125 0.1984375 0.55 0.1359375 0.55
0 0.540625 0.584375 0.5890625 0.584375 0.5890625 0.66875 0.540625 0.66875
0 0.7 0.33125 0.7546875 0.33125 0.7546875 0.415625 0.7 0.415625
0 0.5421875 0.3109375 0.5921875 0.3109375 0.5921875 0.3984375 0.5421875 0.3984375
0 0.403125 0.33125 0.45625 0.33125 0.45625 0.415625 0.403125 0.415625
0 0.471875 0.2109375 0.525 0.2109375 0.525 0.284375 0.471875 0.284375
0 0.321875 0.2296875 0.3734375 0.2296875 0.3734375 0.2890625 0.321875 0.2890625
0 0.30625 0.14375 0.35 0.14375 0.35 0.2078125 0.30625 0.2078125
0 0.2640625 0.3484375 0.29375 0.3484375 0.29375 0.3921875 0.2640625 0.3921875
0 0.259375 0.50625 0.3125 0.50625 0.3125 0.590625 0.259375 0.590625
0 0.2953125 0.7625 0.3515625 0.7625 0.3515625 0.8578125 0.2953125 0.8578125
0 0.4796875 0.8296875 0.5375 0.8296875 0.5375 0.925 0.4796875 0.925
0 0.5734375 0.9359375 0.6265625 0.9359375 0.6265625 0.9984375 0.5734375 0.9984375
0 0.4734375 0.490625 0.5296875 0.490625 0.5296875 0.575 0.4734375 0.575
0 0.1875 0.9609375 0.2328125 0.9609375 0.2328125 0.996875 0.1875 0.996875
0 0.0140625 0.93125 0.075 0.93125 0.075 0.9984375 0.0140625 0.9984375