1 0.290625 0.2 0.4921875 0.2 0.4921875 0.471875 0.290625 0.471875
1 0.415625 0.13125 0.6375 0.13125 0.6375 0.434375 0.415625 0.434375
1 0.565625 0.071875 0.81875 0.071875 0.81875 0.409375 0.565625 0.409375
1 0.4140625 0.3359375 0.596875 0.3359375 0.596875 0.6140625 0.4140625 0.6140625
1 0.48125 0.375 0.7078125 0.375 0.7078125 0.70625 0.48125 0.70625
1 0.4875 0.6453125 0.6921875 0.6453125 0.6921875 0.9453125 0.4875 0.9453125
1 0.28125 0.63125 0.5171875 0.63125 0.5171875 0.9625 0.28125 0.9625
1 0.303125 0.4640625 0.515625 0.4640625 0.515625 0.76875 0.303125 0.76875
1 0.19375 0.4171875 0.4046875 0.4171875 0.4046875 0.7171875 0.19375 0.7171875
1 0.2109375 0.1640625 0.375 0.1640625 0.375 0.3859375 0.2109375 0.3859375
1 0.3265625 0.0828125 0.51875 0.0828125 0.51875 0.3375 0.3265625 0.3375
1 0.3953125 0.5 0.6046875 0.5 0.6046875 0.8171875 0.3953125 0.8171875
1 0.234375 0.878125 0.3984375 0.878125 0.3984375 0.975 0.234375 0.975
1 0.090625 0.896875 0.2484375 0.896875 0.2484375 0.9890625 0.090625 0.9890625
1 0.13125 0.83125 0.328125 0.83125 0.328125 0.9859375 0.13125 0.9859375
1 0.1796875 0.303125 0.3125 0.303125 0.3125 0.4859375 0.1796875 0.4859375
1 0.15 0.05 0.359375 0.05 0.359375 0.3421875 0.15 0.3421875
1 0.6 0.709375 0.7859375 0.709375 0.7859375 0.9140625 0.6 0.9140625
1 0.1328125 0.5109375 0.2171875 0.5109375 0.2171875 0.6203125 0.1328125 0.6203125
0 0.5546875 0.4921875 0.625 0.4921875 0.625 0.596875 0.5546875 0.596875
0 0.65 0.1953125 0.7265625 0.1953125 0.7265625 0.3015625 0.65 0.3015625
0 0.490625 0.2328125 0.5640625 0.2328125 0.5640625 0.340625 0.490625 0.340625
0 0.365625 0.303125 0.4296875 0.303125 0.4296875 0.4 0.365625 0.4
0 0.4015625 0.1640625 0.4703125 0.1640625 0.4703125 0.2546875 0.4015625 0.2546875
0 0.2609375 0.234375 0.3234375 0.234375 0.3234375 0.3109375 0.2609375 0.3109375
0 0.2265625 0.1609375 0.28125 0.1609375 0.28125 0.240625 0.2265625 0.240625
0 0.23125 0.3734375 0.271875 0.3734375 0.271875 0.428125 0.23125 0.428125
0 0.2640625 0.515625 0.3359375 0.515625 0.3359375 0.61875 0.2640625 0.61875
0 0.3609375 0.7453125 0.4375 0.7453125 0.4375 0.85625 0.3609375 0.85625
0 0.5578125 0.746875 0.63125 0.746875 0.63125 0.85625 0.5578125 0.85625
0 0.6734375 0.815625 0.7359375 0.815625 0.7359375 0.8921875 0.6734375 0.8921875
0 0.471875 0.428125 0.540625 0.428125 0.540625 0.5265625 0.471875 0.5265625