1 0.3515625 0.2453125 0.503125 0.2453125 0.503125 0.465625 0.3515625 0.465625
1 0.484375 0.2265625 0.65 0.2265625 0.65 0.4734375 0.484375 0.4734375
1 0.6375 0.23125 0.8296875 0.23125 0.8296875 0.503125 0.6375 0.503125
1 0.4375 0.4125 0.565625 0.4125 0.565625 0.6484375 0.4375 0.6484375
1 0.4875 0.4859375 0.6515625 0.4859375 0.6515625 0.7625 0.4875 0.7625
1 0.4328125 0.7453125 0.5796875 0.7453125 0.5796875 0.9953125 0.4328125 0.9953125
1 0.2375 0.6703125 0.4109375 0.6703125 0.4109375 0.9421875 0.2375 0.9421875
1 0.3 0.5078125 0.4546875 0.5078125 0.4546875 0.759375 0.3 0.759375
1 0.2078125 0.425 0.3625 0.425 0.3625 0.671875 0.2078125 0.671875
1 0.2875 0.171875 0.409375 0.171875 0.409375 0.3515625 0.2875 0.3515625
1 0.4125 0.140625 0.559375 0.140625 0.559375 0.346875 0.4125 0.346875
1 0.3796875 0.571875 0.5265625 0.571875 0.5265625 0.8390625 0.3796875 0.8390625
1 0.1390625 0.878125 0.2765625 0.878125 0.2765625 0.9984375 0.1390625 0.9984375
1 0 0.8421875 0.121875 0.8421875 0.121875 0.996875 0 0.996875
1 0.0515625 0.803125 0.203125 0.803125 0.203125 1 0.0515625 1
1 0.2265625 0.2875 0.325 0.2875 0.325 0.4359375 0.2265625 0.4359375
1 0.253125 0.0515625 0.40625 0.0515625 0.40625 0.2921875 0.253125 0.2921875
1 0.5234375 0.846875 0.675 0.846875 0.675 0.9984375 0.5234375 0.9984375
1 0.1359375 0.459375 0.1984375 0.459375 0.1984375 0.5484375 0.1359375 0.5484375
0 0.5390625 0.5828125 0.590625 0.5828125 0.590625 0.6703125 0.5390625 0.6703125
0 0.6984375 0.3296875 0.75625 0.3296875 0.75625 0.415625 0.6984375 0.415625
0 0.540625 0.3109375 0.59375 0.3109375 0.59375 0.4 0.540625 0.4
0 0.40625 0.33125 0.4515625 0.33125 0.4515625 0.4140625 0.40625 0.4140625
0 0.471875 0.2109375 0.525 0.2109375 0.525 0.284375 0.471875 0.284375
0 0.3234375 0.2296875 0.371875 0.2296875 0.371875 0.2890625 0.3234375 0.2890625
0 0.3078125 0.14375 0.3484375 0.14375 0.3484375 0.2078125 0.3078125 0.2078125
0 0.2640625 0.3484375 0.29375 0.3484375 0.29375 0.39375 0.2640625 0.39375
0 0.259375 0.50625 0.3125 0.50625 0.3125 0.590625 0.259375 0.590625
0 0.296875 0.7640625 0.35 0.7640625 0.35 0.8578125 0.296875 0.8578125
0 0.4828125 0.83125 0.5359375 0.83125 0.5359375 0.9234375 0.4828125 0.9234375
0 0.5765625 0.9359375 0.625 0.9359375 0.625 0.996875 0.5765625 0.996875
0 0.478125 0.4921875 0.5265625 0.4921875 0.5265625 0.5734375 0.478125 0.5734375
0 0.1875 0.959375 0.2328125 0.959375 0.2328125 0.996875 0.1875 0.996875
0 0.0140625 0.93125 0.075 0.93125 0.075 0.9984375 0.0140625 0.9984375