1 0.3203125 0.16875 0.5109375 0.16875 0.5109375 0.440625 0.3203125 0.440625
1 0.446875 0.1046875 0.65625 0.1046875 0.65625 0.40625 0.446875 0.40625
1 0.5984375 0.0515625 0.8390625 0.0515625 0.8390625 0.3859375 0.5984375 0.3859375
1 0.4359375 0.309375 0.60625 0.309375 0.60625 0.5875 0.4359375 0.5875
1 0.5 0.3515625 0.7125 0.3515625 0.7125 0.6828125 0.5 0.6828125
1 0.49375 0.625 0.6859375 0.625 0.6859375 0.925 0.49375 0.925
1 0.2875 0.60625 0.509375 0.60625 0.509375 0.934375 0.2875 0.934375
1 0.31875 0.4359375 0.51875 0.4359375 0.51875 0.7390625 0.31875 0.7390625
1 0.2125 0.384375 0.4109375 0.384375 0.4109375 0.684375 0.2125 0.684375
1 0.24375 0.128125 0.4 0.128125 0.4 0.3484375 0.24375 0.3484375
1 0.3609375 0.05 0.5453125 0.05 0.5453125 0.30625 0.3609375 0.30625
1 0.409375 0.475 0.6046875 0.475 0.6046875 0.7921875 0.409375 0.7921875
1 0.2296875 0.8515625 0.3859375 0.8515625 0.3859375 0.9671875 0.2296875 0.9671875
1 0.0859375 0.8640625 0.234375 0.8640625 0.234375 0.990625 0.0859375 0.990625
1 0.128125 0.8 0.3140625 0.8 0.3140625 0.984375 0.128125 0.984375
1 0.2046875 0.2671875 0.3296875 0.2671875 0.3296875 0.4484375 0.2046875 0.4484375
1 0.1875 0.0109375 0.384375 0.0109375 0.384375 0.3046875 0.1875 0.3046875
1 0.6 0.6953125 0.778125 0.6953125 0.778125 0.896875 0.6 0.896875
1 0.1484375 0.4734375 0.2265625 0.4734375 0.2265625 0.584375 0.1484375 0.584375
0 0.56875 0.4703125 0.634375 0.4703125 0.634375 0.575 0.56875 0.575
0 0.678125 0.1734375 0.7515625 0.1734375 0.7515625 0.2796875 0.678125 0.2796875
0 0.5203125 0.20625 0.5875 0.20625 0.5875 0.3140625 0.5203125 0.3140625
0 0.390625 0.271875 0.4515625 0.271875 0.4515625 0.36875 0.390625 0.36875
0 0.4328125 0.1328125 0.4984375 0.1328125 0.4984375 0.2234375 0.4328125 0.2234375
0 0.290625 0.1984375 0.35 0.1984375 0.35 0.275 0.290625 0.275
0 0.259375 0.1234375 0.3125 0.1234375 0.3125 0.2015625 0.259375 0.2015625
0 0.2546875 0.3375 0.2921875 0.3375 0.2921875 0.3921875 0.2546875 0.3921875
0 0.278125 0.4828125 0.346875 0.4828125 0.346875 0.5859375 0.278125 0.5859375
0 0.3640625 0.71875 0.4328125 0.71875 0.4328125 0.8296875 0.3640625 0.8296875
0 0.5578125 0.7265625 0.628125 0.7265625 0.628125 0.8359375 0.5578125 0.8359375
0 0.66875 0.8 0.7296875 0.8 0.7296875 0.8765625 0.66875 0.8765625
0 0.490625 0.403125 0.5546875 0.403125 0.5546875 0.5015625 0.490625 0.5015625