1 0.3078125 0.2796875 0.4984375 0.2796875 0.4984375 0.5421875 0.3078125 0.5421875
1 0.4484375 0.2703125 0.6375 0.2703125 0.6375 0.5484375 0.4484375 0.5484375
1 0.6046875 0.2796875 0.815625 0.2796875 0.815625 0.58125 0.6046875 0.58125
1 0.4 0.45 0.578125 0.45 0.578125 0.728125 0.4 0.728125
1 0.478125 0.5375 0.6453125 0.5375 0.6453125 0.83125 0.478125 0.83125
1 0.4109375 0.7796875 0.6140625 0.7796875 0.6140625 1 0.4109375 1
1 0.2265625 0.7078125 0.428125 0.7078125 0.428125 1 0.2265625 1
1 0.2671875 0.5390625 0.475 0.5390625 0.475 0.840625 0.2671875 0.840625
1 0.1765625 0.4578125 0.36875 0.4578125 0.36875 0.7453125 0.1765625 0.7453125
1 0.25 0.2125 0.390625 0.2125 0.390625 0.415625 0.25 0.415625
1 0.371875 0.1828125 0.540625 0.1828125 0.540625 0.41875 0.371875 0.41875
1 0.3578125 0.6140625 0.5421875 0.6140625 0.5421875 0.9140625 0.3578125 0.9140625
1 0.140625 0.9140625 0.2953125 0.9140625 0.2953125 1 0.140625 1
1 0.0015625 0.875 0.14375 0.875 0.14375 1 0.0015625 1
1 0.046875 0.8359375 0.225 0.8359375 0.225 1 0.046875 1
1 0.19375 0.3265625 0.3125 0.3265625 0.3125 0.5 0.19375 0.5
1 0.2109375 0.0921875 0.38125 0.0921875 0.38125 0.3546875 0.2109375 0.3546875
1 0.525 0.89375 0.6921875 0.89375 0.6921875 1 0.525 1
1 0.115625 0.5 0.190625 0.5 0.190625 0.6046875 0.115625 0.6046875
0 0.528125 0.6390625 0.5875 0.6390625 0.5875 0.7359375 0.528125 0.7359375
0 0.675 0.390625 0.7359375 0.390625 0.7359375 0.4828125 0.675 0.4828125
0 0.515625 0.3671875 0.571875 0.3671875 0.571875 0.4609375 0.515625 0.4609375
0 0.378125 0.3828125 0.4359375 0.3828125 0.4359375 0.475 0.378125 0.475
0 0.4359375 0.259375 0.503125 0.259375 0.503125 0.3484375 0.4359375 0.3484375
0 0.29375 0.278125 0.3453125 0.278125 0.3453125 0.3453125 0.29375 0.3453125
0 0.2703125 0.190625 0.3203125 0.190625 0.3203125 0.2640625 0.2703125 0.2640625
0 0.240625 0.396875 0.275 0.396875 0.275 0.4453125 0.240625 0.4453125
0 0.24375 0.553125 0.303125 0.553125 0.303125 0.6484375 0.24375 0.6484375
0 0.29375 0.8109375 0.3609375 0.8109375 0.3609375 0.91875 0.29375 0.91875
0 0.48125 0.884375 0.55 0.884375 0.55 0.9921875 0.48125 0.9921875
0 0.5828125 0.99375 0.6421875 0.99375 0.6421875 1 0.5828125 1
0 0.4609375 0.546875 0.5171875 0.546875 0.5171875 0.6375 0.4609375 0.6375
0 0.021875 0.971875 0.0921875 0.971875 0.0921875 1 0.021875 1