1 0.3078125 0.2875 0.490625 0.2875 0.490625 0.540625 0.3078125 0.540625
1 0.4484375 0.2890625 0.63125 0.2890625 0.63125 0.5609375 0.4484375 0.5609375
1 0.603125 0.3140625 0.80625 0.3140625 0.80625 0.60625 0.603125 0.60625
1 0.3796875 0.4625 0.55 0.4625 0.55 0.73125 0.3796875 0.73125
1 0.4484375 0.55625 0.6078125 0.55625 0.6078125 0.8421875 0.4484375 0.8421875
1 0.3546875 0.79375 0.5515625 0.79375 0.5515625 1 0.3546875 1
1 0.1765625 0.7046875 0.3703125 0.7046875 0.3703125 1 0.1765625 1
1 0.2359375 0.540625 0.434375 0.540625 0.434375 0.8328125 0.2359375 0.8328125
1 0.1546875 0.4515625 0.3390625 0.4515625 0.3390625 0.7296875 0.1546875 0.7296875
1 0.2578125 0.2125 0.39375 0.2125 0.39375 0.4078125 0.2578125 0.4078125
1 0.3828125 0.1953125 0.5453125 0.1953125 0.5453125 0.421875 0.3828125 0.421875
1 0.31875 0.621875 0.4953125 0.621875 0.4953125 0.9140625 0.31875 0.9140625
1 0.0734375 0.8984375 0.2265625 0.8984375 0.2265625 1 0.0734375 1
1 0 0.8484375 0.0734375 0.8484375 0.0734375 1 0 1
1 0 0.815625 0.15625 0.815625 0.15625 1 0 1
1 0.190625 0.31875 0.3046875 0.31875 0.3046875 0.4859375 0.190625 0.4859375
1 0.2296875 0.090625 0.39375 0.090625 0.39375 0.346875 0.2296875 0.346875
1 0.459375 0.9140625 0.621875 0.9140625 0.621875 1 0.459375 1
1 0.0953125 0.48125 0.16875 0.48125 0.16875 0.5828125 0.0953125 0.5828125
0 0.4953125 0.6546875 0.5515625 0.6546875 0.5515625 0.75 0.4953125 0.75
0 0.6703125 0.421875 0.728125 0.421875 0.728125 0.5109375 0.6703125 0.5109375
0 0.5140625 0.384375 0.5671875 0.384375 0.5671875 0.475 0.5140625 0.475
0 0.371875 0.3875 0.428125 0.3875 0.428125 0.4765625 0.371875 0.4765625
0 0.44375 0.2703125 0.509375 0.2703125 0.509375 0.3578125 0.44375 0.3578125
0 0.3 0.275 0.3515625 0.275 0.3515625 0.340625 0.3 0.340625
0 0.2875 0.1859375 0.3328125 0.1859375 0.3328125 0.2578125 0.2875 0.2578125
0 0.234375 0.3875 0.2671875 0.3875 0.2671875 0.4359375 0.234375 0.4359375
0 0.21875 0.54375 0.2765625 0.54375 0.2765625 0.6375 0.21875 0.6375
0 0.2390625 0.8046875 0.3046875 0.8046875 0.3046875 0.909375 0.2390625 0.909375
0 0.4203125 0.89375 0.4859375 0.89375 0.4859375 0.9984375 0.4203125 0.9984375
0 0.4375 0.55625 0.4921875 0.55625 0.4921875 0.64375 0.4375 0.64375
0 0.1265625 0.9921875 0.171875 0.9921875 0.171875 1 0.1265625 1
0 0 0.940625 0.01875 0.940625 0.01875 1 0 1