1 0.1203125 0.528125 0.3625 0.528125 0.3625 0.8203125 0.1203125 0.8203125
1 0.55 0.5546875 0.9421875 0.5546875 0.9421875 0.9578125 0.55 0.9578125
1 0.7296875 0.33125 0.94375 0.33125 0.94375 0.5265625 0.7296875 0.5265625
1 0.6828125 0.1453125 0.85625 0.1453125 0.85625 0.3203125 0.6828125 0.3203125
1 0.859375 0.1984375 0.9984375 0.1984375 0.9984375 0.328125 0.859375 0.328125
1 0.7625 0.0953125 0.890625 0.0953125 0.890625 0.215625 0.7625 0.215625
1 0.853125 0.065625 0.971875 0.065625 0.971875 0.1421875 0.853125 0.1421875
1 0.5953125 0.0703125 0.73125 0.0703125 0.73125 0.1546875 0.5953125 0.1546875
1 0.63125 0 0.7515625 0 0.7515625 0.090625 0.63125 0.090625
1 0.3703125 0.046875 0.509375 0.046875 0.509375 0.15 0.3703125 0.15
1 0.409375 0.140625 0.5796875 0.140625 0.5796875 0.2796875 0.409375 0.2796875
1 0.3859375 0.3 0.5515625 0.3 0.5515625 0.4515625 0.3859375 0.4515625
1 0.10625 0.2203125 0.334375 0.2203125 0.334375 0.43125 0.10625 0.43125
1 0 0.1609375 0.134375 0.1609375 0.134375 0.3 0 0.3
1 0.1875 0.078125 0.353125 0.078125 0.353125 0.1984375 0.1875 0.1984375
1 0.2015625 0.0015625 0.3484375 0.0015625 0.3484375 0.1125 0.2015625 0.1125
1 0.0375 0.0828125 0.184375 0.0828125 0.184375 0.1890625 0.0375 0.1890625