1 0.234375 0.6359375 0.621875 0.6359375 0.621875 1 0.234375 1
1 0.5875 0.396875 1 0.396875 1 1 0.5875 1
1 0.603125 0.2171875 0.9046875 0.2171875 0.9046875 0.55 0.603125 0.55
1 0.453125 0.0875 0.709375 0.0875 0.709375 0.371875 0.453125 0.371875
1 0.6296875 0.1109375 0.8265625 0.1109375 0.8265625 0.3 0.6296875 0.3
1 0.490625 0.0859375 0.6703125 0.0859375 0.6703125 0.2328125 0.490625 0.2328125
1 0.3375 0.0734375 0.5078125 0.0734375 0.5078125 0.2484375 0.3375 0.2484375
1 0.3296875 0.0578125 0.484375 0.0578125 0.484375 0.1703125 0.3296875 0.1703125
1 0.14375 0.14375 0.328125 0.14375 0.328125 0.3375 0.14375 0.3375
1 0.23125 0.196875 0.4625 0.196875 0.4625 0.4453125 0.23125 0.4453125
1 0.3109375 0.35625 0.5453125 0.35625 0.5453125 0.6140625 0.3109375 0.6140625
1 0.0375 0.3625 0.3640625 0.3625 0.3640625 0.7203125 0.0375 0.7203125
1 0.025 0.4234375 0.1203125 0.4234375 0.1203125 0.6296875 0.025 0.6296875
1 0.01875 0.234375 0.234375 0.234375 0.234375 0.4625 0.01875 0.4625
1 0.009375 0.171875 0.1765625 0.171875 0.1765625 0.3734375 0.009375 0.3734375
1 0.01875 0.3296875 0.09375 0.3296875 0.09375 0.5109375 0.01875 0.5109375