1 0.1203125 0.528125 0.3625 0.528125 0.3625 0.8203125 0.1203125 0.8203125
1 0.559375 0.5640625 0.93125 0.5640625 0.93125 0.9484375 0.559375 0.9484375
1 0.7375 0.340625 0.9359375 0.340625 0.9359375 0.51875 0.7375 0.51875
1 0.675 0.1375 0.8640625 0.1375 0.8640625 0.3296875 0.675 0.3296875
1 0.8609375 0.2 0.996875 0.2 0.996875 0.3265625 0.8609375 0.3265625
1 0.765625 0.0953125 0.8875 0.0953125 0.8875 0.2140625 0.765625 0.2140625
1 0.8515625 0.059375 0.9734375 0.059375 0.9734375 0.146875 0.8515625 0.146875
1 0.5921875 0.065625 0.734375 0.065625 0.734375 0.159375 0.5921875 0.159375
1 0.634375 0.0046875 0.75 0.0046875 0.75 0.0859375 0.634375 0.0859375
1 0.3671875 0.040625 0.5109375 0.040625 0.5109375 0.1546875 0.3671875 0.1546875
1 0.4125 0.1453125 0.575 0.1453125 0.575 0.275 0.4125 0.275
1 0.3859375 0.3 0.5515625 0.3 0.5515625 0.4515625 0.3859375 0.4515625
1 0.109375 0.221875 0.3328125 0.221875 0.3328125 0.4296875 0.109375 0.4296875
1 0 0.1609375 0.134375 0.1609375 0.134375 0.3 0 0.3
1 0.1890625 0.08125 0.3515625 0.08125 0.3515625 0.1953125 0.1890625 0.1953125
1 0.1984375 0 0.3484375 0 0.3484375 0.1125 0.1984375 0.1125
1 0.0390625 0.0859375 0.1828125 0.0859375 0.1828125 0.1859375 0.0390625 0.1859375