1 0.1515625 0.5734375 0.48125 0.5734375 0.48125 0.9484375 0.1515625 0.9484375
1 0.5671875 0.4453125 1 0.4453125 1 0.9734375 0.5671875 0.9734375
1 0.675 0.24375 0.9296875 0.24375 0.9296875 0.4953125 0.675 0.4953125
1 0.553125 0.0703125 0.7984375 0.0703125 0.7984375 0.325 0.553125 0.325
1 0.7484375 0.0984375 0.9234375 0.0984375 0.9234375 0.2734375 0.7484375 0.2734375
1 0.625 0.0328125 0.784375 0.0328125 0.784375 0.1875 0.625 0.1875
1 0.6984375 0.0359375 0.8390625 0.0359375 0.8390625 0.096875 0.6984375 0.096875
1 0.4578125 0.0421875 0.615625 0.0421875 0.615625 0.175 0.4578125 0.175
1 0.471875 0.025 0.6125 0.025 0.6125 0.0984375 0.471875 0.0984375
1 0.2359375 0.078125 0.403125 0.078125 0.403125 0.2265625 0.2359375 0.2265625
1 0.3046875 0.1515625 0.5078125 0.1515625 0.5078125 0.3421875 0.3046875 0.3421875
1 0.328125 0.3046875 0.5453125 0.3046875 0.5453125 0.521875 0.328125 0.521875
1 0.034375 0.278125 0.3359375 0.278125 0.3359375 0.5828125 0.034375 0.5828125
1 0.003125 0.296875 0.0875 0.296875 0.0875 0.4625 0.003125 0.4625
1 0.075 0.1484375 0.2703125 0.1484375 0.2703125 0.3234375 0.075 0.3234375
1 0.0625 0.075 0.2375 0.075 0.2375 0.2359375 0.0625 0.2359375
1 0.0015625 0.1984375 0.1109375 0.1984375 0.1109375 0.3546875 0.0015625 0.3546875