1 0.15625 0.5515625 0.525 0.5515625 0.525 0.9546875 0.15625 0.9546875
1 0.5484375 0.2625 0.9921875 0.2625 0.9921875 0.8375 0.5484375 0.8375
1 0.615625 0.08125 0.890625 0.08125 0.890625 0.3609375 0.615625 0.3609375
1 0.4703125 0 0.7359375 0 0.7359375 0.2328125 0.4703125 0.2328125
1 0.6625 0 0.8515625 0 0.8515625 0.128125 0.6625 0.128125
1 0.5296875 0 0.703125 0 0.703125 0.0859375 0.5296875 0.0859375
1 0.3703125 0 0.534375 0 0.534375 0.1265625 0.3703125 0.1265625
1 0.3734375 0 0.5203125 0 0.5203125 0.0484375 0.3734375 0.0484375
1 0.159375 0.075 0.3359375 0.075 0.3359375 0.2453125 0.159375 0.2453125
1 0.2390625 0.1171875 0.45625 0.1171875 0.45625 0.33125 0.2390625 0.33125
1 0.284375 0.25625 0.5203125 0.25625 0.5203125 0.496875 0.284375 0.496875
1 0 0.303125 0.3234375 0.303125 0.3234375 0.640625 0 0.640625
1 0 0.3828125 0.065625 0.3828125 0.065625 0.5609375 0 0.5609375
1 0.0140625 0.1875 0.21875 0.1875 0.21875 0.384375 0.0140625 0.384375
1 0 0.1234375 0.175 0.1234375 0.175 0.3046875 0 0.3046875
1 0 0.28125 0.06875 0.28125 0.06875 0.453125 0 0.453125