1 0.1171875 0.5265625 0.365625 0.5265625 0.365625 0.821875 0.1171875 0.821875
1 0.55 0.5546875 0.9421875 0.5546875 0.9421875 0.9578125 0.55 0.9578125
1 0.734375 0.3359375 0.9390625 0.3359375 0.9390625 0.521875 0.734375 0.521875
1 0.6734375 0.1375 0.865625 0.1375 0.865625 0.3296875 0.6734375 0.3296875
1 0.859375 0.1984375 0.9984375 0.1984375 0.9984375 0.328125 0.859375 0.328125
1 0.7625 0.0953125 0.890625 0.0953125 0.890625 0.215625 0.7625 0.215625
1 0.853125 0.0609375 0.9734375 0.0609375 0.9734375 0.1453125 0.853125 0.1453125
1 0.5953125 0.06875 0.73125 0.06875 0.73125 0.1546875 0.5953125 0.1546875
1 0.6328125 0.0015625 0.7515625 0.0015625 0.7515625 0.0890625 0.6328125 0.0890625
1 0.3703125 0.046875 0.509375 0.046875 0.509375 0.15 0.3703125 0.15
1 0.409375 0.1421875 0.578125 0.1421875 0.578125 0.2765625 0.409375 0.2765625
1 0.3828125 0.2953125 0.55625 0.2953125 0.55625 0.45625 0.3828125 0.45625
1 0.1 0.2125 0.340625 0.2125 0.340625 0.4390625 0.1 0.4390625
1 0.0015625 0.1671875 0.128125 0.1671875 0.128125 0.29375 0.0015625 0.29375
1 0.1875 0.0796875 0.353125 0.0796875 0.353125 0.196875 0.1875 0.196875
1 0.2015625 0.0015625 0.3484375 0.0015625 0.3484375 0.1125 0.2015625 0.1125
1 0.0359375 0.0828125 0.1875 0.0828125 0.1875 0.190625 0.0359375 0.190625