1 0.2375 0.58125 0.6265625 0.58125 0.6265625 0.9671875 0.2375 0.9671875
1 0.6078125 0.2953125 1 0.2953125 1 0.83125 0.6078125 0.83125
1 0.625 0.1078125 0.909375 0.1078125 0.909375 0.371875 0.625 0.371875
1 0.4546875 0 0.7375 0 0.7375 0.25 0.4546875 0.25
1 0.646875 0 0.8421875 0 0.8421875 0.1421875 0.646875 0.1421875
1 0.509375 0 0.6859375 0 0.6859375 0.103125 0.509375 0.103125
1 0.3484375 0 0.5296875 0 0.5296875 0.1515625 0.3484375 0.1515625
1 0.35 0 0.4984375 0 0.4984375 0.0671875 0.35 0.0671875
1 0.1515625 0.0953125 0.346875 0.0953125 0.346875 0.2734375 0.1515625 0.2734375
1 0.2484375 0.1453125 0.471875 0.1453125 0.471875 0.3484375 0.2484375 0.3484375
1 0.3203125 0.2875 0.55625 0.2875 0.55625 0.509375 0.3203125 0.509375
1 0.0484375 0.3453125 0.36875 0.3453125 0.36875 0.646875 0.0484375 0.646875
1 0.03125 0.403125 0.128125 0.403125 0.128125 0.5953125 0.03125 0.5953125
1 0.03125 0.2171875 0.24375 0.2171875 0.24375 0.40625 0.03125 0.40625
1 0.0125 0.1515625 0.190625 0.1515625 0.190625 0.33125 0.0125 0.33125
1 0.0234375 0.3140625 0.1015625 0.3140625 0.1015625 0.478125 0.0234375 0.478125