1 0.0109375 0.2046875 0.4 0.2046875 0.4 0.640625 0.0109375 0.640625
1 0.240625 0.4578125 0.815625 0.4578125 0.815625 0.9671875 0.240625 0.9671875
1 0.665625 0.3953125 0.9625 0.3953125 0.9625 0.7265625 0.665625 0.7265625
1 0.7671875 0.2171875 1 0.2171875 1 0.5 0.7671875 0.5
1 0.8953125 0.378125 1 0.378125 1 0.5859375 0.8953125 0.5859375
1 0.896875 0.2359375 1 0.2359375 1 0.428125 0.896875 0.428125
1 0.8125 0.109375 0.975 0.109375 0.975 0.2859375 0.8125 0.2859375
1 0.88125 0.0765625 1 0.0765625 1 0.24375 0.88125 0.24375
1 0.6453125 0 0.8234375 0 0.8234375 0.1546875 0.6453125 0.1546875
1 0.5890625 0.05625 0.8140625 0.05625 0.8140625 0.30625 0.5890625 0.30625
1 0.4578125 0.1765625 0.6890625 0.1765625 0.6890625 0.4328125 0.4578125 0.4328125
1 0.259375 0 0.5796875 0 0.5796875 0.3 0.259375 0.3
1 0.2703125 0 0.4671875 0 0.4671875 0.065625 0.2703125 0.065625
1 0.4765625 0 0.684375 0 0.684375 0.109375 0.4765625 0.109375
1 0.5453125 0 0.73125 0 0.73125 0.03125 0.5453125 0.03125
1 0.3734375 0 0.5546875 0 0.5546875 0.0015625 0.3734375 0.0015625