1 0.0109375 0.3625 0.34375 0.3625 0.34375 0.7609375 0.0109375 0.7609375
1 0.384375 0.446875 0.8703125 0.446875 0.8703125 0.9375 0.384375 0.9375
1 0.6953125 0.275 0.946875 0.275 0.946875 0.5390625 0.6953125 0.5390625
1 0.6984375 0.0640625 0.946875 0.0640625 0.946875 0.3375 0.6984375 0.3375
1 0.875 0.1703125 0.9875 0.1703125 0.9875 0.3484375 0.875 0.3484375
1 0.8234375 0.046875 0.98125 0.046875 0.98125 0.2171875 0.8234375 0.2171875
1 0.9265625 0.034375 0.9921875 0.034375 0.9921875 0.1625 0.9265625 0.1625
1 0.678125 0 0.846875 0 0.846875 0.1421875 0.678125 0.1421875
1 0.7421875 0 0.88125 0 0.88125 0.0671875 0.7421875 0.0671875
1 0.465625 0 0.64375 0 0.64375 0.103125 0.465625 0.103125
1 0.4703125 0.0359375 0.6703125 0.0359375 0.6703125 0.2359375 0.4703125 0.2359375
1 0.3859375 0.184375 0.596875 0.184375 0.596875 0.4078125 0.3859375 0.4078125
1 0.13125 0.0578125 0.415625 0.0578125 0.415625 0.3625 0.13125 0.3625
1 0.071875 0 0.2484375 0 0.2484375 0.1890625 0.071875 0.1890625
1 0.284375 0 0.4796875 0 0.4796875 0.121875 0.284375 0.121875
1 0.321875 0 0.5015625 0 0.5015625 0.0375 0.321875 0.0375
1 0.1453125 0 0.3171875 0 0.3171875 0.0859375 0.1453125 0.0859375