1 0.178125 0.6078125 0.5234375 0.6078125 0.5234375 0.98125 0.178125 0.98125
1 0.421875 0.5078125 0.65 0.5078125 0.65 0.76875 0.421875 0.76875
1 0.1546875 0.475 0.434375 0.475 0.434375 0.7125 0.1546875 0.7125
1 0.053125 0.74375 0.2671875 0.74375 0.2671875 0.9984375 0.053125 0.9984375
1 0.4578125 0.259375 0.734375 0.259375 0.734375 0.540625 0.4578125 0.540625
1 0.5671875 0.0875 0.821875 0.0875 0.821875 0.3109375 0.5671875 0.3109375
1 0.709375 0 0.928125 0 0.928125 0.1703125 0.709375 0.1703125
1 0.73125 0.2578125 0.925 0.2578125 0.925 0.4890625 0.73125 0.4890625
1 0.3578125 0.1953125 0.6171875 0.1953125 0.6171875 0.39375 0.3578125 0.39375
0 0.3109375 0.75 0.3953125 0.75 0.3953125 0.8484375 0.3109375 0.8484375
0 0.1375 0.8796875 0.1890625 0.8796875 0.1890625 0.946875 0.1375 0.946875
0 0.496875 0.6125 0.553125 0.6125 0.553125 0.678125 0.496875 0.678125
0 0.5671875 0.371875 0.6296875 0.371875 0.6296875 0.440625 0.5671875 0.440625
0 0.6625 0.21875 0.7171875 0.21875 0.7171875 0.26875 0.6625 0.26875
0 0.7875 0.078125 0.8375 0.078125 0.8375 0.1328125 0.7875 0.1328125
0 0.8015625 0.371875 0.85 0.371875 0.85 0.4296875 0.8015625 0.4296875
0 0.4625 0.296875 0.5078125 0.296875 0.5078125 0.3421875 0.4625 0.3421875
0 0.26875 0.603125 0.328125 0.603125 0.328125 0.64375 0.26875 0.64375
1 0.0125 0.6328125 0.1875 0.6328125 0.1875 0.8734375 0.0125 0.8734375