1 0.21875 0.5953125 0.66875 0.5953125 0.66875 1 0.21875 1
1 0.4203125 0.4625 0.7234375 0.4625 0.7234375 0.7859375 0.4203125 0.7859375
1 0.15 0.4859375 0.509375 0.4859375 0.509375 0.821875 0.15 0.821875
1 0.153125 0.8125 0.4203125 0.8125 0.4203125 1 0.153125 1
1 0.3796875 0.1984375 0.7359375 0.1984375 0.7359375 0.5578125 0.3796875 0.5578125
1 0.4390625 0.0140625 0.74375 0.0140625 0.74375 0.2984375 0.4390625 0.2984375
1 0.5484375 0.003125 0.8 0.003125 0.8 0.1203125 0.5484375 0.1203125
1 0.6375 0.1390625 0.903125 0.1390625 0.903125 0.4265625 0.6375 0.4265625
1 0.26875 0.178125 0.575 0.178125 0.575 0.44375 0.26875 0.44375
0 0.39375 0.775 0.5 0.775 0.5 0.8890625 0.39375 0.8890625
0 0.2671875 0.959375 0.3328125 0.959375 0.3328125 1 0.2671875 1
0 0.53125 0.5953125 0.5984375 0.5953125 0.5984375 0.671875 0.53125 0.671875
0 0.51875 0.3390625 0.6046875 0.3390625 0.6046875 0.428125 0.51875 0.428125
0 0.5671875 0.1703125 0.6328125 0.1703125 0.6328125 0.2328125 0.5671875 0.2328125
0 0.6421875 0.003125 0.7078125 0.003125 0.7078125 0.0671875 0.6421875 0.0671875
0 0.746875 0.275 0.8078125 0.275 0.8078125 0.3421875 0.746875 0.3421875
0 0.3984375 0.30625 0.45625 0.30625 0.45625 0.3640625 0.3984375 0.3640625
0 0.30625 0.653125 0.378125 0.653125 0.378125 0.7109375 0.30625 0.7109375
1 0.075 0.725 0.309375 0.725 0.309375 1 0.075 1