1 0.1265625 0.5953125 0.5 0.5953125 0.5 0.9828125 0.1265625 0.9828125
1 0.384375 0.503125 0.6328125 0.503125 0.6328125 0.775 0.384375 0.775
1 0.115625 0.453125 0.4265625 0.453125 0.4265625 0.7203125 0.115625 0.7203125
1 0.009375 0.734375 0.2265625 0.734375 0.2265625 0.9890625 0.009375 0.9890625
1 0.4359375 0.25625 0.734375 0.25625 0.734375 0.5515625 0.4359375 0.5515625
1 0.565625 0.09375 0.828125 0.09375 0.828125 0.31875 0.565625 0.31875
1 0.7171875 0.0109375 0.940625 0.0109375 0.940625 0.18125 0.7171875 0.18125
1 0.709375 0.2640625 0.928125 0.2640625 0.928125 0.50625 0.709375 0.50625
1 0.3484375 0.19375 0.61875 0.19375 0.61875 0.396875 0.3484375 0.396875
0 0.271875 0.7453125 0.3578125 0.7453125 0.3578125 0.8421875 0.271875 0.8421875
0 0.0921875 0.8671875 0.14375 0.8671875 0.14375 0.934375 0.0921875 0.934375
0 0.46875 0.6140625 0.525 0.6140625 0.525 0.678125 0.46875 0.678125
0 0.5515625 0.3734375 0.621875 0.3734375 0.621875 0.446875 0.5515625 0.446875
0 0.6609375 0.2265625 0.7171875 0.2265625 0.7171875 0.2765625 0.6609375 0.2765625
0 0.79375 0.0875 0.85 0.0875 0.85 0.1453125 0.79375 0.1453125
0 0.790625 0.384375 0.8390625 0.384375 0.8390625 0.440625 0.790625 0.440625
0 0.4546875 0.2953125 0.503125 0.2953125 0.503125 0.3421875 0.4546875 0.3421875
0 0.2421875 0.5953125 0.3046875 0.5953125 0.3046875 0.6375 0.2421875 0.6375
1 0 0.6171875 0.1578125 0.6171875 0.1578125 0.859375 0 0.859375