1 0.0390625 0.4125 0.5046875 0.4125 0.5046875 0.9625 0.0390625 0.9625
1 0.34375 0.3796875 0.6484375 0.3796875 0.6484375 0.75 0.34375 0.75
1 0.109375 0.2953125 0.453125 0.2953125 0.453125 0.6609375 0.109375 0.6609375
1 0.00625 0.553125 0.2109375 0.553125 0.2109375 0.8953125 0.00625 0.8953125
1 0.453125 0.1359375 0.8046875 0.1359375 0.8046875 0.540625 0.453125 0.540625
1 0.6296875 0 0.940625 0 0.940625 0.321875 0.6296875 0.321875
1 0.80625 0 1 0 1 0.2 0.80625 0.2
1 0.7296875 0.1953125 0.984375 0.1953125 0.984375 0.509375 0.7296875 0.509375
1 0.4109375 0.065625 0.70625 0.065625 0.70625 0.3609375 0.4109375 0.3609375
0 0.2203125 0.628125 0.3234375 0.628125 0.3234375 0.7578125 0.2203125 0.7578125
0 0.021875 0.728125 0.0921875 0.728125 0.0921875 0.8171875 0.021875 0.8171875
0 0.446875 0.5234375 0.521875 0.5234375 0.521875 0.615625 0.446875 0.615625
0 0.584375 0.29375 0.6703125 0.29375 0.6703125 0.3953125 0.584375 0.3953125
0 0.734375 0.1625 0.8 0.1625 0.8 0.234375 0.734375 0.234375
0 0.8953125 0.0453125 0.9578125 0.0453125 0.9578125 0.1203125 0.8953125 0.1203125
0 0.8125 0.3359375 0.88125 0.3359375 0.88125 0.4203125 0.8125 0.4203125
0 0.515625 0.2 0.58125 0.2 0.58125 0.275 0.515625 0.275
0 0.240625 0.471875 0.3109375 0.471875 0.3109375 0.54375 0.240625 0.54375
1 0.0046875 0.4359375 0.175 0.4359375 0.175 0.7546875 0.0046875 0.7546875