1 0.2546875 0.4828125 0.7359375 0.4828125 0.7359375 0.9640625 0.2546875 0.9640625
1 0.428125 0.3328125 0.7515625 0.3328125 0.7515625 0.715625 0.428125 0.715625
1 0.1765625 0.43125 0.534375 0.43125 0.534375 0.8203125 0.1765625 0.8203125
1 0.20625 0.7484375 0.5140625 0.7484375 0.5140625 0.9703125 0.20625 0.9703125
1 0.35 0.0765625 0.725 0.0765625 0.725 0.50625 0.35 0.50625
1 0.3703125 0 0.7 0 0.7 0.2484375 0.3703125 0.2484375
1 0.459375 0 0.73125 0 0.73125 0.046875 0.459375 0.046875
1 0.59375 0 0.8734375 0 0.8734375 0.3015625 0.59375 0.3015625
1 0.23125 0.096875 0.5546875 0.096875 0.5546875 0.4375 0.23125 0.4375
0 0.4390625 0.690625 0.559375 0.690625 0.559375 0.834375 0.4390625 0.834375
0 0.34375 0.91875 0.41875 0.91875 0.41875 0.9515625 0.34375 0.9515625
0 0.5453125 0.4890625 0.6234375 0.4890625 0.6234375 0.5828125 0.5453125 0.5828125
0 0.4984375 0.24375 0.5859375 0.24375 0.5859375 0.346875 0.4984375 0.346875
0 0.515625 0.0671875 0.5875 0.0671875 0.5875 0.146875 0.515625 0.146875
0 0.7078125 0.1171875 0.778125 0.1171875 0.778125 0.2 0.7078125 0.2
0 0.371875 0.253125 0.4328125 0.253125 0.4328125 0.3234375 0.371875 0.3234375
0 0.3359375 0.6109375 0.409375 0.6109375 0.409375 0.6859375 0.3359375 0.6859375
1 0.11875 0.7046875 0.3859375 0.7046875 0.3859375 0.9828125 0.11875 0.9828125