1 0.315625 0.5390625 0.83125 0.5390625 0.83125 0.9859375 0.315625 0.9859375
1 0.4640625 0.3890625 0.815625 0.3890625 0.815625 0.7484375 0.4640625 0.7484375
1 0.2234375 0.4828125 0.6078125 0.4828125 0.6078125 0.85 0.2234375 0.85
1 0.2953125 0.7984375 0.6203125 0.7984375 0.6203125 0.9875 0.2953125 0.9875
1 0.3515625 0.1359375 0.7578125 0.1359375 0.7578125 0.5390625 0.3515625 0.5390625
1 0.3453125 0 0.696875 0 0.696875 0.284375 0.3453125 0.284375
1 0.421875 0 0.703125 0 0.703125 0.0875 0.421875 0.0875
1 0.578125 0.028125 0.8828125 0.028125 0.8828125 0.3421875 0.578125 0.3421875
1 0.23125 0.15 0.5765625 0.15 0.5765625 0.471875 0.23125 0.471875
0 0.5140625 0.7375 0.646875 0.7375 0.646875 0.871875 0.5140625 0.871875
0 0.5921875 0.5359375 0.678125 0.5359375 0.678125 0.625 0.5921875 0.625
0 0.5109375 0.29375 0.60625 0.29375 0.60625 0.390625 0.5109375 0.390625
0 0.503125 0.1171875 0.58125 0.1171875 0.58125 0.1921875 0.503125 0.1921875
0 0.528125 0 0.603125 0 0.603125 0.009375 0.528125 0.009375
0 0.70625 0.16875 0.7828125 0.16875 0.7828125 0.2484375 0.70625 0.2484375
0 0.3828125 0.2984375 0.4484375 0.2984375 0.4484375 0.3640625 0.3828125 0.3640625
0 0.3984375 0.6546875 0.4734375 0.6546875 0.4734375 0.7234375 0.3984375 0.7234375
1 0.1984375 0.7515625 0.4875 0.7515625 0.4875 0.9921875 0.1984375 0.9921875