1 0.23125 0.58125 0.69375 0.58125 0.69375 0.996875 0.23125 0.996875
1 0.434375 0.453125 0.7390625 0.453125 0.7390625 0.775 0.434375 0.775
1 0.175 0.4921875 0.515625 0.4921875 0.515625 0.8046875 0.175 0.8046875
1 0.1640625 0.7984375 0.45 0.7984375 0.45 0.9984375 0.1640625 0.9984375
1 0.3921875 0.19375 0.7421875 0.19375 0.7421875 0.54375 0.3921875 0.54375
1 0.440625 0.0015625 0.75 0.0015625 0.75 0.290625 0.440625 0.290625
1 0.54375 0 0.80625 0 0.80625 0.115625 0.54375 0.115625
1 0.6515625 0.13125 0.9046875 0.13125 0.9046875 0.4078125 0.6515625 0.4078125
1 0.2828125 0.1796875 0.5765625 0.1796875 0.5765625 0.428125 0.2828125 0.428125
0 0.4140625 0.7671875 0.5171875 0.7671875 0.5171875 0.88125 0.4140625 0.88125
0 0.2890625 0.9515625 0.3578125 0.9515625 0.3578125 0.996875 0.2890625 0.996875
0 0.5421875 0.584375 0.6171875 0.584375 0.6171875 0.6640625 0.5421875 0.6640625
0 0.528125 0.328125 0.6140625 0.328125 0.6140625 0.41875 0.528125 0.41875
0 0.571875 0.159375 0.6390625 0.159375 0.6390625 0.221875 0.571875 0.221875
0 0.64375 0 0.7078125 0 0.7078125 0.053125 0.64375 0.053125
0 0.75 0.2578125 0.81875 0.2578125 0.81875 0.33125 0.75 0.33125
0 0.4015625 0.2953125 0.4671875 0.2953125 0.4671875 0.3609375 0.4015625 0.3609375
0 0.321875 0.6453125 0.39375 0.6453125 0.39375 0.70625 0.321875 0.70625
1 0.084375 0.715625 0.3390625 0.715625 0.3390625 0.9984375 0.084375 0.9984375