1 0.1765625 0.6078125 0.525 0.6078125 0.525 0.9828125 0.1765625 0.9828125
1 0.4203125 0.50625 0.65 0.50625 0.65 0.7703125 0.4203125 0.7703125
1 0.1484375 0.465625 0.440625 0.465625 0.440625 0.721875 0.1484375 0.721875
1 0.0609375 0.7484375 0.259375 0.7484375 0.259375 0.996875 0.0609375 0.996875
1 0.45625 0.2578125 0.7359375 0.2578125 0.7359375 0.54375 0.45625 0.54375
1 0.5703125 0.090625 0.81875 0.090625 0.81875 0.30625 0.5703125 0.30625
1 0.7125 0.003125 0.925 0.003125 0.925 0.165625 0.7125 0.165625
1 0.728125 0.25625 0.9296875 0.25625 0.9296875 0.4921875 0.728125 0.4921875
1 0.3578125 0.196875 0.615625 0.196875 0.615625 0.3921875 0.3578125 0.3921875
0 0.3125 0.7515625 0.3921875 0.7515625 0.3921875 0.8453125 0.3125 0.8453125
0 0.1390625 0.8796875 0.1875 0.8796875 0.1875 0.9453125 0.1390625 0.9453125
0 0.5 0.6140625 0.55 0.6140625 0.55 0.6765625 0.5 0.6765625
0 0.565625 0.3703125 0.6296875 0.3703125 0.6296875 0.4421875 0.565625 0.4421875
0 0.6640625 0.2203125 0.7171875 0.2203125 0.7171875 0.26875 0.6640625 0.26875
0 0.7875 0.078125 0.8375 0.078125 0.8375 0.1328125 0.7875 0.1328125
0 0.803125 0.371875 0.8484375 0.371875 0.8484375 0.428125 0.803125 0.428125
0 0.4625 0.296875 0.5078125 0.296875 0.5078125 0.3421875 0.4625 0.3421875
0 0.26875 0.603125 0.328125 0.603125 0.328125 0.64375 0.26875 0.64375
1 0.015625 0.634375 0.184375 0.634375 0.184375 0.8703125 0.015625 0.8703125