1 0.1734375 0.603125 0.528125 0.603125 0.528125 0.9859375 0.1734375 0.9859375
1 0.421875 0.5078125 0.65 0.5078125 0.65 0.76875 0.421875 0.76875
1 0.15625 0.4765625 0.4328125 0.4765625 0.4328125 0.7125 0.15625 0.7125
1 0.053125 0.74375 0.2671875 0.74375 0.2671875 0.9984375 0.053125 0.9984375
1 0.4609375 0.2625 0.7328125 0.2625 0.7328125 0.5390625 0.4609375 0.5390625
1 0.5703125 0.0890625 0.8203125 0.0890625 0.8203125 0.3078125 0.5703125 0.3078125
1 0.709375 0 0.928125 0 0.928125 0.1703125 0.709375 0.1703125
1 0.734375 0.2609375 0.921875 0.2609375 0.921875 0.4859375 0.734375 0.4859375
1 0.3625 0.20625 0.6109375 0.20625 0.6109375 0.384375 0.3625 0.384375
0 0.3140625 0.7515625 0.390625 0.7515625 0.390625 0.8453125 0.3140625 0.8453125
0 0.1375 0.8796875 0.1890625 0.8796875 0.1890625 0.9453125 0.1375 0.9453125
0 0.496875 0.6125 0.553125 0.6125 0.553125 0.678125 0.496875 0.678125
0 0.565625 0.3703125 0.6296875 0.3703125 0.6296875 0.4421875 0.565625 0.4421875
0 0.6640625 0.2203125 0.7171875 0.2203125 0.7171875 0.26875 0.6640625 0.26875
0 0.7890625 0.0796875 0.8375 0.0796875 0.8375 0.1328125 0.7890625 0.1328125
0 0.8 0.3703125 0.8515625 0.3703125 0.8515625 0.4296875 0.8 0.4296875
0 0.459375 0.29375 0.509375 0.29375 0.509375 0.34375 0.459375 0.34375
0 0.26875 0.6015625 0.328125 0.6015625 0.328125 0.6453125 0.26875 0.6453125
1 0.009375 0.6296875 0.1921875 0.6296875 0.1921875 0.875 0.009375 0.875