1 0.0546875 0.221875 0.3046875 0.221875 0.3046875 0.4703125 0.0546875 0.4703125
1 0.3015625 0.2421875 0.51875 0.2421875 0.51875 0.4609375 0.3015625 0.4609375
1 0.30625 0.08125 0.51875 0.08125 0.51875 0.290625 0.30625 0.290625
1 0.4796875 0.0953125 0.71875 0.0953125 0.71875 0.321875 0.4796875 0.321875
1 0.4921875 0.2484375 0.76875 0.2484375 0.76875 0.48125 0.4921875 0.48125
1 0.7265625 0.196875 0.9703125 0.196875 0.9703125 0.440625 0.7265625 0.440625
1 0.184375 0.3859375 0.4109375 0.3859375 0.4109375 0.5625 0.184375 0.5625
1 0.4296875 0.3765625 0.6921875 0.3765625 0.6921875 0.625 0.4296875 0.625
1 0.640625 0.4078125 0.834375 0.4078125 0.834375 0.5765625 0.640625 0.5765625
1 0.6078125 0.5453125 0.8109375 0.5453125 0.8109375 0.753125 0.6078125 0.753125
1 0.4546875 0.534375 0.6578125 0.534375 0.6578125 0.74375 0.4546875 0.74375
1 0.2828125 0.5 0.51875 0.5 0.51875 0.6953125 0.2828125 0.6953125
1 0.134375 0.75 0.328125 0.75 0.328125 0.9578125 0.134375 0.9578125