1 0.2140625 0 0.540625 0 0.540625 0.2828125 0.2140625 0.2828125
1 0.403125 0.025 0.709375 0.025 0.709375 0.3734375 0.403125 0.3734375
1 0.521875 0 0.8109375 0 0.8109375 0.215625 0.521875 0.215625
1 0.6375 0 0.9609375 0 0.9609375 0.334375 0.6375 0.334375
1 0.5515625 0.1140625 0.8921875 0.1140625 0.8921875 0.4953125 0.5515625 0.4953125
1 0.7578125 0.1859375 0.984375 0.1859375 0.984375 0.5453125 0.7578125 0.5453125
1 0.2609375 0.1234375 0.5125 0.1234375 0.5125 0.4015625 0.2609375 0.4015625
1 0.3984375 0.1953125 0.75625 0.1953125 0.75625 0.6 0.3984375 0.6
1 0.609375 0.3375 0.8390625 0.3375 0.8390625 0.59375 0.609375 0.59375
1 0.45625 0.43125 0.740625 0.43125 0.740625 0.7546875 0.45625 0.7546875
1 0.34375 0.3609375 0.625 0.3609375 0.625 0.6796875 0.34375 0.6796875
1 0.24375 0.2546875 0.534375 0.2546875 0.534375 0.5796875 0.24375 0.5796875
1 0 0.4171875 0.225 0.4171875 0.225 0.728125 0 0.728125