1 0.08125 0.2109375 0.3171875 0.2109375 0.3171875 0.4328125 0.08125 0.4328125
1 0.3265625 0.2109375 0.53125 0.2109375 0.53125 0.4046875 0.3265625 0.4046875
1 0.3265625 0.05 0.525 0.05 0.525 0.234375 0.3265625 0.234375
1 0.4984375 0.05 0.725 0.05 0.725 0.25 0.4984375 0.25
1 0.5171875 0.203125 0.778125 0.203125 0.778125 0.4046875 0.5171875 0.4046875
1 0.7484375 0.13125 0.9796875 0.13125 0.9796875 0.346875 0.7484375 0.346875
1 0.2109375 0.3640625 0.4265625 0.3640625 0.4265625 0.515625 0.2109375 0.515625
1 0.4578125 0.3359375 0.70625 0.3359375 0.70625 0.5546875 0.4578125 0.5546875
1 0.6671875 0.3484375 0.85 0.3484375 0.85 0.4953125 0.6671875 0.4953125
1 0.6390625 0.4875 0.83125 0.4875 0.83125 0.671875 0.6390625 0.671875
1 0.4875 0.490625 0.6765625 0.490625 0.6765625 0.675 0.4875 0.675
1 0.3140625 0.4703125 0.5375 0.4703125 0.5375 0.6375 0.3140625 0.6375
1 0.1734375 0.73125 0.35625 0.73125 0.35625 0.915625 0.1734375 0.915625