1 0.0640625 0.1375 0.3515625 0.1375 0.3515625 0.40625 0.0640625 0.40625
1 0.315625 0.1671875 0.55625 0.1671875 0.55625 0.3953125 0.315625 0.3953125
1 0.340625 0 0.5953125 0 0.5953125 0.234375 0.340625 0.234375
1 0.5140625 0.0203125 0.7828125 0.0203125 0.7828125 0.2625 0.5140625 0.2625
1 0.5015625 0.175 0.803125 0.175 0.803125 0.421875 0.5015625 0.421875
1 0.7390625 0.128125 0.9890625 0.128125 0.9890625 0.384375 0.7390625 0.384375
1 0.1859375 0.315625 0.41875 0.315625 0.41875 0.4875 0.1859375 0.4875
1 0.4109375 0.2984375 0.709375 0.2984375 0.709375 0.565625 0.4109375 0.565625
1 0.6296875 0.334375 0.8453125 0.334375 0.8453125 0.5203125 0.6296875 0.5203125
1 0.5578125 0.4640625 0.80625 0.4640625 0.80625 0.7 0.5578125 0.7
1 0.4171875 0.4625 0.6453125 0.4625 0.6453125 0.678125 0.4171875 0.678125
1 0.2578125 0.4265625 0.509375 0.4265625 0.509375 0.625 0.2578125 0.625
1 0.0609375 0.671875 0.2796875 0.671875 0.2796875 0.8859375 0.0609375 0.8859375