1 0.05625 0.1984375 0.3140625 0.1984375 0.3140625 0.4296875 0.05625 0.4296875
1 0.3078125 0.203125 0.5234375 0.203125 0.5234375 0.4 0.3078125 0.4
1 0.3109375 0.0328125 0.5390625 0.0328125 0.5390625 0.2390625 0.3109375 0.2390625
1 0.4890625 0.040625 0.73125 0.040625 0.73125 0.25 0.4890625 0.25
1 0.496875 0.1953125 0.7734375 0.1953125 0.7734375 0.4015625 0.496875 0.4015625
1 0.7328125 0.1234375 0.9796875 0.1234375 0.9796875 0.346875 0.7328125 0.346875
1 0.1890625 0.3625 0.4046875 0.3625 0.4046875 0.503125 0.1890625 0.503125
1 0.425 0.3234375 0.69375 0.3234375 0.69375 0.5546875 0.425 0.5546875
1 0.640625 0.3390625 0.8359375 0.3390625 0.8359375 0.496875 0.640625 0.496875
1 0.5921875 0.471875 0.8125 0.471875 0.8125 0.678125 0.5921875 0.678125
1 0.4484375 0.4828125 0.6515625 0.4828125 0.6515625 0.671875 0.4484375 0.671875
1 0.28125 0.465625 0.5109375 0.465625 0.5109375 0.6296875 0.28125 0.6296875
1 0.1171875 0.721875 0.3140625 0.721875 0.3140625 0.9109375 0.1171875 0.9109375