1 0.040625 0.2203125 0.325 0.2203125 0.325 0.5203125 0.040625 0.5203125
1 0.2671875 0.1296875 0.5328125 0.1296875 0.5328125 0.4140625 0.2671875 0.4140625
1 0.228125 0 0.4796875 0 0.4796875 0.25 0.228125 0.25
1 0.39375 0 0.678125 0 0.678125 0.203125 0.39375 0.203125
1 0.4546875 0.0390625 0.765625 0.0390625 0.765625 0.3359375 0.4546875 0.3359375
1 0.6578125 0 0.9484375 0 0.9484375 0.2 0.6578125 0.2
1 0.2109375 0.3328125 0.4484375 0.3328125 0.4484375 0.540625 0.2109375 0.540625
1 0.428125 0.1828125 0.740625 0.1828125 0.740625 0.50625 0.428125 0.50625
1 0.6453125 0.1578125 0.853125 0.1578125 0.853125 0.359375 0.6453125 0.359375
1 0.6453125 0.284375 0.8890625 0.284375 0.8890625 0.5484375 0.6453125 0.5484375
1 0.5015625 0.3453125 0.7421875 0.3453125 0.7421875 0.6046875 0.5015625 0.6046875
1 0.33125 0.3796875 0.5953125 0.3796875 0.5953125 0.63125 0.33125 0.63125
1 0.2609375 0.6875 0.4953125 0.6875 0.4953125 0.946875 0.2609375 0.946875