1 0.0765625 0.209375 0.3203125 0.209375 0.3203125 0.434375 0.0765625 0.434375
1 0.328125 0.2125 0.5296875 0.2125 0.5296875 0.4046875 0.328125 0.4046875
1 0.31875 0.0421875 0.5328125 0.0421875 0.5328125 0.2421875 0.31875 0.2421875
1 0.4984375 0.05 0.7265625 0.05 0.7265625 0.2515625 0.4984375 0.2515625
1 0.5171875 0.203125 0.778125 0.203125 0.778125 0.403125 0.5171875 0.403125
1 0.7484375 0.13125 0.98125 0.13125 0.98125 0.346875 0.7484375 0.346875
1 0.215625 0.3734375 0.421875 0.3734375 0.421875 0.5078125 0.215625 0.5078125
1 0.45625 0.3328125 0.7078125 0.3328125 0.7078125 0.55625 0.45625 0.55625
1 0.665625 0.346875 0.8515625 0.346875 0.8515625 0.4984375 0.665625 0.4984375
1 0.63125 0.4796875 0.8375 0.4796875 0.8375 0.6796875 0.63125 0.6796875
1 0.4875 0.4921875 0.6765625 0.4921875 0.6765625 0.675 0.4875 0.675
1 0.3171875 0.475 0.5359375 0.475 0.5359375 0.6328125 0.3171875 0.6328125
1 0.1734375 0.7328125 0.35625 0.7328125 0.35625 0.915625 0.1734375 0.915625