1 0.0828125 0.215625 0.3140625 0.215625 0.3140625 0.4296875 0.0828125 0.4296875
1 0.321875 0.20625 0.5359375 0.20625 0.5359375 0.4109375 0.321875 0.4109375
1 0.3234375 0.046875 0.528125 0.046875 0.528125 0.2375 0.3234375 0.2375
1 0.4953125 0.046875 0.728125 0.046875 0.728125 0.253125 0.4953125 0.253125
1 0.5171875 0.203125 0.778125 0.203125 0.778125 0.403125 0.5171875 0.403125
1 0.746875 0.1296875 0.9828125 0.1296875 0.9828125 0.3484375 0.746875 0.3484375
1 0.2171875 0.3734375 0.421875 0.3734375 0.421875 0.50625 0.2171875 0.50625
1 0.453125 0.33125 0.7109375 0.33125 0.7109375 0.559375 0.453125 0.559375
1 0.671875 0.353125 0.8453125 0.353125 0.8453125 0.490625 0.671875 0.490625
1 0.6359375 0.484375 0.8328125 0.484375 0.8328125 0.675 0.6359375 0.675
1 0.484375 0.4890625 0.6796875 0.4890625 0.6796875 0.6765625 0.484375 0.6765625
1 0.3140625 0.4703125 0.5375 0.4703125 0.5375 0.6375 0.3140625 0.6375
1 0.1703125 0.728125 0.3578125 0.728125 0.3578125 0.91875 0.1703125 0.91875