1 0.1015625 0.1875 0.371875 0.1875 0.371875 0.440625 0.1015625 0.440625
1 0.3484375 0.21875 0.5828125 0.21875 0.5828125 0.4390625 0.3484375 0.4390625
1 0.3484375 0.0578125 0.575 0.0578125 0.575 0.26875 0.3484375 0.26875
1 0.5203125 0.08125 0.7765625 0.08125 0.7765625 0.309375 0.5203125 0.309375
1 0.540625 0.2359375 0.8328125 0.2359375 0.8328125 0.4703125 0.540625 0.4703125
1 0.7703125 0.1921875 1 0.1921875 1 0.4375 0.7703125 0.4375
1 0.2375 0.35625 0.478125 0.35625 0.478125 0.5359375 0.2375 0.5359375
1 0.48125 0.3578125 0.7640625 0.3578125 0.7640625 0.609375 0.48125 0.609375
1 0.696875 0.3984375 0.9015625 0.3984375 0.9015625 0.5703125 0.696875 0.5703125
1 0.665625 0.5328125 0.8875 0.5328125 0.8875 0.74375 0.665625 0.74375
1 0.515625 0.5171875 0.7328125 0.5171875 0.7328125 0.7265625 0.515625 0.7265625
1 0.3421875 0.475 0.590625 0.475 0.590625 0.671875 0.3421875 0.671875
1 0.2015625 0.715625 0.4140625 0.715625 0.4140625 0.925 0.2015625 0.925