0 0.0 336.0 62.08 410.24025599999993
0 0.64 512.000256 72.32 595.2
0 53.76 383.36025600000005 158.08 494.72025600000006
0 236.16 316.160256 348.8 431.36025600000005
0 260.48 0.0 352.64 53.120256000000005
0 304.0 67.19999999999999 382.08 132.48
0 442.88 336.0 563.2 451.20000000000005
0 485.12 94.08 588.16 193.28025599999998
0 504.96 244.47974399999998 611.84 339.84000000000003
0 588.16 659.840256 689.92 753.920256
0 606.72 346.239744 698.24 419.199744
0 771.84 351.99974399999996 880.64 462.72
0 810.24 26.240256000000002 937.6 136.32
0 858.24 177.279744 936.32 265.599744
0 897.92 126.72 1008.64 241.92000000000002
