1 0.16875 0.5171875 0.4140625 0.5171875 0.4140625 0.746875 0.16875 0.746875
1 0.046875 0.3703125 0.2640625 0.3703125 0.2640625 0.565625 0.046875 0.565625
1 0.3140625 0.3328125 0.553125 0.3328125 0.553125 0.546875 0.3140625 0.546875
1 0.3375 0.209375 0.5875 0.209375 0.5875 0.4390625 0.3375 0.4390625
1 0.578125 0.315625 0.76875 0.315625 0.76875 0.4953125 0.578125 0.4953125
1 0.2875 0.06875 0.5 0.06875 0.5 0.25625 0.2875 0.25625
1 0.48125 0.0453125 0.6921875 0.0453125 0.6921875 0.2296875 0.48125 0.2296875
1 0.64375 0.01875 0.8421875 0.01875 0.8421875 0.2125 0.64375 0.2125
1 0.3796875 0.5828125 0.6015625 0.5828125 0.6015625 0.79375 0.3796875 0.79375
1 0.525 0.615625 0.7453125 0.615625 0.7453125 0.8203125 0.525 0.8203125
1 0.7046875 0.5109375 0.9140625 0.5109375 0.9140625 0.7171875 0.7046875 0.7171875
0 0.35 0.13125 0.4265625 0.13125 0.4265625 0.1984375 0.35 0.1984375
0 0.54375 0.109375 0.6171875 0.109375 0.6171875 0.1734375 0.54375 0.1734375
0 0.7015625 0.090625 0.7671875 0.090625 0.7671875 0.1546875 0.7015625 0.1546875
0 0.4109375 0.2828125 0.50625 0.2828125 0.50625 0.365625 0.4109375 0.365625
0 0.3875 0.4046875 0.4703125 0.4046875 0.4703125 0.478125 0.3875 0.478125
0 0.115625 0.4359375 0.1953125 0.4359375 0.1953125 0.50625 0.115625 0.50625
0 0.246875 0.5890625 0.3375 0.5890625 0.3375 0.675 0.246875 0.675
0 0.4546875 0.65625 0.525 0.65625 0.525 0.7203125 0.4546875 0.7203125
0 0.59375 0.6890625 0.6703125 0.6890625 0.6703125 0.7578125 0.59375 0.7578125
0 0.6359375 0.38125 0.7078125 0.38125 0.7078125 0.44375 0.6359375 0.44375