1 0.165625 0.4421875 0.3765625 0.4421875 0.3765625 0.628125 0.165625 0.628125
1 0.0953125 0.259375 0.2875 0.259375 0.2875 0.4140625 0.0953125 0.4140625
1 0.35625 0.2984375 0.5671875 0.2984375 0.5671875 0.4671875 0.35625 0.4671875
1 0.4140625 0.184375 0.63125 0.184375 0.63125 0.3671875 0.4140625 0.3671875
1 0.6140625 0.3390625 0.778125 0.3390625 0.778125 0.484375 0.6140625 0.484375
1 0.4109375 0.025 0.5984375 0.025 0.5984375 0.171875 0.4109375 0.171875
1 0.5984375 0.053125 0.7859375 0.053125 0.7859375 0.1953125 0.5984375 0.1953125
1 0.7625 0.0640625 0.9328125 0.0640625 0.9328125 0.221875 0.7625 0.221875
1 0.3453125 0.5578125 0.5390625 0.5578125 0.5390625 0.7265625 0.3453125 0.7265625
1 0.4734375 0.628125 0.665625 0.628125 0.665625 0.79375 0.4734375 0.79375
1 0.675 0.56875 0.853125 0.56875 0.853125 0.7375 0.675 0.7375
0 0.4640625 0.071875 0.5328125 0.071875 0.5328125 0.125 0.4640625 0.125
0 0.653125 0.1015625 0.71875 0.1015625 0.71875 0.1515625 0.653125 0.1515625
0 0.809375 0.121875 0.865625 0.121875 0.865625 0.1734375 0.809375 0.1734375
0 0.475 0.24375 0.5609375 0.24375 0.5609375 0.30625 0.475 0.30625
0 0.4203125 0.3546875 0.49375 0.3546875 0.49375 0.4125 0.4203125 0.4125
0 0.1546875 0.3125 0.2234375 0.3125 0.2234375 0.36875 0.1546875 0.36875
0 0.2328125 0.5 0.309375 0.5 0.309375 0.5703125 0.2328125 0.5703125
0 0.4109375 0.6171875 0.471875 0.6171875 0.471875 0.66875 0.4109375 0.66875
0 0.53125 0.6875 0.6 0.6875 0.6 0.7421875 0.53125 0.7421875
0 0.6625 0.39375 0.725 0.39375 0.725 0.4421875 0.6625 0.4421875