1 0.13125 0.4921875 0.328125 0.4921875 0.328125 0.64375 0.13125 0.64375
1 0.078125 0.296875 0.2578125 0.296875 0.2578125 0.41875 0.078125 0.41875
1 0.33125 0.3828125 0.5296875 0.3828125 0.5296875 0.5171875 0.33125 0.5171875
1 0.3984375 0.28125 0.603125 0.28125 0.603125 0.428125 0.3984375 0.428125
1 0.5828125 0.4609375 0.7375 0.4609375 0.7375 0.578125 0.5828125 0.578125
1 0.409375 0.11875 0.5875 0.11875 0.5875 0.234375 0.409375 0.234375
1 0.5921875 0.1796875 0.7703125 0.1796875 0.7703125 0.290625 0.5921875 0.290625
1 0.753125 0.215625 0.9109375 0.215625 0.9109375 0.3453125 0.753125 0.3453125
1 0.2984375 0.634375 0.4796875 0.634375 0.4796875 0.771875 0.2984375 0.771875
1 0.41875 0.7265625 0.5984375 0.7265625 0.5984375 0.8578125 0.41875 0.8578125
1 0.6234375 0.7 0.7890625 0.7 0.7890625 0.8390625 0.6234375 0.8390625
0 0.459375 0.15625 0.5234375 0.15625 0.5234375 0.196875 0.459375 0.196875
0 0.64375 0.2171875 0.70625 0.2171875 0.70625 0.2546875 0.64375 0.2546875
0 0.7953125 0.2609375 0.8484375 0.2609375 0.8484375 0.3046875 0.7953125 0.3046875
0 0.4546875 0.3296875 0.5375 0.3296875 0.5375 0.378125 0.4546875 0.378125
0 0.390625 0.4265625 0.4609375 0.4265625 0.4609375 0.471875 0.390625 0.471875
0 0.1328125 0.3390625 0.1984375 0.3390625 0.1984375 0.384375 0.1328125 0.384375
0 0.19375 0.5390625 0.265625 0.5390625 0.265625 0.596875 0.19375 0.596875
0 0.359375 0.6828125 0.4171875 0.6828125 0.4171875 0.7234375 0.359375 0.7234375
0 0.471875 0.7734375 0.5359375 0.7734375 0.5359375 0.8171875 0.471875 0.8171875
0 0.6265625 0.50625 0.6859375 0.50625 0.6859375 0.54375 0.6265625 0.54375