1 0.0796875 0.3953125 0.3234375 0.3953125 0.3234375 0.60625 0.0796875 0.60625
1 0.103125 0.203125 0.30625 0.203125 0.30625 0.359375 0.103125 0.359375
1 0.303125 0.3390625 0.553125 0.3390625 0.553125 0.546875 0.303125 0.546875
1 0.4015625 0.2703125 0.6453125 0.2703125 0.6453125 0.4734375 0.4015625 0.4734375
1 0.5375 0.4984375 0.7171875 0.4984375 0.7171875 0.6515625 0.5375 0.6515625
1 0.471875 0.1203125 0.6765625 0.1203125 0.6765625 0.2796875 0.471875 0.2796875
1 0.628125 0.2296875 0.834375 0.2296875 0.834375 0.3875 0.628125 0.3875
1 0.7640625 0.30625 0.9625 0.30625 0.9625 0.4828125 0.7640625 0.4828125
1 0.2015625 0.5796875 0.425 0.5796875 0.425 0.7703125 0.2015625 0.7703125
1 0.290625 0.7015625 0.5109375 0.7015625 0.5109375 0.8875 0.290625 0.8875
1 0.4953125 0.7375 0.696875 0.7375 0.696875 0.9171875 0.4953125 0.9171875
0 0.528125 0.1671875 0.6078125 0.1671875 0.6078125 0.228125 0.528125 0.228125
0 0.690625 0.28125 0.759375 0.28125 0.759375 0.33125 0.690625 0.33125
0 0.8203125 0.365625 0.884375 0.365625 0.884375 0.421875 0.8203125 0.421875
0 0.4703125 0.33125 0.56875 0.33125 0.56875 0.4078125 0.4703125 0.4078125
0 0.38125 0.4078125 0.4671875 0.4078125 0.4671875 0.4765625 0.38125 0.4765625
0 0.1640625 0.2546875 0.2390625 0.2546875 0.2390625 0.3140625 0.1640625 0.3140625
0 0.1578125 0.4625 0.2453125 0.4625 0.2453125 0.5390625 0.1578125 0.5390625
0 0.2796875 0.6484375 0.3453125 0.6484375 0.3453125 0.7015625 0.2796875 0.7015625
0 0.3546875 0.7625 0.4359375 0.7625 0.4359375 0.828125 0.3546875 0.828125
0 0.5890625 0.55625 0.6546875 0.55625 0.6546875 0.6046875 0.5890625 0.6046875