1 0.1296875 0.4875 0.33125 0.4875 0.33125 0.646875 0.1296875 0.646875
1 0.08125 0.303125 0.2546875 0.303125 0.2546875 0.4140625 0.08125 0.4140625
1 0.3265625 0.371875 0.5359375 0.371875 0.5359375 0.5265625 0.3265625 0.5265625
1 0.3984375 0.2796875 0.603125 0.2796875 0.603125 0.4296875 0.3984375 0.4296875
1 0.5859375 0.4625 0.734375 0.4625 0.734375 0.5765625 0.5859375 0.5765625
1 0.409375 0.11875 0.5859375 0.11875 0.5859375 0.2328125 0.409375 0.2328125
1 0.5921875 0.1796875 0.7703125 0.1796875 0.7703125 0.290625 0.5921875 0.290625
1 0.7515625 0.2125 0.9125 0.2125 0.9125 0.346875 0.7515625 0.346875
1 0.296875 0.6328125 0.48125 0.6328125 0.48125 0.775 0.296875 0.775
1 0.4171875 0.7234375 0.6 0.7234375 0.6 0.8625 0.4171875 0.8625
1 0.6234375 0.7015625 0.7890625 0.7015625 0.7890625 0.8375 0.6234375 0.8375
0 0.4578125 0.1546875 0.525 0.1546875 0.525 0.196875 0.4578125 0.196875
0 0.64375 0.21875 0.7046875 0.21875 0.7046875 0.253125 0.64375 0.253125
0 0.7953125 0.2609375 0.8484375 0.2609375 0.8484375 0.3046875 0.7953125 0.3046875
0 0.4546875 0.3265625 0.5390625 0.3265625 0.5390625 0.3796875 0.4546875 0.3796875
0 0.390625 0.4234375 0.4625 0.4234375 0.4625 0.475 0.390625 0.475
0 0.134375 0.3390625 0.196875 0.3390625 0.196875 0.3828125 0.134375 0.3828125
0 0.19375 0.5390625 0.265625 0.5390625 0.265625 0.596875 0.19375 0.596875
0 0.3609375 0.684375 0.415625 0.684375 0.415625 0.721875 0.3609375 0.721875
0 0.4703125 0.771875 0.5375 0.771875 0.5375 0.8203125 0.4703125 0.8203125
0 0.628125 0.5078125 0.6859375 0.5078125 0.6859375 0.5421875 0.628125 0.5421875