1 0.13125 0.490625 0.328125 0.490625 0.328125 0.64375 0.13125 0.64375
1 0.0765625 0.2953125 0.259375 0.2953125 0.259375 0.4203125 0.0765625 0.4203125
1 0.3265625 0.3765625 0.534375 0.3765625 0.534375 0.5234375 0.3265625 0.5234375
1 0.3984375 0.28125 0.603125 0.28125 0.603125 0.428125 0.3984375 0.428125
1 0.584375 0.4609375 0.7359375 0.4609375 0.7359375 0.578125 0.584375 0.578125
1 0.409375 0.11875 0.5875 0.11875 0.5875 0.234375 0.409375 0.234375
1 0.5921875 0.178125 0.7703125 0.178125 0.7703125 0.290625 0.5921875 0.290625
1 0.7546875 0.2171875 0.9109375 0.2171875 0.9109375 0.3421875 0.7546875 0.3421875
1 0.296875 0.6328125 0.48125 0.6328125 0.48125 0.775 0.296875 0.775
1 0.415625 0.71875 0.603125 0.71875 0.603125 0.865625 0.415625 0.865625
1 0.621875 0.7 0.7890625 0.7 0.7890625 0.8390625 0.621875 0.8390625
0 0.459375 0.15625 0.5234375 0.15625 0.5234375 0.1953125 0.459375 0.1953125
0 0.64375 0.215625 0.70625 0.215625 0.70625 0.25625 0.64375 0.25625
0 0.79375 0.2609375 0.85 0.2609375 0.85 0.30625 0.79375 0.30625
0 0.4546875 0.328125 0.5390625 0.328125 0.5390625 0.378125 0.4546875 0.378125
0 0.390625 0.4265625 0.4609375 0.4265625 0.4609375 0.471875 0.390625 0.471875
0 0.1328125 0.3390625 0.1984375 0.3390625 0.1984375 0.3828125 0.1328125 0.3828125
0 0.1953125 0.5390625 0.2640625 0.5390625 0.2640625 0.5953125 0.1953125 0.5953125
0 0.359375 0.684375 0.4171875 0.684375 0.4171875 0.721875 0.359375 0.721875
0 0.471875 0.7734375 0.5359375 0.7734375 0.5359375 0.8171875 0.471875 0.8171875
0 0.628125 0.5078125 0.6859375 0.5078125 0.6859375 0.5421875 0.628125 0.5421875