1 0.140625 0.4234375 0.34375 0.4234375 0.34375 0.6171875 0.140625 0.6171875
1 0.084375 0.240625 0.271875 0.240625 0.271875 0.4015625 0.084375 0.4015625
1 0.3359375 0.275 0.5484375 0.275 0.5484375 0.4625 0.3359375 0.4625
1 0.4046875 0.16875 0.615625 0.16875 0.615625 0.3578125 0.4046875 0.3578125
1 0.59375 0.328125 0.75 0.328125 0.75 0.4765625 0.59375 0.4765625
1 0.415625 0.0078125 0.5984375 0.0078125 0.5984375 0.159375 0.415625 0.159375
1 0.6 0.0375 0.7828125 0.0375 0.7828125 0.1859375 0.6 0.1859375
1 0.7625 0.0546875 0.9234375 0.0546875 0.9234375 0.2109375 0.7625 0.2109375
1 0.30625 0.540625 0.496875 0.540625 0.496875 0.7203125 0.30625 0.7203125
1 0.425 0.6078125 0.61875 0.6078125 0.61875 0.7921875 0.425 0.7921875
1 0.63125 0.559375 0.80625 0.559375 0.80625 0.7328125 0.63125 0.7328125
0 0.4671875 0.059375 0.534375 0.059375 0.534375 0.1109375 0.4671875 0.1109375
0 0.653125 0.0890625 0.715625 0.0890625 0.715625 0.1421875 0.653125 0.1421875
0 0.803125 0.109375 0.8609375 0.109375 0.8609375 0.165625 0.803125 0.165625
0 0.4625 0.228125 0.55 0.228125 0.55 0.2953125 0.4625 0.2953125
0 0.4015625 0.340625 0.4734375 0.340625 0.4734375 0.4 0.4015625 0.4
0 0.1421875 0.296875 0.209375 0.296875 0.209375 0.353125 0.1421875 0.353125
0 0.20625 0.4859375 0.278125 0.4859375 0.278125 0.5546875 0.20625 0.5546875
0 0.371875 0.60625 0.4296875 0.60625 0.4296875 0.65625 0.371875 0.65625
0 0.484375 0.6765625 0.55 0.6765625 0.55 0.7328125 0.484375 0.7328125
0 0.6390625 0.3859375 0.696875 0.3859375 0.696875 0.4296875 0.6390625 0.4296875