1 0.109375 0.4875 0.346875 0.4875 0.346875 0.7125 0.109375 0.7125
1 0.01875 0.3296875 0.2328125 0.3296875 0.2328125 0.5203125 0.01875 0.5203125
1 0.2796875 0.3046875 0.5234375 0.3046875 0.5234375 0.5265625 0.2796875 0.5265625
1 0.3296875 0.1921875 0.571875 0.1921875 0.571875 0.4125 0.3296875 0.4125
1 0.55 0.3125 0.73125 0.3125 0.73125 0.4859375 0.55 0.4859375
1 0.3078125 0.0453125 0.515625 0.0453125 0.515625 0.2234375 0.3078125 0.2234375
1 0.5 0.034375 0.70625 0.034375 0.70625 0.2125 0.5 0.2125
1 0.6671875 0.0203125 0.8546875 0.0203125 0.8546875 0.203125 0.6671875 0.203125
1 0.3015625 0.565625 0.521875 0.565625 0.521875 0.775 0.3015625 0.775
1 0.434375 0.603125 0.659375 0.603125 0.659375 0.8171875 0.434375 0.8171875
1 0.634375 0.51875 0.8375 0.51875 0.8375 0.7171875 0.634375 0.7171875
0 0.36875 0.10625 0.4421875 0.10625 0.4421875 0.1671875 0.36875 0.1671875
0 0.5609375 0.0953125 0.6328125 0.0953125 0.6328125 0.159375 0.5609375 0.159375
0 0.71875 0.0859375 0.784375 0.0859375 0.784375 0.1515625 0.71875 0.1515625
0 0.3984375 0.2609375 0.4953125 0.2609375 0.4953125 0.3421875 0.3984375 0.3421875
0 0.35625 0.3828125 0.4375 0.3828125 0.4375 0.453125 0.35625 0.453125
0 0.0859375 0.3953125 0.1625 0.3953125 0.1625 0.4625 0.0859375 0.4625
0 0.1859375 0.559375 0.2703125 0.559375 0.2703125 0.6390625 0.1859375 0.6390625
0 0.3765625 0.640625 0.4453125 0.640625 0.4453125 0.7 0.3765625 0.7
0 0.5046875 0.68125 0.58125 0.68125 0.58125 0.7484375 0.5046875 0.7484375
0 0.6046875 0.378125 0.6703125 0.378125 0.6703125 0.4328125 0.6046875 0.4328125