1 0.1796875 0.559375 0.4375 0.559375 0.4375 0.8 0.1796875 0.8
1 0.0484375 0.434375 0.25625 0.434375 0.25625 0.61875 0.0484375 0.61875
1 0.2953125 0.3578125 0.5578125 0.3578125 0.5578125 0.5984375 0.2953125 0.5984375
1 0.3125 0.2453125 0.56875 0.2453125 0.56875 0.478125 0.3125 0.478125
1 0.5671875 0.3390625 0.7546875 0.3390625 0.7546875 0.5140625 0.5671875 0.5140625
1 0.2453125 0.1125 0.4578125 0.1125 0.4578125 0.3 0.2453125 0.3
1 0.4328125 0.075 0.646875 0.075 0.646875 0.2609375 0.4328125 0.2609375
1 0.5890625 0.034375 0.7984375 0.034375 0.7984375 0.2328125 0.5890625 0.2328125
1 0.396875 0.6109375 0.63125 0.6109375 0.63125 0.828125 0.396875 0.828125
1 0.546875 0.63125 0.778125 0.63125 0.778125 0.846875 0.546875 0.846875
1 0.715625 0.5203125 0.93125 0.5203125 0.93125 0.725 0.715625 0.725
0 0.3046875 0.175 0.3859375 0.175 0.3859375 0.2453125 0.3046875 0.2453125
0 0.4984375 0.14375 0.56875 0.14375 0.56875 0.203125 0.4984375 0.203125
0 0.6515625 0.109375 0.7203125 0.109375 0.7203125 0.1734375 0.6515625 0.1734375
0 0.384375 0.3171875 0.4875 0.3171875 0.4875 0.40625 0.384375 0.40625
0 0.378125 0.440625 0.4671875 0.440625 0.4671875 0.5203125 0.378125 0.5203125
0 0.1140625 0.496875 0.190625 0.496875 0.190625 0.565625 0.1140625 0.565625
0 0.2625 0.6359375 0.3546875 0.6359375 0.3546875 0.721875 0.2625 0.721875
0 0.4796875 0.690625 0.5484375 0.690625 0.5484375 0.7515625 0.4796875 0.7515625
0 0.6171875 0.7046875 0.7015625 0.7046875 0.7015625 0.7828125 0.6171875 0.7828125
0 0.6265625 0.4046875 0.6953125 0.4046875 0.6953125 0.4625 0.6265625 0.4625