1 0.5609375 0.3046875 0.859375 0.3046875 0.859375 0.59375 0.5609375 0.59375
1 0.303125 0.403125 0.5671875 0.403125 0.5671875 0.7421875 0.303125 0.7421875
1 0.6828125 0.134375 0.9203125 0.134375 0.9203125 0.3609375 0.6828125 0.3609375
1 0.696875 0.4703125 0.9421875 0.4703125 0.9421875 0.740625 0.696875 0.740625
1 0.1765625 0.6328125 0.4296875 0.6328125 0.4296875 0.9078125 0.1765625 0.9078125
1 0.35625 0.821875 0.6390625 0.821875 0.6390625 0.9984375 0.35625 0.9984375
1 0.0015625 0.2828125 0.23125 0.2828125 0.23125 0.5328125 0.0015625 0.5328125
1 0 0.4234375 0.2625 0.4234375 0.2625 0.7375 0 0.7375
1 0.3109375 0.13125 0.6140625 0.13125 0.6140625 0.3203125 0.3109375 0.3203125
1 0.70625 0.0484375 0.959375 0.0484375 0.959375 0.2046875 0.70625 0.2046875
1 0.225 0.2640625 0.4125 0.2640625 0.4125 0.4765625 0.225 0.4765625
1 0.0140625 0.6984375 0.2234375 0.6984375 0.2234375 0.9 0.0140625 0.9
0 0.671875 0.3234375 0.7609375 0.3234375 0.7609375 0.421875 0.671875 0.421875
0 0.4328125 0.4875 0.5015625 0.4875 0.5015625 0.5796875 0.4328125 0.5796875
0 0.4375 0.2359375 0.540625 0.2359375 0.540625 0.3671875 0.4375 0.3671875
0 0.4609375 0.2046875 0.5375 0.2046875 0.5375 0.2875 0.4609375 0.2875
0 0.7765625 0.1828125 0.8296875 0.1828125 0.8296875 0.2375 0.7765625 0.2375
0 0.81875 0.475 0.8953125 0.475 0.8953125 0.5609375 0.81875 0.5609375
0 0.8546875 0.409375 0.9140625 0.409375 0.9140625 0.4625 0.8546875 0.4625
0 0.7921875 0.0515625 0.8546875 0.0515625 0.8546875 0.109375 0.7921875 0.109375
0 0.4265625 0.1390625 0.4875 0.1390625 0.4875 0.2046875 0.4265625 0.2046875
0 0.2828125 0.26875 0.3515625 0.26875 0.3515625 0.3484375 0.2828125 0.3484375
0 0.05625 0.2984375 0.1359375 0.2984375 0.1359375 0.3890625 0.05625 0.3890625
0 0.0234375 0.43125 0.13125 0.43125 0.13125 0.5515625 0.0234375 0.5515625
0 0.2421875 0.6546875 0.3234375 0.6546875 0.3234375 0.7484375 0.2421875 0.7484375
0 0.44375 0.8859375 0.5390625 0.8859375 0.5390625 0.9984375 0.44375 0.9984375
0 0.0921875 0.709375 0.15 0.709375 0.15 0.7625 0.0921875 0.7625