1 0.5609375 0.190625 0.925 0.190625 0.925 0.584375 0.5609375 0.584375
1 0.278125 0.26875 0.6171875 0.26875 0.6171875 0.6984375 0.278125 0.6984375
1 0.728125 0.0359375 1 0.0359375 1 0.35 0.728125 0.35
1 0.6390625 0.353125 0.9953125 0.353125 0.9953125 0.759375 0.6390625 0.759375
1 0.1 0.46875 0.453125 0.46875 0.453125 0.871875 0.1 0.871875
1 0.271875 0.684375 0.603125 0.684375 0.603125 0.9625 0.271875 0.9625
1 0.015625 0.1078125 0.3265625 0.1078125 0.3265625 0.465625 0.015625 0.465625
1 0.015625 0.253125 0.315625 0.253125 0.315625 0.6609375 0.015625 0.6609375
1 0.3625 0 0.7296875 0 0.7296875 0.30625 0.3625 0.30625
1 0.7765625 0 1 0 1 0.2140625 0.7765625 0.2140625
1 0.25625 0.128125 0.4953125 0.128125 0.4953125 0.409375 0.25625 0.409375
1 0.0296875 0.5359375 0.2234375 0.5359375 0.2234375 0.8140625 0.0296875 0.8140625
0 0.70625 0.2421875 0.8234375 0.2421875 0.8234375 0.3796875 0.70625 0.3796875
0 0.4390625 0.3890625 0.534375 0.3890625 0.534375 0.5078125 0.4390625 0.5078125
0 0.4890625 0.13125 0.625 0.13125 0.625 0.3015625 0.4890625 0.3015625
0 0.5265625 0.10625 0.628125 0.10625 0.628125 0.21875 0.5265625 0.21875
0 0.8484375 0.1171875 0.91875 0.1171875 0.91875 0.1953125 0.8484375 0.1953125
0 0.81875 0.409375 0.925 0.409375 0.925 0.534375 0.81875 0.534375
0 0.878125 0.3515625 0.953125 0.3515625 0.953125 0.43125 0.878125 0.43125
0 0.8890625 0 0.971875 0 0.971875 0.0703125 0.8890625 0.0703125
0 0.5109375 0.0359375 0.59375 0.0359375 0.59375 0.1296875 0.5109375 0.1296875
0 0.340625 0.153125 0.434375 0.153125 0.434375 0.259375 0.340625 0.259375
0 0.109375 0.1578125 0.215625 0.1578125 0.215625 0.2828125 0.109375 0.2828125
0 0.0390625 0.28125 0.1859375 0.28125 0.1859375 0.4515625 0.0390625 0.4515625
0 0.221875 0.540625 0.321875 0.540625 0.321875 0.6578125 0.221875 0.6578125
0 0.365625 0.7890625 0.4859375 0.7890625 0.4859375 0.9375 0.365625 0.9375
0 0.0671875 0.578125 0.1421875 0.578125 0.1421875 0.6578125 0.0671875 0.6578125