1 0.546875 0.2984375 0.9453125 0.2984375 0.9453125 0.684375 0.546875 0.684375
1 0.25625 0.31875 0.6390625 0.31875 0.6390625 0.740625 0.25625 0.740625
1 0.7296875 0.1734375 1 0.1734375 1 0.475 0.7296875 0.475
1 0.6390625 0.4984375 0.978125 0.4984375 0.978125 0.846875 0.6390625 0.846875
1 0.0921875 0.5046875 0.440625 0.5046875 0.440625 0.859375 0.0921875 0.859375
1 0.2453125 0.7359375 0.584375 0.7359375 0.584375 0.9921875 0.2453125 0.9921875
1 0.025 0.1203125 0.34375 0.1203125 0.34375 0.44375 0.025 0.44375
1 0.015625 0.2515625 0.3375 0.2515625 0.3375 0.646875 0.015625 0.646875
1 0.384375 0.059375 0.75 0.059375 0.75 0.3515625 0.384375 0.3515625
1 0.7984375 0.1 1 0.1 1 0.3375 0.7984375 0.3375
1 0.259375 0.16875 0.5203125 0.16875 0.5203125 0.4390625 0.259375 0.4390625
1 0.03125 0.5203125 0.21875 0.5203125 0.21875 0.7875 0.03125 0.7875
0 0.7109375 0.35625 0.834375 0.35625 0.834375 0.4828125 0.7109375 0.4828125
0 0.4375 0.4453125 0.5390625 0.4453125 0.5390625 0.559375 0.4375 0.559375
0 0.496875 0.2046875 0.646875 0.2046875 0.646875 0.3671875 0.496875 0.3671875
0 0.54375 0.1828125 0.6484375 0.1828125 0.6484375 0.2890625 0.54375 0.2890625
0 0.8640625 0.253125 0.9359375 0.253125 0.9359375 0.325 0.8640625 0.325
0 0.815625 0.54375 0.921875 0.54375 0.921875 0.6546875 0.815625 0.6546875
0 0.878125 0.4921875 0.95625 0.4921875 0.95625 0.565625 0.878125 0.565625
0 0.9125 0.13125 0.9953125 0.13125 0.9953125 0.209375 0.9125 0.209375
0 0.5359375 0.1109375 0.61875 0.1109375 0.61875 0.1953125 0.5359375 0.1953125
0 0.35625 0.1921875 0.453125 0.1921875 0.453125 0.29375 0.35625 0.29375
0 0.125 0.1546875 0.2359375 0.1546875 0.2359375 0.271875 0.125 0.271875
0 0.0484375 0.271875 0.196875 0.271875 0.196875 0.4265625 0.0484375 0.4265625
0 0.2078125 0.55 0.321875 0.55 0.321875 0.6703125 0.2078125 0.6703125
0 0.3328125 0.8296875 0.46875 0.8296875 0.46875 0.9734375 0.3328125 0.9734375
0 0.0609375 0.5609375 0.1375 0.5609375 0.1375 0.6328125 0.0609375 0.6328125