1 0.4390625 0.3 0.8734375 0.3 0.8734375 0.759375 0.4390625 0.759375
1 0.1578125 0.23125 0.5953125 0.23125 0.5953125 0.696875 0.1578125 0.696875
1 0.684375 0.2375 0.98125 0.2375 0.98125 0.6125 0.684375 0.6125
1 0.428125 0.51875 0.8125 0.51875 0.8125 0.925 0.428125 0.925
1 0 0.325 0.35 0.325 0.35 0.7609375 0 0.7609375
1 0.003125 0.59375 0.3515625 0.59375 0.3515625 0.9546875 0.003125 0.9546875
1 0.0890625 0 0.459375 0 0.459375 0.3359375 0.0890625 0.3359375
1 0 0.0703125 0.35625 0.0703125 0.35625 0.4953125 0 0.4953125
1 0.4671875 0.015625 0.8234375 0.015625 0.8234375 0.3875 0.4671875 0.3875
1 0.815625 0.19375 0.984375 0.19375 0.984375 0.509375 0.815625 0.509375
1 0.3015625 0.0828125 0.58125 0.0828125 0.58125 0.3796875 0.3015625 0.3796875
1 0 0.3 0.1421875 0.3 0.1421875 0.6 0 0.6
0 0.64375 0.3953125 0.7890625 0.3953125 0.7890625 0.5484375 0.64375 0.5484375
0 0.36875 0.390625 0.484375 0.390625 0.484375 0.5140625 0.36875 0.5140625
0 0.5265625 0.1890625 0.6921875 0.1890625 0.6921875 0.3671875 0.5265625 0.3671875
0 0.596875 0.1765625 0.7140625 0.1765625 0.7140625 0.3 0.596875 0.3
0 0.8546875 0.3515625 0.9328125 0.3515625 0.9328125 0.434375 0.8546875 0.434375
0 0.646875 0.6078125 0.771875 0.6078125 0.771875 0.7390625 0.646875 0.7390625
0 0.74375 0.578125 0.83125 0.578125 0.83125 0.6703125 0.74375 0.6703125
0 0.953125 0.2578125 0.98125 0.2578125 0.98125 0.3515625 0.953125 0.3515625
0 0.63125 0.103125 0.728125 0.103125 0.728125 0.2046875 0.63125 0.2046875
0 0.4296875 0.1203125 0.540625 0.1203125 0.540625 0.2375 0.4296875 0.2375
0 0.2421875 0.0078125 0.36875 0.0078125 0.36875 0.1421875 0.2421875 0.1421875
0 0.10625 0.1 0.2640625 0.1 0.2640625 0.265625 0.10625 0.265625
0 0.115625 0.4109375 0.2390625 0.4109375 0.2390625 0.5421875 0.115625 0.5421875
0 0.0765625 0.71875 0.221875 0.71875 0.221875 0.8734375 0.0765625 0.8734375
0 0 0.3640625 0.0796875 0.3640625 0.0796875 0.4484375 0 0.4484375