1 0.4515625 0.1203125 0.88125 0.1203125 0.88125 0.534375 0.4515625 0.534375
1 0.3015625 0.365625 0.7296875 0.365625 0.7296875 0.803125 0.3015625 0.803125
1 0.453125 0 0.790625 0 0.790625 0.271875 0.453125 0.271875
1 0.6609375 0.2109375 1 0.2109375 1 0.578125 0.6609375 0.578125
1 0.3359375 0.634375 0.715625 0.634375 0.715625 0.99375 0.3359375 0.99375
1 0.590625 0.6734375 0.9390625 0.6734375 0.9390625 0.9828125 0.590625 0.9828125
1 0.025 0.45625 0.334375 0.45625 0.334375 0.7984375 0.025 0.7984375
1 0.06875 0.5546875 0.48125 0.5546875 0.48125 0.9703125 0.06875 0.9703125
1 0.146875 0.1171875 0.521875 0.1171875 0.521875 0.45 0.146875 0.45
1 0.4265625 0 0.73125 0 0.73125 0.1296875 0.4265625 0.1296875
1 0.159375 0.340625 0.446875 0.340625 0.446875 0.6265625 0.159375 0.6265625
1 0.2421875 0.8046875 0.5390625 0.8046875 0.5390625 0.9953125 0.2421875 0.9953125
0 0.559375 0.19375 0.69375 0.19375 0.69375 0.328125 0.559375 0.328125
0 0.4625 0.4765625 0.5765625 0.4765625 0.5765625 0.5921875 0.4625 0.5921875
0 0.3171875 0.2453125 0.484375 0.2453125 0.484375 0.415625 0.3171875 0.415625
0 0.3171875 0.2234375 0.4328125 0.2234375 0.4328125 0.3359375 0.3171875 0.3359375
0 0.5609375 0.040625 0.640625 0.040625 0.640625 0.1171875 0.5609375 0.1171875
0 0.7671875 0.24375 0.884375 0.24375 0.884375 0.359375 0.7671875 0.359375
0 0.7578125 0.1796875 0.8421875 0.1796875 0.8421875 0.2578125 0.7578125 0.2578125
0 0.253125 0.196875 0.34375 0.196875 0.34375 0.2859375 0.253125 0.2859375
0 0.2109375 0.3796875 0.31875 0.3796875 0.31875 0.4859375 0.2109375 0.4859375
0 0.0453125 0.525 0.16875 0.525 0.16875 0.6484375 0.0453125 0.6484375
0 0.0953125 0.6390625 0.259375 0.6390625 0.259375 0.8015625 0.0953125 0.8015625
0 0.4046875 0.7140625 0.53125 0.7140625 0.53125 0.840625 0.4046875 0.840625
0 0.7046875 0.784375 0.8546875 0.784375 0.8546875 0.934375 0.7046875 0.934375
0 0.3171875 0.8578125 0.3984375 0.8578125 0.3984375 0.9359375 0.3171875 0.9359375