1 0.5609375 0.30625 0.859375 0.30625 0.859375 0.5921875 0.5609375 0.5921875
1 0.30625 0.4046875 0.5640625 0.4046875 0.5640625 0.7390625 0.30625 0.7390625
1 0.678125 0.128125 0.925 0.128125 0.925 0.3671875 0.678125 0.3671875
1 0.6953125 0.4703125 0.94375 0.4703125 0.94375 0.740625 0.6953125 0.740625
1 0.16875 0.6265625 0.4375 0.6265625 0.4375 0.9140625 0.16875 0.9140625
1 0.353125 0.821875 0.6421875 0.821875 0.6421875 0.9984375 0.353125 0.9984375
1 0 0.2765625 0.2375 0.2765625 0.2375 0.5375 0 0.5375
1 0.0015625 0.4328125 0.2484375 0.4328125 0.2484375 0.728125 0.0015625 0.728125
1 0.3140625 0.1375 0.6125 0.1375 0.6125 0.315625 0.3140625 0.315625
1 0.703125 0.04375 0.9625 0.04375 0.9625 0.209375 0.703125 0.209375
1 0.23125 0.2703125 0.40625 0.2703125 0.40625 0.471875 0.23125 0.471875
1 0.0171875 0.7 0.221875 0.7 0.221875 0.896875 0.0171875 0.896875
0 0.6703125 0.321875 0.7640625 0.321875 0.7640625 0.4234375 0.6703125 0.4234375
0 0.434375 0.4890625 0.5015625 0.4890625 0.5015625 0.578125 0.434375 0.578125
0 0.440625 0.2375 0.5375 0.2375 0.5375 0.365625 0.440625 0.365625
0 0.4609375 0.20625 0.5375 0.20625 0.5375 0.2859375 0.4609375 0.2859375
0 0.7765625 0.184375 0.8296875 0.184375 0.8296875 0.2375 0.7765625 0.2375
0 0.8171875 0.4734375 0.896875 0.4734375 0.896875 0.5625 0.8171875 0.5625
0 0.853125 0.4078125 0.915625 0.4078125 0.915625 0.4640625 0.853125 0.4640625
0 0.790625 0.05 0.85625 0.05 0.85625 0.1125 0.790625 0.1125
0 0.4265625 0.1390625 0.4890625 0.1390625 0.4890625 0.20625 0.4265625 0.20625
0 0.2828125 0.26875 0.3515625 0.26875 0.3515625 0.3484375 0.2828125 0.3484375
0 0.05625 0.2984375 0.1359375 0.2984375 0.1359375 0.3890625 0.05625 0.3890625
0 0.028125 0.434375 0.1265625 0.434375 0.1265625 0.5484375 0.028125 0.5484375
0 0.2453125 0.6578125 0.321875 0.6578125 0.321875 0.746875 0.2453125 0.746875
0 0.446875 0.8890625 0.5359375 0.8890625 0.5359375 0.996875 0.446875 0.996875
0 0.0921875 0.7109375 0.1484375 0.7109375 0.1484375 0.7609375 0.0921875 0.7609375