1 0.56875 0.3125 0.8515625 0.3125 0.8515625 0.5859375 0.56875 0.5859375
1 0.3125 0.409375 0.5578125 0.409375 0.5578125 0.734375 0.3125 0.734375
1 0.6875 0.1390625 0.915625 0.1390625 0.915625 0.35625 0.6875 0.35625
1 0.684375 0.4609375 0.95625 0.4609375 0.95625 0.7515625 0.684375 0.7515625
1 0.16875 0.6265625 0.4375 0.6265625 0.4375 0.9140625 0.16875 0.9140625
1 0.35625 0.825 0.6390625 0.825 0.6390625 0.9984375 0.35625 0.9984375
1 0 0.2796875 0.2359375 0.2796875 0.2359375 0.5359375 0 0.5359375
1 0 0.428125 0.2546875 0.428125 0.2546875 0.7328125 0 0.7328125
1 0.3078125 0.1234375 0.6171875 0.1234375 0.6171875 0.328125 0.3078125 0.328125
1 0.703125 0.0421875 0.9625 0.0421875 0.9625 0.2109375 0.703125 0.2109375
1 0.2296875 0.26875 0.4078125 0.26875 0.4078125 0.4734375 0.2296875 0.4734375
1 0.0140625 0.6984375 0.2234375 0.6984375 0.2234375 0.9 0.0140625 0.9
0 0.671875 0.3234375 0.7609375 0.3234375 0.7609375 0.421875 0.671875 0.421875
0 0.4328125 0.4890625 0.5015625 0.4890625 0.5015625 0.578125 0.4328125 0.578125
0 0.440625 0.2375 0.5390625 0.2375 0.5390625 0.3671875 0.440625 0.3671875
0 0.4609375 0.20625 0.5375 0.20625 0.5375 0.2859375 0.4609375 0.2859375
0 0.7765625 0.1828125 0.8296875 0.1828125 0.8296875 0.2375 0.7765625 0.2375
0 0.815625 0.4734375 0.8984375 0.4734375 0.8984375 0.5625 0.815625 0.5625
0 0.8546875 0.409375 0.9140625 0.409375 0.9140625 0.4625 0.8546875 0.4625
0 0.790625 0.05 0.85625 0.05 0.85625 0.1109375 0.790625 0.1109375
0 0.4265625 0.1390625 0.4890625 0.1390625 0.4890625 0.20625 0.4265625 0.20625
0 0.2828125 0.2703125 0.3515625 0.2703125 0.3515625 0.346875 0.2828125 0.346875
0 0.05625 0.2984375 0.1359375 0.2984375 0.1359375 0.3890625 0.05625 0.3890625
0 0.021875 0.4296875 0.1328125 0.4296875 0.1328125 0.553125 0.021875 0.553125
0 0.2453125 0.6578125 0.3203125 0.6578125 0.3203125 0.7453125 0.2453125 0.7453125
0 0.446875 0.8875 0.5359375 0.8875 0.5359375 0.9984375 0.446875 0.9984375
0 0.0921875 0.7078125 0.15 0.7078125 0.15 0.7640625 0.0921875 0.7640625