1 0.4375 0.028125 0.8546875 0.028125 0.8546875 0.484375 0.4375 0.484375
1 0.29375 0.3 0.70625 0.3 0.70625 0.771875 0.29375 0.771875
1 0.425 0 0.7703125 0 0.7703125 0.2359375 0.425 0.2359375
1 0.64375 0.0921875 1 0.0921875 1 0.5015625 0.64375 0.5015625
1 0.3171875 0.5515625 0.7109375 0.5515625 0.7109375 0.9625 0.3171875 0.9625
1 0.5828125 0.565625 0.925 0.565625 0.925 0.91875 0.5828125 0.91875
1 0.0078125 0.4359375 0.3234375 0.4359375 0.3234375 0.8234375 0.0078125 0.8234375
1 0.0671875 0.540625 0.446875 0.540625 0.446875 0.9703125 0.0671875 0.9703125
1 0.1375 0.08125 0.490625 0.08125 0.490625 0.4421875 0.1375 0.4421875
1 0.3953125 0 0.70625 0 0.70625 0.096875 0.3953125 0.096875
1 0.153125 0.31875 0.41875 0.31875 0.41875 0.615625 0.153125 0.615625
1 0.240625 0.7625 0.525 0.7625 0.525 0.971875 0.240625 0.971875
0 0.5359375 0.1203125 0.6734375 0.1203125 0.6734375 0.271875 0.5359375 0.271875
0 0.4484375 0.4234375 0.55625 0.4234375 0.55625 0.546875 0.4484375 0.546875
0 0.3015625 0.2109375 0.4578125 0.2109375 0.4578125 0.3890625 0.3015625 0.3890625
0 0.2984375 0.190625 0.409375 0.190625 0.409375 0.3140625 0.2984375 0.3140625
0 0.5390625 0 0.6140625 0 0.6140625 0.0578125 0.5390625 0.0578125
0 0.7453125 0.140625 0.8640625 0.140625 0.8640625 0.2734375 0.7453125 0.2734375
0 0.7359375 0.08125 0.81875 0.08125 0.81875 0.171875 0.7359375 0.171875
0 0.23125 0.1765625 0.3234375 0.1765625 0.3234375 0.278125 0.23125 0.278125
0 0.19375 0.3640625 0.3 0.3640625 0.3 0.48125 0.19375 0.48125
0 0.03125 0.534375 0.1515625 0.534375 0.1515625 0.66875 0.03125 0.66875
0 0.090625 0.6390625 0.240625 0.6390625 0.240625 0.8078125 0.090625 0.8078125
0 0.3984375 0.6703125 0.5140625 0.6703125 0.5140625 0.8015625 0.3984375 0.8015625
0 0.6984375 0.6921875 0.8375 0.6921875 0.8375 0.8484375 0.6984375 0.8484375
0 0.309375 0.8328125 0.3859375 0.8328125 0.3859375 0.9140625 0.309375 0.9140625