1 0.5078125 0.08125 0.8546875 0.08125 0.8546875 0.4703125 0.5078125 0.4703125
1 0.2703125 0.2859375 0.5921875 0.2859375 0.5921875 0.7125 0.2703125 0.7125
1 0.596875 0 0.875 0 0.875 0.20625 0.596875 0.20625
1 0.646875 0.178125 0.984375 0.178125 0.984375 0.58125 0.646875 0.58125
1 0.1671875 0.5375 0.503125 0.5375 0.503125 0.9359375 0.1671875 0.9359375
1 0.390625 0.6484375 0.7109375 0.6484375 0.7109375 0.9203125 0.390625 0.9203125
1 0 0.2921875 0.2359375 0.2921875 0.2359375 0.6390625 0 0.6390625
1 0 0.421875 0.290625 0.421875 0.290625 0.83125 0 0.83125
1 0.2203125 0 0.575 0 0.575 0.328125 0.2203125 0.328125
1 0.596875 0 0.8921875 0 0.8921875 0.0609375 0.596875 0.0609375
1 0.16875 0.215625 0.39375 0.215625 0.39375 0.49375 0.16875 0.49375
1 0.03125 0.6921875 0.2859375 0.6921875 0.2859375 0.9796875 0.03125 0.9796875
0 0.6171875 0.134375 0.7296875 0.134375 0.7296875 0.26875 0.6171875 0.26875
0 0.4109375 0.3921875 0.5015625 0.3921875 0.5015625 0.509375 0.4109375 0.509375
0 0.371875 0.1390625 0.5015625 0.1390625 0.5015625 0.3078125 0.371875 0.3078125
0 0.3890625 0.1125 0.484375 0.1125 0.484375 0.2234375 0.3890625 0.2234375
0 0.696875 0 0.7640625 0 0.7640625 0.053125 0.696875 0.053125
0 0.7859375 0.2203125 0.8890625 0.2203125 0.8890625 0.34375 0.7859375 0.34375
0 0.8140625 0.15625 0.8859375 0.15625 0.8859375 0.2328125 0.8140625 0.2328125
0 0.34375 0.06875 0.421875 0.06875 0.421875 0.1609375 0.34375 0.1609375
0 0.225 0.2453125 0.3125 0.2453125 0.3125 0.35 0.225 0.35
0 0.00625 0.3546875 0.1078125 0.3546875 0.1078125 0.4796875 0.00625 0.4796875
0 0 0.4796875 0.134375 0.4796875 0.134375 0.6484375 0 0.6484375
0 0.25625 0.621875 0.3515625 0.621875 0.3515625 0.7390625 0.25625 0.7390625
0 0.49375 0.75 0.609375 0.75 0.609375 0.8984375 0.49375 0.8984375
0 0.1140625 0.7359375 0.184375 0.7359375 0.184375 0.815625 0.1140625 0.815625