1 0.4125 0.225 0.5046875 0.225 0.5046875 0.325 0.4125 0.325
1 0.5171875 0.2890625 0.6046875 0.2890625 0.6046875 0.3828125 0.5171875 0.3828125
1 0.559375 0.3171875 0.634375 0.3171875 0.634375 0.3953125 0.559375 0.3953125
1 0.634375 0.3578125 0.721875 0.3578125 0.721875 0.45 0.634375 0.45
1 0.36875 0.0265625 0.45625 0.0265625 0.45625 0.0671875 0.36875 0.0671875
1 0.2421875 0.190625 0.3234375 0.190625 0.3234375 0.2796875 0.2421875 0.2796875
1 0.271875 0.20625 0.353125 0.20625 0.353125 0.2953125 0.271875 0.2953125
1 0.253125 0.1 0.3375 0.1 0.3375 0.190625 0.253125 0.190625
1 0.20625 0.0953125 0.2796875 0.0953125 0.2796875 0.1765625 0.20625 0.1765625
1 0.14375 0.1125 0.225 0.1125 0.225 0.2 0.14375 0.2
1 0.1765625 0.0609375 0.259375 0.0609375 0.259375 0.1515625 0.1765625 0.1515625
1 0.2234375 0.015625 0.3125 0.015625 0.3125 0.1 0.2234375 0.1
1 0.265625 0.040625 0.34375 0.040625 0.34375 0.125 0.265625 0.125
1 0.36875 0.0453125 0.453125 0.0453125 0.453125 0.1359375 0.36875 0.1359375
1 0.40625 0.1640625 0.5 0.1640625 0.5 0.26875 0.40625 0.26875
1 0.3265625 0.271875 0.4125 0.271875 0.4125 0.3640625 0.3265625 0.3640625
1 0.2703125 0.3953125 0.3515625 0.3953125 0.3515625 0.4859375 0.2703125 0.4859375
1 0.309375 0.41875 0.375 0.41875 0.375 0.4890625 0.309375 0.4890625
1 0.30625 0.353125 0.403125 0.353125 0.403125 0.45625 0.30625 0.45625
1 0.196875 0.3609375 0.29375 0.3609375 0.29375 0.4640625 0.196875 0.4640625
1 0.184375 0.415625 0.2765625 0.415625 0.2765625 0.515625 0.184375 0.515625
1 0.1171875 0.446875 0.20625 0.446875 0.20625 0.54375 0.1171875 0.54375
1 0.1578125 0.3484375 0.2359375 0.3484375 0.2359375 0.4328125 0.1578125 0.4328125
1 0.1109375 0.3828125 0.2015625 0.3828125 0.2015625 0.4796875 0.1109375 0.4796875
1 0.09375 0.3984375 0.165625 0.3984375 0.165625 0.475 0.09375 0.475
1 0.053125 0.26875 0.140625 0.26875 0.140625 0.3625 0.053125 0.3625
1 0.1015625 0.24375 0.1984375 0.24375 0.1984375 0.346875 0.1015625 0.346875
1 0.103125 0.1859375 0.178125 0.1859375 0.178125 0.265625 0.103125 0.265625
1 0.0078125 0.25625 0.0984375 0.25625 0.0984375 0.359375 0.0078125 0.359375
1 0.0125 0.325 0.0890625 0.325 0.0890625 0.40625 0.0125 0.40625
1 0.0125 0.403125 0.0828125 0.403125 0.0828125 0.490625 0.0125 0.490625
1 0.03125 0.4265625 0.0953125 0.4265625 0.0953125 0.4953125 0.03125 0.4953125
1 0.0140625 0.4671875 0.0609375 0.4671875 0.0609375 0.54375 0.0140625 0.54375
1 0.0125 0.453125 0.0421875 0.453125 0.0421875 0.5296875 0.0125 0.5296875
1 0.0171875 0.584375 0.0390625 0.584375 0.0390625 0.6765625 0.0171875 0.6765625
1 0.0453125 0.5890625 0.1140625 0.5890625 0.1140625 0.6640625 0.0453125 0.6640625
1 0.175 0.7671875 0.24375 0.7671875 0.24375 0.8421875 0.175 0.8421875
1 0.2140625 0.7859375 0.2953125 0.7859375 0.2953125 0.8734375 0.2140625 0.8734375
1 0.228125 0.71875 0.3234375 0.71875 0.3234375 0.8203125 0.228125 0.8203125
1 0.1546875 0.7109375 0.24375 0.7109375 0.24375 0.80625 0.1546875 0.80625
1 0.25625 0.7484375 0.3421875 0.7484375 0.3421875 0.8421875 0.25625 0.8421875
1 0.1421875 0.6046875 0.2140625 0.6046875 0.2140625 0.68125 0.1421875 0.68125
1 0.1421875 0.653125 0.215625 0.653125 0.215625 0.73125 0.1421875 0.73125
1 0.103125 0.6796875 0.1765625 0.6796875 0.1765625 0.7578125 0.103125 0.7578125
1 0.171875 0.528125 0.259375 0.528125 0.259375 0.625 0.171875 0.625
1 0.228125 0.5078125 0.2984375 0.5078125 0.2984375 0.584375 0.228125 0.584375
1 0.159375 0.484375 0.2390625 0.484375 0.2390625 0.5703125 0.159375 0.5703125
1 0.2609375 0.4625 0.3453125 0.4625 0.3453125 0.553125 0.2609375 0.553125
1 0.3 0.4515625 0.3828125 0.4515625 0.3828125 0.5375 0.3 0.5375
1 0.2828125 0.503125 0.35 0.503125 0.35 0.575 0.2828125 0.575
1 0.34375 0.4078125 0.4453125 0.4078125 0.4453125 0.5171875 0.34375 0.5171875
1 0.275 0.1359375 0.3765625 0.1359375 0.3765625 0.2453125 0.275 0.2453125
1 0.1890625 0.153125 0.259375 0.153125 0.259375 0.228125 0.1890625 0.228125
1 0.196875 0.5953125 0.275 0.5953125 0.275 0.6765625 0.196875 0.6765625
1 0.2421875 0.5734375 0.3171875 0.5734375 0.3171875 0.653125 0.2421875 0.653125
1 0.3 0.8328125 0.384375 0.8328125 0.384375 0.925 0.3 0.925
1 0.2671875 0.8921875 0.325 0.8921875 0.325 0.95625 0.2671875 0.95625
1 0.3203125 0.9203125 0.4140625 0.9203125 0.4140625 1 0.3203125 1
1 0.3734375 0.8359375 0.4484375 0.8359375 0.4484375 0.915625 0.3734375 0.915625
1 0.43125 0.775 0.5328125 0.775 0.5328125 0.8828125 0.43125 0.8828125
1 0.4828125 0.9203125 0.578125 0.9203125 0.578125 1 0.4828125 1
1 0.4375 0.940625 0.5265625 0.940625 0.5265625 1 0.4375 1
1 0.48125 0.821875 0.5703125 0.821875 0.5703125 0.91875 0.48125 0.91875
1 0.5390625 0.8609375 0.6234375 0.8609375 0.6234375 0.9515625 0.5390625 0.9515625
1 0.56875 0.80625 0.6546875 0.80625 0.6546875 0.8984375 0.56875 0.8984375
1 0.5984375 0.7796875 0.6921875 0.7796875 0.6921875 0.8796875 0.5984375 0.8796875
1 0.559375 0.7609375 0.634375 0.7609375 0.634375 0.84375 0.559375 0.84375
1 0.60625 0.7140625 0.6828125 0.7140625 0.6828125 0.796875 0.60625 0.796875
1 0.35 0.8734375 0.4265625 0.8734375 0.4265625 0.95625 0.35 0.95625
1 0.4296875 0.6734375 0.5171875 0.6734375 0.5171875 0.7671875 0.4296875 0.7671875
1 0.3765625 0.65625 0.4609375 0.65625 0.4609375 0.7484375 0.3765625 0.7484375
1 0.440625 0.53125 0.528125 0.53125 0.528125 0.6234375 0.440625 0.6234375
1 0.403125 0.5421875 0.4765625 0.5421875 0.4765625 0.6203125 0.403125 0.6203125
1 0.421875 0.478125 0.5109375 0.478125 0.5109375 0.575 0.421875 0.575
1 0.48125 0.440625 0.55625 0.440625 0.55625 0.5234375 0.48125 0.5234375
1 0.4859375 0.375 0.5703125 0.375 0.5703125 0.4671875 0.4859375 0.4671875
1 0.4375 0.3734375 0.5234375 0.3734375 0.5234375 0.4640625 0.4375 0.4640625
1 0.4109375 0.4296875 0.478125 0.4296875 0.478125 0.5046875 0.4109375 0.5046875
1 0.35625 0.309375 0.4484375 0.309375 0.4484375 0.4078125 0.35625 0.4078125
1 0.3609375 0.3609375 0.4515625 0.3609375 0.4515625 0.4578125 0.3609375 0.4578125
1 0.0140625 0.5046875 0.0921875 0.5046875 0.0921875 0.5953125 0.0140625 0.5953125
1 0.05 0.48125 0.14375 0.48125 0.14375 0.5796875 0.05 0.5796875
1 0.0640625 0.296875 0.1578125 0.296875 0.1578125 0.396875 0.0640625 0.396875
1 0.1203125 0.196875 0.2171875 0.196875 0.2171875 0.3015625 0.1203125 0.3015625
1 0.090625 0.584375 0.1734375 0.584375 0.1734375 0.675 0.090625 0.675
1 0.0515625 0.7265625 0.125 0.7265625 0.125 0.8 0.0515625 0.8
1 0.2265625 0.678125 0.309375 0.678125 0.309375 0.76875 0.2265625 0.76875
1 0.3453125 0.9421875 0.44375 0.9421875 0.44375 1 0.3453125 1
1 0.5890625 0.9546875 0.690625 0.9546875 0.690625 1 0.5890625 1
1 0.640625 0.9578125 0.7328125 0.9578125 0.7328125 1 0.640625 1
1 0.765625 0.8296875 0.8359375 0.8296875 0.8359375 0.90625 0.765625 0.90625
1 0.753125 0.74375 0.859375 0.74375 0.859375 0.85625 0.753125 0.85625
1 0.765625 0.6765625 0.8625 0.6765625 0.8625 0.7796875 0.765625 0.7796875
1 0.8109375 0.703125 0.9015625 0.703125 0.9015625 0.8015625 0.8109375 0.8015625
1 0.8421875 0.659375 0.921875 0.659375 0.921875 0.740625 0.8421875 0.740625
1 0.78125 0.6453125 0.85625 0.6453125 0.85625 0.728125 0.78125 0.728125
1 0.934375 0.678125 1 0.678125 1 0.7453125 0.934375 0.7453125
1 0.875 0.5453125 0.9640625 0.5453125 0.9640625 0.6390625 0.875 0.6390625
1 0.884375 0.4796875 0.96875 0.4796875 0.96875 0.571875 0.884375 0.571875
1 0.91875 0.4546875 1 0.4546875 1 0.546875 0.91875 0.546875
1 0.975 0.428125 1 0.428125 1 0.503125 0.975 0.503125
1 0.96875 0.4484375 1 0.4484375 1 0.54375 0.96875 0.54375
1 0.96875 0.49375 1 0.49375 1 0.5765625 0.96875 0.5765625
1 0.9328125 0.5390625 1 0.5390625 1 0.6234375 0.9328125 0.6234375
1 0.9859375 0.5296875 1 0.5296875 1 0.615625 0.9859375 0.615625
1 0.8609375 0.396875 0.9453125 0.396875 0.9453125 0.4890625 0.8609375 0.4890625
1 0.9203125 0.371875 1 0.371875 1 0.4578125 0.9203125 0.4578125
1 0.7015625 0.246875 0.790625 0.246875 0.790625 0.3421875 0.7015625 0.3421875
1 0.6625 0.2359375 0.7453125 0.2359375 0.7453125 0.325 0.6625 0.325
1 0.64375 0.215625 0.715625 0.215625 0.715625 0.29375 0.64375 0.29375
1 0.7015625 0.3484375 0.790625 0.3484375 0.790625 0.4421875 0.7015625 0.4421875
1 0.6890625 0.3953125 0.7796875 0.3953125 0.7796875 0.4921875 0.6890625 0.4921875
1 0.7359375 0.3734375 0.81875 0.3734375 0.81875 0.4640625 0.7359375 0.4640625
1 0.740625 0.4265625 0.8046875 0.4265625 0.8046875 0.4953125 0.740625 0.4953125
1 0.70625 0.515625 0.784375 0.515625 0.784375 0.6015625 0.70625 0.6015625
1 0.65625 0.55625 0.7515625 0.55625 0.7515625 0.6578125 0.65625 0.6578125
1 0.7140625 0.5640625 0.796875 0.5640625 0.796875 0.6546875 0.7140625 0.6546875
1 0.734375 0.478125 0.809375 0.478125 0.809375 0.5578125 0.734375 0.5578125
1 0.6390625 0.45625 0.7140625 0.45625 0.7140625 0.5359375 0.6390625 0.5359375
1 0.59375 0.4140625 0.675 0.4140625 0.675 0.5 0.59375 0.5
1 0.559375 0.575 0.64375 0.575 0.64375 0.6671875 0.559375 0.6671875
1 0.590625 0.6046875 0.68125 0.6046875 0.68125 0.703125 0.590625 0.703125
1 0.5265625 0.6359375 0.6140625 0.6359375 0.6140625 0.73125 0.5265625 0.73125
1 0.4140625 0.5984375 0.4875 0.5984375 0.4875 0.6765625 0.4140625 0.6765625
1 0.2671875 0.6890625 0.340625 0.6890625 0.340625 0.7671875 0.2671875 0.7671875
1 0.3234375 0.803125 0.390625 0.803125 0.390625 0.875 0.3234375 0.875
1 0.5140625 0.965625 0.6 0.965625 0.6 1 0.5140625 1
1 0.471875 0.0703125 0.55 0.0703125 0.55 0.1546875 0.471875 0.1546875
1 0.3875 0.09375 0.4875 0.09375 0.4875 0.2015625 0.3875 0.2015625
1 0.4890625 0.034375 0.578125 0.034375 0.578125 0.0609375 0.4890625 0.0609375
1 0.5546875 0.109375 0.628125 0.109375 0.628125 0.1875 0.5546875 0.1875
1 0.58125 0.08125 0.6640625 0.08125 0.6640625 0.1703125 0.58125 0.1703125
1 0.6125 0.0421875 0.703125 0.0421875 0.703125 0.1296875 0.6125 0.1296875
1 0.578125 0.040625 0.6625 0.040625 0.6625 0.096875 0.578125 0.096875
1 0.6734375 0.3015625 0.74375 0.3015625 0.74375 0.375 0.6734375 0.375
1 0.8875 0.796875 0.9453125 0.796875 0.9453125 0.8578125 0.8875 0.8578125
1 0.8796875 0.74375 0.9578125 0.74375 0.9578125 0.825 0.8796875 0.825
1 0.4984375 0.4921875 0.5859375 0.4921875 0.5859375 0.5875 0.4984375 0.5875