1 0.278125 0.2734375 0.35 0.2734375 0.35 0.3625 0.278125 0.3625
1 0.3953125 0.2828125 0.4625 0.2828125 0.4625 0.365625 0.3953125 0.365625
1 0.4390625 0.2890625 0.496875 0.2890625 0.496875 0.359375 0.4390625 0.359375
1 0.525 0.284375 0.5921875 0.284375 0.5921875 0.3703125 0.525 0.3703125
1 0.1375 0.0640625 0.203125 0.0640625 0.203125 0.1515625 0.1375 0.1515625
1 0.1109375 0.3296875 0.175 0.3296875 0.175 0.4078125 0.1109375 0.4078125
1 0.14375 0.3296875 0.2078125 0.3296875 0.2078125 0.409375 0.14375 0.409375
1 0.0859375 0.2421875 0.1515625 0.2421875 0.1515625 0.3203125 0.0859375 0.3203125
1 0.0421875 0.2609375 0.096875 0.2609375 0.096875 0.334375 0.0421875 0.334375
1 0 0.3078125 0.0578125 0.3078125 0.0578125 0.3828125 0 0.3828125
1 0.0046875 0.240625 0.065625 0.240625 0.065625 0.325 0.0046875 0.325
1 0.021875 0.1640625 0.090625 0.1640625 0.090625 0.253125 0.021875 0.253125
1 0.06875 0.1828125 0.134375 0.1828125 0.134375 0.2546875 0.06875 0.2546875
1 0.1640625 0.1359375 0.2328125 0.1359375 0.2328125 0.2125 0.1640625 0.2125
1 0.25 0.2203125 0.3203125 0.2203125 0.3203125 0.315625 0.25 0.315625
1 0.21875 0.3609375 0.2859375 0.3609375 0.2859375 0.4421875 0.21875 0.4421875
1 0.221875 0.5015625 0.28125 0.5015625 0.28125 0.5859375 0.221875 0.5859375
1 0.2578125 0.5109375 0.309375 0.5109375 0.309375 0.571875 0.2578125 0.571875
1 0.2375 0.44375 0.3109375 0.44375 0.3109375 0.5359375 0.2375 0.5359375
1 0.1453125 0.5046875 0.2203125 0.5046875 0.2203125 0.596875 0.1453125 0.596875
1 0.15625 0.559375 0.225 0.559375 0.225 0.653125 0.15625 0.653125
1 0.1078125 0.625 0.178125 0.625 0.178125 0.7125 0.1078125 0.7125
1 0.103125 0.515625 0.159375 0.515625 0.159375 0.59375 0.103125 0.59375
1 0.078125 0.5671875 0.146875 0.5671875 0.146875 0.65625 0.078125 0.65625
1 0.0640625 0.596875 0.1171875 0.596875 0.1171875 0.665625 0.0640625 0.665625
1 0 0.49375 0.046875 0.49375 0.046875 0.5765625 0 0.5765625
1 0.0140625 0.44375 0.0890625 0.44375 0.0890625 0.5359375 0.0140625 0.5359375
1 0 0.396875 0.04375 0.396875 0.04375 0.4671875 0 0.4671875
1 0 0.503125 0.0015625 0.503125 0.0015625 0.6 0 0.6
1 0 0.5703125 0.0234375 0.5703125 0.0234375 0.640625 0 0.640625
1 0 0.6421875 0.046875 0.6421875 0.046875 0.725 0 0.725
1 0.0171875 0.6546875 0.0671875 0.6546875 0.0671875 0.715625 0.0171875 0.715625
1 0 0.7078125 0.053125 0.7078125 0.053125 0.7796875 0 0.7796875
1 0 0.70625 0.03125 0.70625 0.03125 0.778125 0 0.778125
1 0 0.8609375 0.0453125 0.8609375 0.0453125 0.9375 0 0.9375
1 0.0125 0.83125 0.084375 0.83125 0.084375 0.9171875 0.0125 0.9171875
1 0 0.828125 0.021875 0.828125 0.021875 0.9078125 0 0.9078125
1 0.096875 0.7953125 0.15 0.7953125 0.15 0.8625 0.096875 0.8625
1 0.28125 0.8953125 0.3359375 0.8953125 0.3359375 0.9625 0.28125 0.9625
1 0.3265625 0.8890625 0.390625 0.8890625 0.390625 0.9671875 0.3265625 0.9671875
1 0.3171875 0.8171875 0.3890625 0.8171875 0.3890625 0.9078125 0.3171875 0.9078125
1 0.2484375 0.846875 0.3125 0.846875 0.3125 0.9359375 0.2484375 0.9359375
1 0.35 0.8328125 0.4171875 0.8328125 0.4171875 0.9171875 0.35 0.9171875
1 0.1875 0.7625 0.2453125 0.7625 0.2453125 0.8296875 0.1875 0.8296875
1 0.20625 0.80625 0.265625 0.80625 0.265625 0.8734375 0.20625 0.8734375
1 0.184375 0.85 0.2421875 0.85 0.2421875 0.9203125 0.184375 0.9203125
1 0.190625 0.671875 0.2546875 0.671875 0.2546875 0.7609375 0.190625 0.7609375
1 0.225 0.6296875 0.278125 0.6296875 0.278125 0.6984375 0.225 0.6984375
1 0.159375 0.6390625 0.21875 0.6390625 0.21875 0.71875 0.159375 0.71875
1 0.2390625 0.56875 0.303125 0.56875 0.303125 0.6484375 0.2390625 0.6484375
1 0.265625 0.5421875 0.334375 0.5421875 0.334375 0.615625 0.265625 0.615625
1 0.2703125 0.5984375 0.321875 0.5984375 0.321875 0.665625 0.2703125 0.665625
1 0.2953125 0.4734375 0.371875 0.4734375 0.371875 0.5703125 0.2953125 0.5703125
1 0.125 0.25625 0.2015625 0.25625 0.2015625 0.35625 0.125 0.35625
1 0.0453125 0.325 0.1015625 0.325 0.1015625 0.390625 0.0453125 0.390625
1 0.2328125 0.7265625 0.2953125 0.7265625 0.2953125 0.796875 0.2328125 0.796875
1 0.2640625 0.68125 0.321875 0.68125 0.321875 0.753125 0.2640625 0.753125
1 0.4234375 0.8890625 0.4875 0.8890625 0.4875 0.9734375 0.4234375 0.9734375
1 0.409375 0.9671875 0.4546875 0.9671875 0.4546875 1 0.409375 1
1 0.4796875 0.9546875 0.5484375 0.9546875 0.5484375 1 0.4796875 1
1 0.4859375 0.8578125 0.54375 0.8578125 0.54375 0.9296875 0.4859375 0.9296875
1 0.51875 0.765625 0.596875 0.765625 0.596875 0.8625 0.51875 0.8625
1 0.6203125 0.8765625 0.696875 0.8765625 0.696875 0.9671875 0.6203125 0.9671875
1 0.5875 0.921875 0.6578125 0.921875 0.6578125 1 0.5875 1
1 0.6390625 0.9734375 0.6984375 0.9734375 0.6984375 1 0.6390625 1
1 0.5765625 0.7875 0.6484375 0.7875 0.6484375 0.8734375 0.5765625 0.8734375
1 0.6421875 0.7953125 0.7109375 0.7953125 0.7109375 0.8765625 0.6421875 0.8765625
1 0.6484375 0.73125 0.715625 0.73125 0.715625 0.8109375 0.6484375 0.8109375
1 0.6640625 0.690625 0.7375 0.690625 0.7375 0.778125 0.6640625 0.778125
1 0.61875 0.6953125 0.6765625 0.6953125 0.6765625 0.7703125 0.61875 0.7703125
1 0.6390625 0.63125 0.7015625 0.63125 0.7015625 0.7015625 0.6390625 0.7015625
1 0.4828125 0.9015625 0.5390625 0.9015625 0.5390625 0.978125 0.4828125 0.978125
1 0.471875 0.678125 0.5390625 0.678125 0.5390625 0.7609375 0.471875 0.7609375
1 0.4203125 0.6875 0.4828125 0.6875 0.4828125 0.7734375 0.4203125 0.7734375
1 0.425 0.540625 0.4921875 0.540625 0.4921875 0.625 0.425 0.625
1 0.3921875 0.575 0.45 0.575 0.45 0.6421875 0.3921875 0.6421875
1 0.390625 0.5 0.453125 0.5 0.453125 0.590625 0.390625 0.590625
1 0.421875 0.440625 0.478125 0.440625 0.478125 0.515625 0.421875 0.515625
1 0.403125 0.3765625 0.465625 0.3765625 0.465625 0.4609375 0.403125 0.4609375
1 0.35625 0.4 0.425 0.4 0.425 0.478125 0.35625 0.478125
1 0.35625 0.4671875 0.403125 0.4671875 0.403125 0.5375 0.35625 0.5375
1 0.2625 0.3796875 0.334375 0.3796875 0.334375 0.465625 0.2625 0.465625
1 0.2859375 0.425 0.3578125 0.425 0.3578125 0.509375 0.2859375 0.509375
1 0.0328125 0.734375 0.1 0.734375 0.1 0.8140625 0.0328125 0.8140625
1 0.0625 0.690625 0.1359375 0.690625 0.1359375 0.7765625 0.0625 0.7765625
1 0.0015625 0.5125 0.075 0.5125 0.075 0.6015625 0.0015625 0.6015625
1 0.0109375 0.39375 0.0859375 0.39375 0.0859375 0.4859375 0.0109375 0.4859375
1 0.1390625 0.7640625 0.2015625 0.7640625 0.2015625 0.8484375 0.1390625 0.8484375
1 0.1546875 0.921875 0.21875 0.921875 0.21875 0.978125 0.1546875 0.978125
1 0.2953125 0.784375 0.359375 0.784375 0.359375 0.8640625 0.2953125 0.8640625
1 0.5109375 0.9640625 0.5859375 0.9640625 0.5859375 1 0.5109375 1
1 0.73125 0.853125 0.809375 0.853125 0.809375 0.9515625 0.73125 0.9515625
1 0.771875 0.834375 0.8453125 0.834375 0.8453125 0.91875 0.771875 0.91875
1 0.753125 0.9125 0.809375 0.9125 0.809375 0.984375 0.753125 0.984375
1 0.7796875 0.9171875 0.8578125 0.9171875 0.8578125 1 0.7796875 1
1 0.809375 0.878125 0.8859375 0.878125 0.8859375 0.9578125 0.809375 0.9578125
1 0.828125 0.6578125 0.8796875 0.6578125 0.8796875 0.728125 0.828125 0.728125
1 0.7890625 0.5765625 0.871875 0.5765625 0.871875 0.678125 0.7890625 0.678125
1 0.771875 0.5125 0.8453125 0.5125 0.8453125 0.603125 0.771875 0.603125
1 0.8203125 0.5140625 0.890625 0.5140625 0.890625 0.603125 0.8203125 0.603125
1 0.825 0.4625 0.8890625 0.4625 0.8890625 0.5328125 0.825 0.5328125
1 0.7671875 0.4796875 0.825 0.4796875 0.825 0.5546875 0.7671875 0.5546875
1 0.9109375 0.4359375 0.9625 0.4359375 0.9625 0.49375 0.9109375 0.49375
1 0.8125 0.3375 0.8796875 0.3375 0.8796875 0.421875 0.8125 0.421875
1 0.7921875 0.275 0.859375 0.275 0.859375 0.35625 0.7921875 0.35625
1 0.8125 0.2328125 0.88125 0.2328125 0.88125 0.315625 0.8125 0.315625
1 0.8484375 0.1859375 0.9046875 0.1859375 0.9046875 0.253125 0.8484375 0.253125
1 0.8546875 0.2015625 0.9296875 0.2015625 0.9296875 0.2875 0.8546875 0.2875
1 0.871875 0.246875 0.9328125 0.246875 0.9328125 0.321875 0.871875 0.321875
1 0.8578125 0.30625 0.91875 0.30625 0.91875 0.38125 0.8578125 0.38125
1 0.94375 0.153125 0.99375 0.153125 0.99375 0.2234375 0.94375 0.2234375
1 0.903125 0.2703125 0.9625 0.2703125 0.9625 0.3515625 0.903125 0.3515625
1 0.7390625 0.209375 0.8046875 0.209375 0.8046875 0.2921875 0.7390625 0.2921875
1 0.778125 0.1578125 0.8421875 0.1578125 0.8421875 0.234375 0.778125 0.234375
1 0.5390625 0.1515625 0.609375 0.1515625 0.609375 0.234375 0.5390625 0.234375
1 0.4984375 0.1640625 0.5640625 0.1640625 0.5640625 0.240625 0.4984375 0.240625
1 0.471875 0.1546875 0.528125 0.1546875 0.528125 0.225 0.471875 0.225
1 0.5796875 0.24375 0.6484375 0.24375 0.6484375 0.3265625 0.5796875 0.3265625
1 0.5890625 0.2921875 0.659375 0.2921875 0.659375 0.3796875 0.5890625 0.3796875
1 0.61875 0.253125 0.684375 0.253125 0.684375 0.3328125 0.61875 0.3328125
1 0.6390625 0.303125 0.690625 0.303125 0.690625 0.3625 0.6390625 0.3625
1 0.6484375 0.3984375 0.709375 0.3984375 0.709375 0.4734375 0.6484375 0.4734375
1 0.625 0.45625 0.7 0.45625 0.7 0.546875 0.625 0.546875
1 0.678125 0.434375 0.740625 0.434375 0.740625 0.521875 0.678125 0.521875
1 0.65625 0.3515625 0.71875 0.3515625 0.71875 0.41875 0.65625 0.41875
1 0.565625 0.3765625 0.6234375 0.3765625 0.6234375 0.4484375 0.565625 0.4484375
1 0.509375 0.359375 0.5734375 0.359375 0.5734375 0.4359375 0.509375 0.4359375
1 0.5453125 0.525 0.6125 0.525 0.6125 0.60625 0.5453125 0.60625
1 0.5859375 0.534375 0.6578125 0.534375 0.6578125 0.621875 0.5859375 0.621875
1 0.54375 0.5953125 0.6109375 0.5953125 0.6109375 0.68125 0.54375 0.68125
1 0.425 0.6203125 0.4828125 0.6203125 0.4828125 0.690625 0.425 0.690625
1 0.33125 0.7765625 0.3890625 0.7765625 0.3890625 0.846875 0.33125 0.846875
1 0.425 0.8546875 0.4796875 0.8546875 0.4796875 0.9171875 0.425 0.9171875
1 0.6640625 0.9046875 0.73125 0.9046875 0.73125 0.984375 0.6640625 0.984375
1 0.2640625 0.1046875 0.3234375 0.1046875 0.3234375 0.18125 0.2640625 0.18125
1 0.20625 0.1640625 0.2828125 0.1640625 0.2828125 0.259375 0.20625 0.259375
1 0.2375 0.0140625 0.3046875 0.0140625 0.3046875 0.084375 0.2375 0.084375
1 0.35 0.1015625 0.409375 0.1015625 0.409375 0.16875 0.35 0.16875
1 0.3640625 0.0609375 0.4296875 0.0609375 0.4296875 0.1390625 0.3640625 0.1390625
1 0.3765625 0.021875 0.44375 0.021875 0.44375 0.0859375 0.3765625 0.0859375
1 0.33125 0.01875 0.396875 0.01875 0.396875 0.0734375 0.33125 0.0734375
1 0.53125 0.2203125 0.5859375 0.2203125 0.5859375 0.2828125 0.53125 0.2828125
1 0.04375 0.096875 0.1 0.096875 0.1 0.1703125 0.04375 0.1703125
1 0.9140625 0.5703125 0.9609375 0.5703125 0.9609375 0.625 0.9140625 0.625
1 0.890625 0.5234375 0.95625 0.5234375 0.95625 0.5890625 0.890625 0.5890625
1 0.459375 0.4765625 0.528125 0.4765625 0.528125 0.5609375 0.459375 0.5609375