1 0.0453125 0.15625 0.303125 0.15625 0.303125 0.4875 0.0453125 0.4875
1 0.209375 0.3859375 0.4609375 0.3859375 0.4609375 0.68125 0.209375 0.68125
1 0.0109375 0.5046875 0.2328125 0.5046875 0.2328125 0.7703125 0.0109375 0.7703125
1 0.0671875 0.653125 0.3 0.653125 0.3 0.903125 0.0671875 0.903125
1 0.20625 0.5796875 0.446875 0.5796875 0.446875 0.8125 0.20625 0.8125
1 0 0.4046875 0.1625 0.4046875 0.1625 0.6171875 0 0.6171875
1 0.1390625 0.021875 0.2984375 0.021875 0.2984375 0.2203125 0.1390625 0.2203125
1 0.2328125 0.0375 0.40625 0.0375 0.40625 0.2484375 0.2328125 0.2484375
1 0.30625 0.0484375 0.528125 0.0484375 0.528125 0.2859375 0.30625 0.2859375
1 0.584375 0.1328125 0.7578125 0.1328125 0.7578125 0.3171875 0.584375 0.3171875
1 0.7890625 0.4546875 0.9875 0.4546875 0.9875 0.6421875 0.7890625 0.6421875
1 0.534375 0.265625 0.7375 0.265625 0.7375 0.4984375 0.534375 0.4984375
1 0.56875 0.5390625 0.73125 0.5390625 0.73125 0.7203125 0.56875 0.7203125
1 0.4484375 0.571875 0.6234375 0.571875 0.6234375 0.7609375 0.4484375 0.7609375
1 0.5125 0.640625 0.565625 0.640625 0.565625 0.6890625 0.5125 0.6890625
1 0.625 0.60625 0.665625 0.60625 0.665625 0.653125 0.625 0.653125
1 0.8875 0.3546875 0.996875 0.3546875 0.996875 0.565625 0.8875 0.565625
1 0.7484375 0.3375 0.9125 0.3375 0.9125 0.51875 0.7484375 0.51875
1 0.4203125 0.2890625 0.6 0.2890625 0.6 0.5046875 0.4203125 0.5046875