1 0 0.41875 0.296875 0.41875 0.296875 0.8015625 0 0.8015625
1 0.234375 0.4 0.515625 0.4 0.515625 0.715625 0.234375 0.715625
1 0.2234375 0.665625 0.48125 0.665625 0.48125 0.95625 0.2234375 0.95625
1 0.3671875 0.6796875 0.6203125 0.6796875 0.6203125 0.9453125 0.3671875 0.9453125
1 0.359375 0.4890625 0.640625 0.4890625 0.640625 0.796875 0.359375 0.796875
1 0.115625 0.6796875 0.334375 0.6796875 0.334375 0.9234375 0.115625 0.9234375
1 0 0.35 0.090625 0.35 0.090625 0.575 0 0.575
1 0 0.259375 0.1578125 0.259375 0.1578125 0.4984375 0 0.4984375
1 0 0.1515625 0.2421875 0.1515625 0.2421875 0.4421875 0 0.4421875
1 0.196875 0 0.3953125 0 0.3953125 0.2 0.196875 0.2
1 0.54375 0 0.7765625 0 0.7765625 0.1609375 0.54375 0.1609375
1 0.284375 0.0640625 0.521875 0.0640625 0.521875 0.3296875 0.284375 0.3296875
1 0.515625 0.2015625 0.6984375 0.2015625 0.6984375 0.403125 0.515625 0.403125
1 0.46875 0.3046875 0.690625 0.3046875 0.690625 0.5515625 0.46875 0.5515625
1 0.5515625 0.39375 0.609375 0.39375 0.609375 0.45625 0.5515625 0.45625
1 0.58125 0.2796875 0.6296875 0.2796875 0.6296875 0.3328125 0.58125 0.3328125
1 0.5375 0 0.7421875 0 0.7421875 0.025 0.5375 0.025
1 0.4421875 0 0.63125 0 0.63125 0.1375 0.4421875 0.1375
1 0.24375 0.2015625 0.4625 0.2015625 0.4625 0.4484375 0.24375 0.4484375