1 0.059375 0.1296875 0.3171875 0.1296875 0.3171875 0.4375 0.059375 0.4375
1 0.2390625 0.3171875 0.4875 0.3171875 0.4875 0.5859375 0.2390625 0.5859375
1 0.0484375 0.4875 0.271875 0.4875 0.271875 0.7328125 0.0484375 0.7328125
1 0.1171875 0.6234375 0.346875 0.6234375 0.346875 0.84375 0.1171875 0.84375
1 0.2375 0.5 0.496875 0.5 0.496875 0.7328125 0.2375 0.7328125
1 0.0171875 0.4 0.1921875 0.4 0.1921875 0.596875 0.0171875 0.596875
1 0.134375 0 0.3 0 0.3 0.165625 0.134375 0.165625
1 0.2375 0 0.396875 0 0.396875 0.159375 0.2375 0.159375
1 0.303125 0 0.5296875 0 0.5296875 0.178125 0.303125 0.178125
1 0.5765625 0 0.765625 0 0.765625 0.15 0.5765625 0.15
1 0.8046875 0.2296875 1 0.2296875 1 0.4140625 0.8046875 0.4140625
1 0.54375 0.1109375 0.75625 0.1109375 0.75625 0.3328125 0.54375 0.3328125
1 0.603125 0.3859375 0.7578125 0.3859375 0.7578125 0.54375 0.603125 0.54375
1 0.4796875 0.4390625 0.6625 0.4390625 0.6625 0.621875 0.4796875 0.621875
1 0.546875 0.5046875 0.6 0.5046875 0.6 0.5546875 0.546875 0.5546875
1 0.653125 0.4421875 0.6984375 0.4421875 0.6984375 0.490625 0.653125 0.490625
1 0.9046875 0.11875 1 0.11875 1 0.31875 0.9046875 0.31875
1 0.7578125 0.1296875 0.9296875 0.1296875 0.9296875 0.3046875 0.7578125 0.3046875
1 0.4390625 0.1734375 0.6125 0.1734375 0.6125 0.365625 0.4390625 0.365625