1 0.03125 0.246875 0.246875 0.246875 0.246875 0.5078125 0.03125 0.5078125
1 0.2484375 0.4171875 0.4390625 0.4171875 0.4390625 0.61875 0.2484375 0.61875
1 0.0875 0.60625 0.2578125 0.60625 0.2578125 0.796875 0.0875 0.796875
1 0.171875 0.7328125 0.359375 0.7328125 0.359375 0.89375 0.171875 0.89375
1 0.26875 0.59375 0.4875 0.59375 0.4875 0.7625 0.26875 0.7625
1 0.015625 0.5234375 0.1640625 0.5234375 0.1640625 0.6765625 0.015625 0.6765625
1 0.0625 0.078125 0.1921875 0.078125 0.1921875 0.24375 0.0625 0.24375
1 0.1609375 0.0515625 0.290625 0.0515625 0.290625 0.225 0.1609375 0.225
1 0.2375 0.021875 0.4078125 0.021875 0.4078125 0.2140625 0.2375 0.2140625
1 0.503125 0.0234375 0.65 0.0234375 0.65 0.153125 0.503125 0.153125
1 0.76875 0.246875 0.953125 0.246875 0.953125 0.38125 0.76875 0.38125
1 0.5015625 0.1703125 0.6671875 0.1703125 0.6671875 0.3359375 0.5015625 0.3359375
1 0.596875 0.4234375 0.7234375 0.4234375 0.7234375 0.5484375 0.596875 0.5484375
1 0.484375 0.4921875 0.64375 0.4921875 0.64375 0.640625 0.484375 0.640625
1 0.54375 0.546875 0.5890625 0.546875 0.5890625 0.58125 0.54375 0.58125
1 0.6390625 0.471875 0.6734375 0.471875 0.6734375 0.5046875 0.6390625 0.5046875
1 0.859375 0.11875 0.9921875 0.11875 0.9921875 0.278125 0.859375 0.278125
1 0.709375 0.15625 0.84375 0.15625 0.84375 0.284375 0.709375 0.284375
1 0.3984375 0.2359375 0.5421875 0.2359375 0.5421875 0.396875 0.3984375 0.396875