1 0.01875 0.284375 0.296875 0.284375 0.296875 0.6453125 0.01875 0.6453125
1 0.2609375 0.3515625 0.515625 0.3515625 0.515625 0.64375 0.2609375 0.64375
1 0.175 0.609375 0.4078125 0.609375 0.4078125 0.8796875 0.175 0.8796875
1 0.2984375 0.675 0.5375 0.675 0.5375 0.925 0.2984375 0.925
1 0.340625 0.490625 0.6125 0.490625 0.6125 0.7625 0.340625 0.7625
1 0.0796875 0.578125 0.278125 0.578125 0.278125 0.803125 0.0796875 0.803125
1 0.0109375 0.1609375 0.1515625 0.1609375 0.1515625 0.38125 0.0109375 0.38125
1 0.0515625 0.0921875 0.2390625 0.0921875 0.2390625 0.328125 0.0515625 0.328125
1 0.1125 0.0109375 0.3453125 0.0109375 0.3453125 0.2828125 0.1125 0.2828125
1 0.3625 0 0.55 0 0.55 0.1015625 0.3625 0.1015625
1 0.690625 0 0.915625 0 0.915625 0.1828125 0.690625 0.1828125
1 0.4140625 0.0234375 0.63125 0.0234375 0.63125 0.2671875 0.4140625 0.2671875
1 0.590625 0.2296875 0.7578125 0.2296875 0.7578125 0.4140625 0.590625 0.4140625
1 0.509375 0.3265625 0.715625 0.3265625 0.715625 0.5515625 0.509375 0.5515625
1 0.5859375 0.4078125 0.6421875 0.4078125 0.6421875 0.4640625 0.5859375 0.4640625
1 0.65 0.3 0.69375 0.3 0.69375 0.35 0.65 0.35
1 0.7328125 0 0.915625 0 0.915625 0.0484375 0.7328125 0.0484375
1 0.6046875 0 0.7796875 0 0.7796875 0.121875 0.6046875 0.121875
1 0.3390625 0.140625 0.5359375 0.140625 0.5359375 0.371875 0.3390625 0.371875