1 0.0453125 0.1953125 0.275 0.1953125 0.275 0.48125 0.0453125 0.48125
1 0.23125 0.39375 0.4546875 0.39375 0.4546875 0.6421875 0.23125 0.6421875
1 0.046875 0.55 0.2484375 0.55 0.2484375 0.7765625 0.046875 0.7765625
1 0.11875 0.690625 0.3296875 0.690625 0.3296875 0.8921875 0.11875 0.8921875
1 0.234375 0.578125 0.4734375 0.578125 0.4734375 0.7859375 0.234375 0.7859375
1 0 0.4546875 0.1640625 0.4546875 0.1640625 0.6390625 0 0.6390625
1 0.1046875 0.028125 0.2515625 0.028125 0.2515625 0.2171875 0.1046875 0.2171875
1 0.209375 0.028125 0.35 0.028125 0.35 0.215625 0.209375 0.215625
1 0.2734375 0.0171875 0.478125 0.0171875 0.478125 0.2390625 0.2734375 0.2390625
1 0.546875 0.0578125 0.71875 0.0578125 0.71875 0.228125 0.546875 0.228125
1 0.7859375 0.340625 0.9828125 0.340625 0.9828125 0.50625 0.7859375 0.50625
1 0.521875 0.203125 0.7140625 0.203125 0.7140625 0.4078125 0.521875 0.4078125
1 0.590625 0.478125 0.73125 0.478125 0.73125 0.6234375 0.590625 0.6234375
1 0.4703125 0.5265625 0.6375 0.5265625 0.6375 0.69375 0.4703125 0.69375
1 0.5328125 0.5859375 0.5828125 0.5859375 0.5828125 0.63125 0.5328125 0.63125
1 0.6359375 0.53125 0.6765625 0.53125 0.6765625 0.5734375 0.6359375 0.5734375
1 0.8828125 0.2265625 1 0.2265625 1 0.415625 0.8828125 0.415625
1 0.734375 0.234375 0.890625 0.234375 0.890625 0.39375 0.734375 0.39375
1 0.41875 0.25625 0.5734375 0.25625 0.5734375 0.4359375 0.41875 0.4359375