1 0.0015625 0.3625 0.2671875 0.3625 0.2671875 0.6890625 0.0015625 0.6890625
1 0.23125 0.4078125 0.5046875 0.4078125 0.5046875 0.7046875 0.23125 0.7046875
1 0.1671875 0.66875 0.4078125 0.66875 0.4078125 0.93125 0.1671875 0.93125
1 0.29375 0.728125 0.5421875 0.728125 0.5421875 0.9796875 0.29375 0.9796875
1 0.3390625 0.565625 0.590625 0.565625 0.590625 0.8015625 0.3390625 0.8015625
1 0.06875 0.640625 0.271875 0.640625 0.271875 0.8546875 0.06875 0.8546875
1 0.0015625 0.2375 0.1109375 0.2375 0.1109375 0.4390625 0.0015625 0.4390625
1 0.0078125 0.1609375 0.2 0.1609375 0.2 0.3875 0.0078125 0.3875
1 0.0625 0.078125 0.3046875 0.078125 0.3046875 0.3453125 0.0625 0.3453125
1 0.309375 0 0.4953125 0 0.4953125 0.159375 0.309375 0.159375
1 0.6515625 0.0390625 0.859375 0.0390625 0.859375 0.23125 0.6515625 0.23125
1 0.3671875 0.0921875 0.5875 0.0921875 0.5875 0.325 0.3671875 0.325
1 0.55625 0.290625 0.7296875 0.290625 0.7296875 0.471875 0.55625 0.471875
1 0.4953125 0.4015625 0.68125 0.4015625 0.68125 0.5921875 0.4953125 0.5921875
1 0.5625 0.46875 0.6171875 0.46875 0.6171875 0.51875 0.5625 0.51875
1 0.61875 0.3609375 0.6625 0.3609375 0.6625 0.4078125 0.61875 0.4078125
1 0.665625 0 0.8671875 0 0.8671875 0.1140625 0.665625 0.1140625
1 0.5515625 0 0.728125 0 0.728125 0.18125 0.5515625 0.18125
1 0.303125 0.2109375 0.4984375 0.2109375 0.4984375 0.4265625 0.303125 0.4265625