1 0.0390625 0.253125 0.2390625 0.253125 0.2390625 0.503125 0.0390625 0.503125
1 0.24375 0.4109375 0.4453125 0.4109375 0.4453125 0.625 0.24375 0.625
1 0.084375 0.6046875 0.259375 0.6046875 0.259375 0.7984375 0.084375 0.7984375
1 0.16875 0.728125 0.3625 0.728125 0.3625 0.8984375 0.16875 0.8984375
1 0.2734375 0.603125 0.48125 0.603125 0.48125 0.753125 0.2734375 0.753125
1 0.0140625 0.5234375 0.165625 0.5234375 0.165625 0.6765625 0.0140625 0.6765625
1 0.0671875 0.0796875 0.1875 0.0796875 0.1875 0.240625 0.0671875 0.240625
1 0.159375 0.05 0.2921875 0.05 0.2921875 0.2265625 0.159375 0.2265625
1 0.234375 0.0203125 0.409375 0.0203125 0.409375 0.2171875 0.234375 0.2171875
1 0.503125 0.0234375 0.6484375 0.0234375 0.6484375 0.1515625 0.503125 0.1515625
1 0.775 0.2546875 0.9484375 0.2546875 0.9484375 0.3734375 0.775 0.3734375
1 0.5015625 0.1703125 0.6671875 0.1703125 0.6671875 0.3359375 0.5015625 0.3359375
1 0.59375 0.421875 0.7265625 0.421875 0.7265625 0.55 0.59375 0.55
1 0.4921875 0.5 0.6359375 0.5 0.6359375 0.6328125 0.4921875 0.6328125
1 0.54375 0.5484375 0.5890625 0.5484375 0.5890625 0.5796875 0.54375 0.5796875
1 0.6390625 0.471875 0.6734375 0.471875 0.6734375 0.5046875 0.6390625 0.5046875
1 0.853125 0.115625 0.9984375 0.115625 0.9984375 0.28125 0.853125 0.28125
1 0.709375 0.15625 0.84375 0.15625 0.84375 0.284375 0.709375 0.284375
1 0.4 0.2375 0.5421875 0.2375 0.5421875 0.3953125 0.4 0.3953125