1 0.040625 0.253125 0.2375 0.253125 0.2375 0.5015625 0.040625 0.5015625
1 0.2453125 0.4140625 0.4421875 0.4140625 0.4421875 0.6234375 0.2453125 0.6234375
1 0.084375 0.60625 0.259375 0.60625 0.259375 0.7984375 0.084375 0.7984375
1 0.1703125 0.73125 0.3609375 0.73125 0.3609375 0.89375 0.1703125 0.89375
1 0.26875 0.5953125 0.4875 0.5953125 0.4875 0.7609375 0.26875 0.7609375
1 0.015625 0.5234375 0.1640625 0.5234375 0.1640625 0.6765625 0.015625 0.6765625
1 0.065625 0.078125 0.190625 0.078125 0.190625 0.2421875 0.065625 0.2421875
1 0.1671875 0.05625 0.284375 0.05625 0.284375 0.221875 0.1671875 0.221875
1 0.2328125 0.01875 0.4109375 0.01875 0.4109375 0.2171875 0.2328125 0.2171875
1 0.4984375 0.01875 0.653125 0.01875 0.653125 0.1578125 0.4984375 0.1578125
1 0.7703125 0.25 0.9515625 0.25 0.9515625 0.3796875 0.7703125 0.3796875
1 0.5 0.1671875 0.6703125 0.1671875 0.6703125 0.3375 0.5 0.3375
1 0.5984375 0.4265625 0.7234375 0.4265625 0.7234375 0.546875 0.5984375 0.546875
1 0.4890625 0.4984375 0.6390625 0.4984375 0.6390625 0.634375 0.4890625 0.634375
1 0.54375 0.546875 0.5890625 0.546875 0.5890625 0.5828125 0.54375 0.5828125
1 0.6390625 0.4703125 0.675 0.4703125 0.675 0.50625 0.6390625 0.50625
1 0.85625 0.1171875 0.9953125 0.1171875 0.9953125 0.2796875 0.85625 0.2796875
1 0.7078125 0.1546875 0.846875 0.1546875 0.846875 0.2859375 0.7078125 0.2859375
1 0.403125 0.240625 0.5375 0.240625 0.5375 0.3921875 0.403125 0.3921875