1 0.290625 0.5375 0.5546875 0.5375 0.5546875 0.8015625 0.290625 0.8015625
1 0.1046875 0.5046875 0.3421875 0.5046875 0.3421875 0.75 0.1046875 0.75
1 0.0984375 0.359375 0.3265625 0.359375 0.3265625 0.5828125 0.0984375 0.5828125
1 0.25 0.3796875 0.4953125 0.3796875 0.4953125 0.603125 0.25 0.603125
1 0.41875 0.3890625 0.6296875 0.3890625 0.6296875 0.6171875 0.41875 0.6171875
1 0.5546875 0.5875 0.7734375 0.5875 0.7734375 0.8015625 0.5546875 0.8015625
1 0.6203125 0.1609375 0.85625 0.1609375 0.85625 0.3984375 0.6203125 0.3984375
1 0.4921875 0.08125 0.7046875 0.08125 0.7046875 0.28125 0.4921875 0.28125
1 0.5890625 0.0015625 0.790625 0.0015625 0.790625 0.1671875 0.5890625 0.1671875
1 0.8109375 0.115625 0.9984375 0.115625 0.9984375 0.365625 0.8109375 0.365625
1 0.05 0.0890625 0.240625 0.0890625 0.240625 0.3140625 0.05 0.3140625
1 0.2125 0.096875 0.4265625 0.096875 0.4265625 0.315625 0.2125 0.315625
1 0.3703125 0.128125 0.58125 0.128125 0.58125 0.3640625 0.3703125 0.3640625
1 0.26875 0 0.5078125 0 0.5078125 0.2046875 0.26875 0.2046875
1 0.40625 0 0.6171875 0 0.6171875 0.1515625 0.40625 0.1515625