1 0.353125 0.3625 0.721875 0.3625 0.721875 0.8015625 0.353125 0.8015625
1 0.1828125 0.4984375 0.5203125 0.4984375 0.5203125 0.9015625 0.1828125 0.9015625
1 0.0921875 0.4109375 0.4078125 0.4109375 0.4078125 0.7859375 0.0921875 0.7859375
1 0.2265625 0.3 0.55625 0.3 0.55625 0.6875 0.2265625 0.6875
1 0.36875 0.20625 0.6734375 0.20625 0.6734375 0.5734375 0.36875 0.5734375
1 0.5953125 0.240625 0.8984375 0.240625 0.8984375 0.6 0.5953125 0.6
1 0.3984375 0 0.7296875 0 0.7296875 0.2734375 0.3984375 0.2734375
1 0.2484375 0 0.5375 0 0.5375 0.28125 0.2484375 0.28125
1 0.278125 0 0.5390625 0 0.5390625 0.125 0.278125 0.125
1 0.525 0 0.8234375 0 0.8234375 0.1109375 0.525 0.1109375
1 0 0.2859375 0.1796875 0.2859375 0.1796875 0.6140625 0 0.6140625
1 0.03125 0.153125 0.3328125 0.153125 0.3328125 0.5140625 0.03125 0.5140625
1 0.1765625 0.059375 0.4859375 0.059375 0.4859375 0.4328125 0.1765625 0.4328125
1 0.0203125 0.028125 0.3328125 0.028125 0.3328125 0.39375 0.0203125 0.39375
1 0.1296875 0 0.390625 0 0.390625 0.2484375 0.1296875 0.2484375