1 0.2671875 0.5953125 0.525 0.5953125 0.525 0.89375 0.2671875 0.89375
1 0.0703125 0.5046875 0.3328125 0.5046875 0.3328125 0.8140625 0.0703125 0.8140625
1 0.0734375 0.3546875 0.3265625 0.3546875 0.3265625 0.6453125 0.0734375 0.6453125
1 0.228125 0.4140625 0.490625 0.4140625 0.490625 0.6984375 0.228125 0.6984375
1 0.39375 0.459375 0.625 0.459375 0.625 0.7453125 0.39375 0.7453125
1 0.51875 0.690625 0.753125 0.690625 0.753125 0.9546875 0.51875 0.9546875
1 0.615625 0.2875 0.859375 0.2875 0.859375 0.5703125 0.615625 0.5703125
1 0.49375 0.1765625 0.7140625 0.1765625 0.7140625 0.421875 0.49375 0.421875
1 0.5921875 0.115625 0.809375 0.115625 0.809375 0.334375 0.5921875 0.334375
1 0.8140625 0.2890625 0.9953125 0.2890625 0.9953125 0.565625 0.8140625 0.565625
1 0.046875 0.0828125 0.2546875 0.0828125 0.2546875 0.3546875 0.046875 0.3546875
1 0.2125 0.1296875 0.4359375 0.1296875 0.4359375 0.39375 0.2125 0.39375
1 0.3609375 0.1921875 0.59375 0.1921875 0.59375 0.4796875 0.3609375 0.4796875
1 0.2734375 0.053125 0.525 0.053125 0.525 0.303125 0.2734375 0.303125
1 0.415625 0.0796875 0.63125 0.0796875 0.63125 0.271875 0.415625 0.271875