1 0.140625 0.465625 0.4875 0.465625 0.4875 0.815625 0.140625 0.815625
1 0 0.3203125 0.3421875 0.3203125 0.3421875 0.6828125 0 0.6828125
1 0.0640625 0.190625 0.403125 0.190625 0.403125 0.53125 0.0640625 0.53125
1 0.190625 0.2921875 0.5359375 0.2921875 0.5359375 0.6296875 0.190625 0.6296875
1 0.328125 0.3859375 0.646875 0.3859375 0.646875 0.7140625 0.328125 0.7140625
1 0.353125 0.6296875 0.665625 0.6296875 0.665625 0.9421875 0.353125 0.9421875
1 0.621875 0.303125 0.95 0.303125 0.95 0.634375 0.621875 0.634375
1 0.56875 0.1671875 0.8625 0.1671875 0.8625 0.45625 0.56875 0.45625
1 0.7046875 0.1453125 0.9828125 0.1453125 0.9828125 0.4078125 0.7046875 0.4078125
1 0.8109375 0.36875 0.9796875 0.36875 0.9796875 0.6703125 0.8109375 0.6703125
1 0.1671875 0.0125 0.45625 0.0125 0.45625 0.25 0.1671875 0.25
1 0.3109375 0.034375 0.6140625 0.034375 0.6140625 0.3421875 0.3109375 0.3421875
1 0.415625 0.1375 0.7375 0.1375 0.7375 0.4703125 0.415625 0.4703125
1 0.4125 0.0296875 0.7328125 0.0296875 0.7328125 0.2921875 0.4125 0.2921875
1 0.5625 0.053125 0.828125 0.053125 0.828125 0.296875 0.5625 0.296875