1 0.3 0.5484375 0.54375 0.5484375 0.54375 0.790625 0.3 0.790625
1 0.1015625 0.5 0.346875 0.5 0.346875 0.7546875 0.1015625 0.7546875
1 0.0921875 0.353125 0.33125 0.353125 0.33125 0.5890625 0.0921875 0.5890625
1 0.2484375 0.3765625 0.496875 0.3765625 0.496875 0.6046875 0.2484375 0.6046875
1 0.415625 0.384375 0.6328125 0.384375 0.6328125 0.6203125 0.415625 0.6203125
1 0.553125 0.5875 0.7734375 0.5875 0.7734375 0.8015625 0.553125 0.8015625
1 0.625 0.1640625 0.853125 0.1640625 0.853125 0.3953125 0.625 0.3953125
1 0.49375 0.0828125 0.703125 0.0828125 0.703125 0.2796875 0.49375 0.2796875
1 0.5859375 0 0.79375 0 0.79375 0.1703125 0.5859375 0.1703125
1 0.821875 0.1234375 1 0.1234375 1 0.359375 0.821875 0.359375
1 0.05 0.0875 0.2421875 0.0875 0.2421875 0.315625 0.05 0.315625
1 0.215625 0.096875 0.425 0.096875 0.425 0.3140625 0.215625 0.3140625
1 0.3671875 0.1265625 0.584375 0.1265625 0.584375 0.365625 0.3671875 0.365625
1 0.26875 0 0.5078125 0 0.5078125 0.2046875 0.26875 0.2046875
1 0.4078125 0 0.6140625 0 0.6140625 0.1484375 0.4078125 0.1484375