1 0.396875 0.521875 0.76875 0.521875 0.76875 0.8875 0.396875 0.8875
1 0.2109375 0.5953125 0.5984375 0.5953125 0.5984375 0.975 0.2109375 0.975
1 0.1171875 0.4921875 0.46875 0.4921875 0.46875 0.8359375 0.1171875 0.8359375
1 0.253125 0.41875 0.6 0.41875 0.6 0.75625 0.253125 0.75625
1 0.3734375 0.334375 0.7234375 0.334375 0.7234375 0.68125 0.3734375 0.68125
1 0.6234375 0.428125 0.9375 0.428125 0.9375 0.7375 0.6234375 0.7375
1 0.3921875 0.034375 0.7328125 0.034375 0.7328125 0.3703125 0.3921875 0.3703125
1 0.23125 0.0453125 0.553125 0.0453125 0.553125 0.3609375 0.23125 0.3609375
1 0.2578125 0.0109375 0.5421875 0.0109375 0.5421875 0.2125 0.2578125 0.2125
1 0.515625 0.0203125 0.8171875 0.0203125 0.8171875 0.2265625 0.515625 0.2265625
1 0.0203125 0.3390625 0.2125 0.3390625 0.2125 0.634375 0.0203125 0.634375
1 0.0421875 0.23125 0.3546875 0.23125 0.3546875 0.540625 0.0421875 0.540625
1 0.18125 0.16875 0.503125 0.16875 0.503125 0.4875 0.18125 0.4875
1 0.028125 0.1125 0.33125 0.1125 0.33125 0.40625 0.028125 0.40625
1 0.1203125 0.0390625 0.3953125 0.0390625 0.3953125 0.2984375 0.1203125 0.2984375