1 0.35625 0.521875 0.7234375 0.521875 0.7234375 0.8734375 0.35625 0.8734375
1 0.175 0.5671875 0.509375 0.5671875 0.509375 0.890625 0.175 0.890625
1 0.1046875 0.4359375 0.4203125 0.4359375 0.4203125 0.7359375 0.1046875 0.7359375
1 0.25 0.3953125 0.58125 0.3953125 0.58125 0.7 0.25 0.7
1 0.4078125 0.35625 0.709375 0.35625 0.709375 0.653125 0.4078125 0.653125
1 0.615625 0.4921875 0.91875 0.4921875 0.91875 0.778125 0.615625 0.778125
1 0.4875 0.0625 0.8171875 0.0625 0.8171875 0.3796875 0.4875 0.3796875
1 0.3390625 0.04375 0.628125 0.04375 0.628125 0.3140625 0.3390625 0.3140625
1 0.3953125 0.009375 0.6546875 0.009375 0.6546875 0.1734375 0.3953125 0.1734375
1 0.64375 0.015625 0.9296875 0.015625 0.9296875 0.28125 0.64375 0.28125
1 0.015625 0.215625 0.2234375 0.215625 0.2234375 0.5 0.015625 0.5
1 0.09375 0.1546875 0.39375 0.1546875 0.39375 0.44375 0.09375 0.44375
1 0.25 0.1296875 0.5546875 0.1296875 0.5546875 0.434375 0.25 0.434375
1 0.1015625 0.0359375 0.41875 0.0359375 0.41875 0.321875 0.1015625 0.321875
1 0.225 0.0046875 0.49375 0.0046875 0.49375 0.2234375 0.225 0.2234375