1 0.325 0.4609375 0.609375 0.4609375 0.609375 0.7578125 0.325 0.7578125
1 0.1203125 0.4265625 0.4140625 0.4265625 0.4140625 0.7390625 0.1203125 0.7390625
1 0.115625 0.2875 0.3859375 0.2875 0.3859375 0.565625 0.115625 0.565625
1 0.2765625 0.3 0.55 0.3 0.55 0.5671875 0.2765625 0.5671875
1 0.4359375 0.2890625 0.6953125 0.2890625 0.6953125 0.578125 0.4359375 0.578125
1 0.5890625 0.4890625 0.83125 0.4890625 0.83125 0.7390625 0.5890625 0.7390625
1 0.6421875 0.0546875 0.903125 0.0546875 0.903125 0.328125 0.6421875 0.328125
1 0.5046875 0 0.7546875 0 0.7546875 0.23125 0.5046875 0.23125
1 0.6015625 0 0.8359375 0 0.8359375 0.1078125 0.6015625 0.1078125
1 0.8359375 0.003125 1 0.003125 1 0.2765625 0.8359375 0.2765625
1 0.0703125 0.034375 0.2828125 0.034375 0.2828125 0.2890625 0.0703125 0.2890625
1 0.2328125 0.0234375 0.46875 0.0234375 0.46875 0.278125 0.2328125 0.278125
1 0.390625 0.0453125 0.628125 0.0453125 0.628125 0.3140625 0.390625 0.3140625
1 0.2953125 0 0.5375 0 0.5375 0.1546875 0.2953125 0.1546875
1 0.4234375 0 0.6546875 0 0.6546875 0.1015625 0.4234375 0.1015625