1 0.296875 0.5453125 0.546875 0.5453125 0.546875 0.7953125 0.296875 0.7953125
1 0.0953125 0.4953125 0.3515625 0.4953125 0.3515625 0.759375 0.0953125 0.759375
1 0.0921875 0.3546875 0.33125 0.3546875 0.33125 0.5875 0.0921875 0.5875
1 0.2515625 0.3796875 0.49375 0.3796875 0.49375 0.6015625 0.2515625 0.6015625
1 0.4109375 0.3796875 0.6375 0.3796875 0.6375 0.625 0.4109375 0.625
1 0.55625 0.5890625 0.7703125 0.5890625 0.7703125 0.7984375 0.55625 0.7984375
1 0.625 0.1640625 0.853125 0.1640625 0.853125 0.3953125 0.625 0.3953125
1 0.4875 0.075 0.709375 0.075 0.709375 0.2875 0.4875 0.2875
1 0.584375 0 0.7953125 0 0.7953125 0.1734375 0.584375 0.1734375
1 0.8171875 0.1203125 0.9984375 0.1203125 0.9984375 0.3609375 0.8171875 0.3609375
1 0.0546875 0.090625 0.2375 0.090625 0.2375 0.3125 0.0546875 0.3125
1 0.215625 0.0984375 0.4234375 0.0984375 0.4234375 0.3125 0.215625 0.3125
1 0.3734375 0.13125 0.578125 0.13125 0.578125 0.3609375 0.3734375 0.3609375
1 0.2796875 0.003125 0.496875 0.003125 0.496875 0.19375 0.2796875 0.19375
1 0.40625 0 0.6171875 0 0.6171875 0.1515625 0.40625 0.1515625