1 0.3078125 0.1859375 0.715625 0.1859375 0.715625 0.5765625 0.3078125 0.5765625
1 0.7265625 0.2859375 1 0.2859375 1 0.6765625 0.7265625 0.6765625
1 0.6125 0.4765625 1 0.4765625 1 0.9015625 0.6125 0.9015625
1 0.25625 0.65625 0.653125 0.65625 0.653125 0.9796875 0.25625 0.9796875
1 0.025 0.5125 0.434375 0.5125 0.434375 0.9140625 0.025 0.9140625
1 0.1 0.384375 0.428125 0.384375 0.428125 0.6671875 0.1 0.6671875
1 0.4265625 0.053125 0.8984375 0.053125 0.8984375 0.4953125 0.4265625 0.4953125
1 0.08125 0 0.4640625 0 0.4640625 0.2859375 0.08125 0.2859375
1 0.4984375 0 0.84375 0 0.84375 0.178125 0.4984375 0.178125
1 0.8109375 0.121875 1 0.121875 1 0.3609375 0.8109375 0.3609375
1 0.0125 0.2015625 0.375 0.2015625 0.375 0.5390625 0.0125 0.5390625
0 0.4546875 0.3171875 0.5625 0.3171875 0.5625 0.43125 0.4546875 0.43125
0 0.215625 0.4921875 0.3125 0.4921875 0.3125 0.5921875 0.215625 0.5921875
0 0.18125 0.646875 0.2890625 0.646875 0.2890625 0.7421875 0.18125 0.7421875
0 0.396875 0.79375 0.503125 0.79375 0.503125 0.9 0.396875 0.9
0 0.7609375 0.646875 0.8796875 0.646875 0.8796875 0.7578125 0.7609375 0.7578125
0 0.890625 0.434375 1 0.434375 1 0.5484375 0.890625 0.5484375
0 0.6 0.2046875 0.728125 0.2046875 0.728125 0.3265625 0.6 0.3265625
0 0.615625 0 0.7203125 0 0.7203125 0.0375 0.615625 0.0375
0 0.2453125 0.0109375 0.353125 0.0109375 0.353125 0.1234375 0.2453125 0.1234375
0 0.359375 0 0.45 0 0.45 0.05 0.359375 0.05
0 0.134375 0.328125 0.2515625 0.328125 0.2515625 0.4390625 0.134375 0.4390625
0 0.0390625 0.8203125 0.1328125 0.8203125 0.1328125 0.9421875 0.0390625 0.9421875