1 0.25 0.2234375 0.7609375 0.2234375 0.7609375 0.7640625 0.25 0.7640625
1 0.565625 0.540625 0.984375 0.540625 0.984375 1 0.565625 1
1 0.3828125 0.65625 0.8875 0.65625 0.8875 1 0.3828125 1
1 0.0328125 0.6078125 0.484375 0.6078125 0.484375 1 0.0328125 1
1 0 0.365625 0.3578125 0.365625 0.3578125 0.88125 0 0.88125
1 0.03125 0.2796875 0.415625 0.2796875 0.415625 0.671875 0.03125 0.671875
1 0.421875 0.2140625 0.9453125 0.2140625 0.9453125 0.7609375 0.421875 0.7609375
1 0.1984375 0.025 0.6421875 0.025 0.6421875 0.3515625 0.1984375 0.3515625
1 0.6109375 0.121875 0.9765625 0.121875 0.9765625 0.475 0.6109375 0.475
1 0.8015625 0.471875 0.9875 0.471875 0.9875 0.7484375 0.8015625 0.7484375
1 0.015625 0.0765625 0.4484375 0.0765625 0.4484375 0.5296875 0.015625 0.5296875
0 0.440625 0.4125 0.5703125 0.4125 0.5703125 0.55625 0.440625 0.55625
0 0.159375 0.428125 0.275 0.428125 0.275 0.5515625 0.159375 0.5515625
0 0.059375 0.5359375 0.1875 0.5359375 0.1875 0.6703125 0.059375 0.6703125
0 0.1828125 0.7921875 0.3046875 0.7921875 0.3046875 0.9203125 0.1828125 0.9203125
0 0.5609375 0.871875 0.6984375 0.871875 0.6984375 1 0.5609375 1
0 0.76875 0.7640625 0.909375 0.7640625 0.909375 0.9109375 0.76875 0.9109375
0 0.6140625 0.4015625 0.765625 0.4015625 0.765625 0.5609375 0.6140625 0.5609375
0 0.753125 0.1890625 0.8765625 0.1890625 0.8765625 0.3109375 0.753125 0.3109375
0 0.390625 0.0484375 0.5265625 0.0484375 0.5265625 0.1765625 0.390625 0.1765625
0 0.5203125 0.0640625 0.6328125 0.0640625 0.6328125 0.171875 0.5203125 0.171875
0 0.159375 0.24375 0.2921875 0.24375 0.2921875 0.384375 0.159375 0.384375