1 0.309375 0.259375 0.7125 0.259375 0.7125 0.6046875 0.309375 0.6046875
1 0.7390625 0.3421875 1 0.3421875 1 0.7015625 0.7390625 0.7015625
1 0.6625 0.5484375 1 0.5484375 1 0.9140625 0.6625 0.9140625
1 0.328125 0.7359375 0.7046875 0.7359375 0.7046875 1 0.328125 1
1 0.078125 0.5984375 0.4703125 0.5984375 0.4703125 0.940625 0.078125 0.940625
1 0.125 0.4640625 0.4421875 0.4640625 0.4421875 0.6984375 0.125 0.6984375
1 0.434375 0.153125 0.8578125 0.153125 0.8578125 0.4921875 0.434375 0.4921875
1 0.05625 0.0015625 0.409375 0.0015625 0.409375 0.3078125 0.05625 0.3078125
1 0.4625 0.003125 0.784375 0.003125 0.784375 0.1890625 0.4625 0.1890625
1 0.80625 0.190625 1 0.190625 1 0.371875 0.80625 0.371875
1 0.0203125 0.284375 0.3640625 0.284375 0.3640625 0.5703125 0.0203125 0.5703125
0 0.4578125 0.3765625 0.5546875 0.3765625 0.5546875 0.4734375 0.4578125 0.4734375
0 0.2421875 0.55625 0.33125 0.55625 0.33125 0.6375 0.2421875 0.6375
0 0.225 0.7078125 0.3296875 0.7078125 0.3296875 0.790625 0.225 0.790625
0 0.465625 0.8546875 0.5625 0.8546875 0.5625 0.9359375 0.465625 0.9359375
0 0.8078125 0.6984375 0.91875 0.6984375 0.91875 0.7875 0.8078125 0.7875
0 0.909375 0.4859375 1 0.4859375 1 0.5765625 0.909375 0.5765625
0 0.5859375 0.2640625 0.7078125 0.2640625 0.7078125 0.3640625 0.5859375 0.3640625
0 0.5625 0.0046875 0.6640625 0.0046875 0.6640625 0.0765625 0.5625 0.0765625
0 0.203125 0.075 0.3078125 0.075 0.3078125 0.1734375 0.203125 0.1734375
0 0.30625 0.0296875 0.3984375 0.0296875 0.3984375 0.1 0.30625 0.1
0 0.1390625 0.3953125 0.2453125 0.3953125 0.2453125 0.4859375 0.1390625 0.4859375
0 0.0796875 0.8953125 0.1953125 0.8953125 0.1953125 0.99375 0.0796875 0.99375