1 0.2734375 0.190625 0.7734375 0.190625 0.7734375 0.684375 0.2734375 0.684375
1 0.5734375 0.5015625 0.996875 0.5015625 0.996875 0.946875 0.5734375 0.946875
1 0.3890625 0.63125 0.871875 0.63125 0.871875 1 0.3890625 1
1 0.0359375 0.575 0.478125 0.575 0.478125 0.9953125 0.0359375 0.9953125
1 0 0.3234375 0.36875 0.3234375 0.36875 0.815625 0 0.815625
1 0.0640625 0.2578125 0.4203125 0.2578125 0.4203125 0.596875 0.0640625 0.596875
1 0.434375 0.165625 0.971875 0.165625 0.971875 0.690625 0.434375 0.690625
1 0.2484375 0.003125 0.675 0.003125 0.675 0.2734375 0.2484375 0.2734375
1 0.6421875 0.071875 1 0.071875 1 0.4046875 0.6421875 0.4046875
1 0.8078125 0.4078125 0.9984375 0.4078125 0.9984375 0.684375 0.8078125 0.684375
1 0.059375 0.0578125 0.4625 0.0578125 0.4625 0.4515625 0.059375 0.4515625
0 0.4609375 0.3640625 0.5875 0.3640625 0.5875 0.49375 0.4609375 0.49375
0 0.1765625 0.3828125 0.29375 0.3828125 0.29375 0.5 0.1765625 0.5
0 0.0703125 0.4953125 0.1984375 0.4953125 0.1984375 0.6171875 0.0703125 0.6171875
0 0.1796875 0.74375 0.3015625 0.74375 0.3015625 0.865625 0.1796875 0.865625
0 0.559375 0.8203125 0.6859375 0.8203125 0.6859375 0.94375 0.559375 0.94375
0 0.765625 0.7015625 0.9109375 0.7015625 0.9109375 0.8421875 0.765625 0.8421875
0 0.640625 0.3546875 0.778125 0.3546875 0.778125 0.4875 0.640625 0.4875
0 0.790625 0.1328125 0.9078125 0.1328125 0.9078125 0.24375 0.790625 0.24375
0 0.4359375 0.0046875 0.5671875 0.0046875 0.5671875 0.1171875 0.4359375 0.1171875
0 0.5640625 0.00625 0.6734375 0.00625 0.6734375 0.1109375 0.5640625 0.1109375
0 0.1890625 0.2015625 0.31875 0.2015625 0.31875 0.328125 0.1890625 0.328125