1 0.30625 0.275 0.6578125 0.275 0.6578125 0.5828125 0.30625 0.5828125
1 0.7375 0.346875 0.996875 0.346875 0.996875 0.6765625 0.7375 0.6765625
1 0.6421875 0.55 0.996875 0.55 0.996875 0.890625 0.6421875 0.890625
1 0.290625 0.7453125 0.6421875 0.7453125 0.6421875 0.996875 0.290625 0.996875
1 0.0515625 0.6125 0.4078125 0.6125 0.4078125 0.9328125 0.0515625 0.9328125
1 0.103125 0.478125 0.39375 0.478125 0.39375 0.6921875 0.103125 0.6921875
1 0.4171875 0.14375 0.828125 0.14375 0.828125 0.4890625 0.4171875 0.4890625
1 0.0515625 0.009375 0.38125 0.009375 0.38125 0.3078125 0.0515625 0.3078125
1 0.4546875 0 0.7671875 0 0.7671875 0.184375 0.4546875 0.184375
1 0.7859375 0.1734375 0.9984375 0.1734375 0.9984375 0.365625 0.7859375 0.365625
1 0.0078125 0.3015625 0.3203125 0.3015625 0.3203125 0.565625 0.0078125 0.565625
0 0.434375 0.375 0.5234375 0.375 0.5234375 0.46875 0.434375 0.46875
0 0.209375 0.5609375 0.290625 0.5609375 0.290625 0.640625 0.209375 0.640625
0 0.1875 0.715625 0.28125 0.715625 0.28125 0.7890625 0.1875 0.7890625
0 0.41875 0.8515625 0.509375 0.8515625 0.509375 0.9359375 0.41875 0.9359375
0 0.76875 0.6890625 0.871875 0.6890625 0.871875 0.7765625 0.76875 0.7765625
0 0.878125 0.4734375 0.984375 0.4734375 0.984375 0.5625 0.878125 0.5625
0 0.56875 0.259375 0.6796875 0.259375 0.6796875 0.35625 0.56875 0.35625
0 0.55625 0.003125 0.65 0.003125 0.65 0.0703125 0.55625 0.0703125
0 0.1953125 0.08125 0.2859375 0.08125 0.2859375 0.1734375 0.1953125 0.1734375
0 0.3 0.034375 0.3796875 0.034375 0.3796875 0.096875 0.3 0.096875
0 0.1125 0.4015625 0.2140625 0.4015625 0.2140625 0.490625 0.1125 0.490625
0 0.0265625 0.9 0.1421875 0.9 0.1421875 0.9984375 0.0265625 0.9984375