1 0.296875 0.26875 0.7140625 0.26875 0.7140625 0.6890625 0.296875 0.6890625
1 0.6984375 0.475 1 0.475 1 0.8875 0.6984375 0.8875
1 0.559375 0.6375 0.990625 0.6375 0.990625 1 0.559375 1
1 0.196875 0.709375 0.6 0.709375 0.6 1 0.196875 1
1 0.009375 0.509375 0.4 0.509375 0.4 0.940625 0.009375 0.940625
1 0.0765625 0.396875 0.4125 0.396875 0.4125 0.7046875 0.0765625 0.7046875
1 0.4234375 0.178125 0.909375 0.178125 0.909375 0.6578125 0.4234375 0.6578125
1 0.10625 0.0109375 0.5 0.0109375 0.5 0.3375 0.10625 0.3375
1 0.528125 0.0578125 0.8765625 0.0578125 0.8765625 0.34375 0.528125 0.34375
1 0.8125 0.3296875 1 0.3296875 1 0.584375 0.8125 0.584375
1 0.0078125 0.1953125 0.378125 0.1953125 0.378125 0.5609375 0.0078125 0.5609375
0 0.4484375 0.409375 0.5578125 0.409375 0.5578125 0.53125 0.4484375 0.53125
0 0.19375 0.5125 0.29375 0.5125 0.29375 0.6203125 0.19375 0.6203125
0 0.1421875 0.653125 0.2515625 0.653125 0.2515625 0.7578125 0.1421875 0.7578125
0 0.3375 0.8578125 0.446875 0.8578125 0.446875 0.971875 0.3375 0.971875
0 0.7109375 0.8171875 0.834375 0.8171875 0.834375 0.9390625 0.7109375 0.9390625
0 0.8640625 0.6484375 0.9890625 0.6484375 0.9890625 0.7734375 0.8640625 0.7734375
0 0.603125 0.34375 0.734375 0.34375 0.734375 0.4765625 0.603125 0.4765625
0 0.6515625 0.096875 0.759375 0.096875 0.759375 0.19375 0.6515625 0.19375
0 0.2765625 0.053125 0.3875 0.053125 0.3875 0.1734375 0.2765625 0.1734375
0 0.396875 0.0421875 0.4890625 0.0421875 0.4890625 0.1296875 0.396875 0.1296875
0 0.13125 0.3296875 0.2515625 0.3296875 0.2515625 0.4515625 0.13125 0.4515625
0 0.0140625 0.7828125 0.0765625 0.7828125 0.0765625 0.9109375 0.0140625 0.9109375