1 0.2953125 0.2625 0.66875 0.2625 0.66875 0.596875 0.2953125 0.596875
1 0.7265625 0.3375 0.9984375 0.3375 0.9984375 0.6859375 0.7265625 0.6859375
1 0.64375 0.553125 0.9953125 0.553125 0.9953125 0.8875 0.64375 0.8875
1 0.2890625 0.7390625 0.64375 0.7390625 0.64375 0.9984375 0.2890625 0.9984375
1 0.0453125 0.6046875 0.415625 0.6046875 0.415625 0.940625 0.0453125 0.940625
1 0.1046875 0.4796875 0.390625 0.4796875 0.390625 0.6890625 0.1046875 0.6890625
1 0.4171875 0.14375 0.828125 0.14375 0.828125 0.4890625 0.4171875 0.4890625
1 0.05625 0.0171875 0.3765625 0.0171875 0.3765625 0.3 0.05625 0.3
1 0.4546875 0 0.7671875 0 0.7671875 0.184375 0.4546875 0.184375
1 0.7859375 0.1765625 0.9984375 0.1765625 0.9984375 0.3640625 0.7859375 0.3640625
1 0.009375 0.303125 0.3171875 0.303125 0.3171875 0.5625 0.009375 0.5625
0 0.434375 0.375 0.5234375 0.375 0.5234375 0.46875 0.434375 0.46875
0 0.2078125 0.559375 0.2921875 0.559375 0.2921875 0.640625 0.2078125 0.640625
0 0.1859375 0.7125 0.284375 0.7125 0.284375 0.7921875 0.1859375 0.7921875
0 0.41875 0.8515625 0.509375 0.8515625 0.509375 0.934375 0.41875 0.934375
0 0.7703125 0.69375 0.86875 0.69375 0.86875 0.7734375 0.7703125 0.7734375
0 0.8765625 0.471875 0.9875 0.471875 0.9875 0.5640625 0.8765625 0.5640625
0 0.5703125 0.2640625 0.6765625 0.2640625 0.6765625 0.3515625 0.5703125 0.3515625
0 0.55625 0.003125 0.65 0.003125 0.65 0.0703125 0.55625 0.0703125
0 0.19375 0.08125 0.2875 0.08125 0.2875 0.175 0.19375 0.175
0 0.2984375 0.03125 0.3828125 0.03125 0.3828125 0.0984375 0.2984375 0.0984375
0 0.1140625 0.4046875 0.2125 0.4046875 0.2125 0.4890625 0.1140625 0.4890625
0 0.0296875 0.9015625 0.140625 0.9015625 0.140625 1 0.0296875 1