1 0.225 0.128125 0.6953125 0.128125 0.6953125 0.634375 0.225 0.634375
1 0.653125 0.040625 1 0.040625 1 0.5078125 0.653125 0.5078125
1 0.6546875 0.24375 1 0.24375 1 0.725 0.6546875 0.725
1 0.390625 0.565625 0.81875 0.565625 0.81875 0.95 0.390625 0.95
1 0.115625 0.553125 0.584375 0.553125 0.584375 0.9859375 0.115625 0.9859375
1 0.1265625 0.4609375 0.4703125 0.4609375 0.4703125 0.803125 0.1265625 0.803125
1 0.2953125 0 0.8046875 0 0.8046875 0.48125 0.2953125 0.48125
1 0 0.0515625 0.315625 0.0515625 0.315625 0.471875 0 0.471875
1 0.278125 0 0.6375 0 0.6375 0.1859375 0.278125 0.1859375
1 0.6515625 0 0.91875 0 0.91875 0.1859375 0.6515625 0.1859375
1 0.0015625 0.3359375 0.35625 0.3359375 0.35625 0.734375 0.0015625 0.734375
0 0.3953125 0.309375 0.5125 0.309375 0.5125 0.44375 0.3953125 0.44375
0 0.2515625 0.584375 0.3609375 0.584375 0.3609375 0.7046875 0.2515625 0.7046875
0 0.2859375 0.7234375 0.4078125 0.7234375 0.4078125 0.8484375 0.2859375 0.8484375
0 0.5546875 0.7390625 0.66875 0.7390625 0.66875 0.8640625 0.5546875 0.8640625
0 0.825 0.4265625 0.9453125 0.4265625 0.9453125 0.5515625 0.825 0.5515625
0 0.84375 0.175 0.9796875 0.175 0.9796875 0.3171875 0.84375 0.3171875
0 0.4828125 0.1390625 0.6125 0.1390625 0.6125 0.2734375 0.4828125 0.2734375
0 0.3734375 0 0.484375 0 0.484375 0.0296875 0.3734375 0.0296875
0 0.0640625 0.1609375 0.1875 0.1609375 0.1875 0.2984375 0.0640625 0.2984375
0 0.14375 0.0734375 0.246875 0.0734375 0.246875 0.178125 0.14375 0.178125
0 0.1078125 0.484375 0.23125 0.484375 0.23125 0.6140625 0.1078125 0.6140625