1 0.2953125 0.2609375 0.6703125 0.2609375 0.6703125 0.596875 0.2953125 0.596875
1 0.721875 0.334375 0.9984375 0.334375 0.9984375 0.6875 0.721875 0.6875
1 0.634375 0.54375 0.9984375 0.54375 0.9984375 0.8984375 0.634375 0.8984375
1 0.2890625 0.7390625 0.64375 0.7390625 0.64375 0.9984375 0.2890625 0.9984375
1 0.046875 0.60625 0.4125 0.60625 0.4125 0.9390625 0.046875 0.9390625
1 0.0984375 0.4703125 0.396875 0.4703125 0.396875 0.6984375 0.0984375 0.6984375
1 0.425 0.1515625 0.821875 0.1515625 0.821875 0.48125 0.425 0.48125
1 0.0515625 0.009375 0.38125 0.009375 0.38125 0.3078125 0.0515625 0.3078125
1 0.45625 0 0.7640625 0 0.7640625 0.1796875 0.45625 0.1796875
1 0.7921875 0.18125 0.996875 0.18125 0.996875 0.3578125 0.7921875 0.3578125
1 0.003125 0.29375 0.325 0.29375 0.325 0.571875 0.003125 0.571875
0 0.434375 0.3734375 0.5234375 0.3734375 0.5234375 0.4703125 0.434375 0.4703125
0 0.209375 0.5609375 0.290625 0.5609375 0.290625 0.640625 0.209375 0.640625
0 0.1859375 0.7125 0.284375 0.7125 0.284375 0.7921875 0.1859375 0.7921875
0 0.4203125 0.853125 0.509375 0.853125 0.509375 0.9328125 0.4203125 0.9328125
0 0.76875 0.6890625 0.871875 0.6890625 0.871875 0.7765625 0.76875 0.7765625
0 0.878125 0.4734375 0.984375 0.4734375 0.984375 0.5625 0.878125 0.5625
0 0.5671875 0.259375 0.6796875 0.259375 0.6796875 0.35625 0.5671875 0.35625
0 0.5546875 0.0015625 0.65 0.0015625 0.65 0.0703125 0.5546875 0.0703125
0 0.1921875 0.0796875 0.2890625 0.0796875 0.2890625 0.175 0.1921875 0.175
0 0.296875 0.0296875 0.3828125 0.0296875 0.3828125 0.1 0.296875 0.1
0 0.1140625 0.403125 0.2125 0.403125 0.2125 0.4890625 0.1140625 0.4890625
0 0.03125 0.903125 0.1390625 0.903125 0.1390625 0.9984375 0.03125 0.9984375