1 0.390625 0.1453125 0.6484375 0.1453125 0.6484375 0.409375 0.390625 0.409375
1 0.3765625 0.30625 0.65625 0.30625 0.65625 0.5953125 0.3765625 0.5953125
1 0.559375 0.26875 0.8671875 0.26875 0.8671875 0.584375 0.559375 0.584375
1 0.771875 0.359375 1 0.359375 1 0.6328125 0.771875 0.6328125
1 0.3765625 0.478125 0.653125 0.478125 0.653125 0.7625 0.3765625 0.7625
1 0.5375 0.628125 0.7421875 0.628125 0.7421875 0.8390625 0.5375 0.8390625
1 0.6890625 0.6125 0.9234375 0.6125 0.9234375 0.853125 0.6890625 0.853125
1 0.6265625 0.45 0.8921875 0.45 0.8921875 0.721875 0.6265625 0.721875
1 0.1484375 0.1390625 0.4390625 0.1390625 0.4390625 0.434375 0.1484375 0.434375
1 0.3046875 0.015625 0.5875 0.015625 0.5875 0.2765625 0.3046875 0.2765625
1 0.509375 0.0578125 0.7796875 0.0578125 0.7796875 0.3359375 0.509375 0.3359375