1 0.2390625 0.2203125 0.440625 0.2203125 0.440625 0.3984375 0.2390625 0.3984375
1 0.359375 0.334375 0.546875 0.334375 0.546875 0.5453125 0.359375 0.5453125
1 0.4625 0.178125 0.684375 0.178125 0.684375 0.3828125 0.4625 0.3828125
1 0.6609375 0.1015625 0.846875 0.1015625 0.846875 0.2859375 0.6609375 0.2859375
1 0.4734375 0.478125 0.65625 0.478125 0.65625 0.659375 0.4734375 0.659375
1 0.665625 0.4875 0.790625 0.4875 0.790625 0.6375 0.665625 0.6375
1 0.778125 0.3515625 0.9078125 0.3515625 0.9078125 0.5328125 0.778125 0.5328125
1 0.634375 0.275 0.7890625 0.275 0.7890625 0.4578125 0.634375 0.4578125
1 0.0828125 0.384375 0.2953125 0.384375 0.2953125 0.571875 0.0828125 0.571875
1 0.109375 0.15 0.275 0.15 0.275 0.3546875 0.109375 0.3546875
1 0.2796875 0.0625 0.4671875 0.0625 0.4671875 0.2546875 0.2796875 0.2546875