1 0.2390625 0.2203125 0.440625 0.2203125 0.440625 0.3984375 0.2390625 0.3984375
1 0.3578125 0.3328125 0.55 0.3328125 0.55 0.546875 0.3578125 0.546875
1 0.4578125 0.171875 0.6890625 0.171875 0.6890625 0.3875 0.4578125 0.3875
1 0.6671875 0.1078125 0.840625 0.1078125 0.840625 0.28125 0.6671875 0.28125
1 0.46875 0.4734375 0.6609375 0.4734375 0.6609375 0.6640625 0.46875 0.6640625
1 0.6640625 0.4875 0.790625 0.4875 0.790625 0.6375 0.6640625 0.6375
1 0.78125 0.3546875 0.903125 0.3546875 0.903125 0.5296875 0.78125 0.5296875
1 0.6296875 0.2703125 0.79375 0.2703125 0.79375 0.4625 0.6296875 0.4625
1 0.084375 0.3875 0.29375 0.3875 0.29375 0.5703125 0.084375 0.5703125
1 0.10625 0.1484375 0.2765625 0.1484375 0.2765625 0.3546875 0.10625 0.3546875
1 0.278125 0.0625 0.46875 0.0625 0.46875 0.2546875 0.278125 0.2546875