1 0.14375 0.1734375 0.4 0.1734375 0.4 0.434375 0.14375 0.434375
1 0.2765625 0.234375 0.534375 0.234375 0.534375 0.528125 0.2765625 0.528125
1 0.35 0.028125 0.6453125 0.028125 0.6453125 0.3390625 0.35 0.3390625
1 0.5484375 0 0.775 0 0.775 0.153125 0.5484375 0.153125
1 0.4125 0.3203125 0.6625 0.3203125 0.6625 0.590625 0.4125 0.590625
1 0.6109375 0.284375 0.784375 0.284375 0.784375 0.484375 0.6109375 0.484375
1 0.703125 0.1125 0.878125 0.1125 0.878125 0.3390625 0.703125 0.3390625
1 0.5390625 0.078125 0.759375 0.078125 0.759375 0.3390625 0.5390625 0.3390625
1 0.01875 0.3875 0.2828125 0.3875 0.2828125 0.65625 0.01875 0.65625
1 0 0.171875 0.2328125 0.171875 0.2328125 0.45 0 0.45
1 0.1546875 0.0140625 0.4046875 0.0140625 0.4046875 0.2859375 0.1546875 0.2859375