1 0.328125 0.0421875 0.6 0.0421875 0.6 0.3359375 0.328125 0.3359375
1 0.3421875 0.196875 0.6265625 0.196875 0.6265625 0.51875 0.3421875 0.51875
1 0.5140625 0.0890625 0.83125 0.0890625 0.83125 0.4375 0.5140625 0.4375
1 0.7484375 0.1265625 0.99375 0.1265625 0.99375 0.4 0.7484375 0.4
1 0.36875 0.3734375 0.6390625 0.3734375 0.6390625 0.6734375 0.36875 0.6734375
1 0.54375 0.478125 0.7359375 0.478125 0.7359375 0.6984375 0.54375 0.6984375
1 0.7015625 0.40625 0.90625 0.40625 0.90625 0.6484375 0.7015625 0.6484375
1 0.6140625 0.2609375 0.8625 0.2609375 0.8625 0.54375 0.6140625 0.54375
1 0.103125 0.1265625 0.384375 0.1265625 0.384375 0.43125 0.103125 0.43125
1 0.2421875 0 0.5046875 0 0.5046875 0.2234375 0.2421875 0.2234375
1 0.4421875 0 0.7125 0 0.7125 0.215625 0.4421875 0.215625