1 0.2453125 0.2265625 0.434375 0.2265625 0.434375 0.3921875 0.2453125 0.3921875
1 0.3625 0.3359375 0.54375 0.3359375 0.54375 0.54375 0.3625 0.54375
1 0.4625 0.178125 0.684375 0.178125 0.684375 0.3828125 0.4625 0.3828125
1 0.6609375 0.1015625 0.846875 0.1015625 0.846875 0.2859375 0.6609375 0.2859375
1 0.46875 0.4734375 0.6609375 0.4734375 0.6609375 0.6640625 0.46875 0.6640625
1 0.6625 0.4859375 0.7921875 0.4859375 0.7921875 0.6390625 0.6625 0.6390625
1 0.7734375 0.35 0.9125 0.35 0.9125 0.534375 0.7734375 0.534375
1 0.6265625 0.26875 0.796875 0.26875 0.796875 0.465625 0.6265625 0.465625
1 0.0828125 0.384375 0.2953125 0.384375 0.2953125 0.571875 0.0828125 0.571875
1 0.103125 0.1453125 0.28125 0.1453125 0.28125 0.359375 0.103125 0.359375
1 0.28125 0.0640625 0.465625 0.0640625 0.465625 0.2515625 0.28125 0.2515625