1 0.2953125 0.04375 0.559375 0.04375 0.559375 0.3203125 0.2953125 0.3203125
1 0.3125 0.190625 0.590625 0.190625 0.590625 0.5 0.3125 0.5
1 0.4828125 0.0640625 0.796875 0.0640625 0.796875 0.396875 0.4828125 0.396875
1 0.7046875 0.0609375 0.975 0.0609375 0.975 0.3515625 0.7046875 0.3515625
1 0.3359375 0.3546875 0.6171875 0.3546875 0.6171875 0.6546875 0.3359375 0.6546875
1 0.515625 0.4375 0.71875 0.4375 0.71875 0.665625 0.515625 0.665625
1 0.665625 0.3421875 0.89375 0.3421875 0.89375 0.6046875 0.665625 0.6046875
1 0.5796875 0.2109375 0.8421875 0.2109375 0.8421875 0.5046875 0.5796875 0.5046875
1 0.0609375 0.140625 0.35625 0.140625 0.35625 0.4515625 0.0609375 0.4515625
1 0.19375 0 0.4734375 0 0.4734375 0.2359375 0.19375 0.2359375
1 0.4015625 0 0.6734375 0 0.6734375 0.1953125 0.4015625 0.1953125