1 0.1890625 0.2 0.4375 0.2 0.4375 0.446875 0.1890625 0.446875
1 0.3375 0.271875 0.5796875 0.271875 0.5796875 0.546875 0.3375 0.546875
1 0.3921875 0.078125 0.665625 0.078125 0.665625 0.35625 0.3921875 0.35625
1 0.5609375 0 0.7953125 0 0.7953125 0.1984375 0.5609375 0.1984375
1 0.4875 0.3734375 0.7171875 0.3734375 0.7171875 0.6140625 0.4875 0.6140625
1 0.6734375 0.3375 0.8390625 0.3375 0.8390625 0.528125 0.6734375 0.528125
1 0.74375 0.16875 0.921875 0.16875 0.921875 0.390625 0.74375 0.390625
1 0.5859375 0.1359375 0.7875 0.1359375 0.7875 0.36875 0.5859375 0.36875
1 0.084375 0.40625 0.3453125 0.40625 0.3453125 0.6640625 0.084375 0.6640625
1 0.04375 0.1890625 0.2640625 0.1890625 0.2640625 0.45 0.04375 0.45
1 0.184375 0.0421875 0.421875 0.0421875 0.421875 0.296875 0.184375 0.296875