1 0.1484375 0.2875 0.4171875 0.2875 0.4171875 0.553125 0.1484375 0.553125
1 0.309375 0.346875 0.584375 0.346875 0.584375 0.6359375 0.309375 0.6359375
1 0.3203125 0.1453125 0.621875 0.1453125 0.621875 0.4453125 0.3203125 0.4453125
1 0.4546875 0.0234375 0.7125 0.0234375 0.7125 0.271875 0.4546875 0.271875
1 0.48125 0.4328125 0.7359375 0.4328125 0.7359375 0.690625 0.48125 0.690625
1 0.6515625 0.3859375 0.8390625 0.3859375 0.8390625 0.5859375 0.6515625 0.5859375
1 0.68125 0.2140625 0.8890625 0.2140625 0.8890625 0.44375 0.68125 0.44375
1 0.51875 0.1921875 0.7484375 0.1921875 0.7484375 0.4390625 0.51875 0.4390625
1 0.0953125 0.4984375 0.378125 0.4984375 0.378125 0.778125 0.0953125 0.778125
1 0.0109375 0.296875 0.25 0.296875 0.25 0.5671875 0.0109375 0.5671875
1 0.103125 0.1328125 0.36875 0.1328125 0.36875 0.4046875 0.103125 0.4046875