1 0.16875 0.4328125 0.3671875 0.4328125 0.3671875 0.696875 0.16875 0.696875
1 0.34375 0.4046875 0.5578125 0.4046875 0.5578125 0.675 0.34375 0.675
1 0.4765625 0.2515625 0.6578125 0.2515625 0.6578125 0.459375 0.4765625 0.459375
1 0.6375 0.04375 0.828125 0.04375 0.828125 0.2484375 0.6375 0.2484375
1 0.759375 0.2890625 0.85625 0.2890625 0.85625 0.428125 0.759375 0.428125
1 0.6265625 0.6015625 0.8015625 0.6015625 0.8015625 0.8515625 0.6265625 0.8515625
1 0.8515625 0.675 0.9984375 0.675 0.9984375 0.915625 0.8515625 0.915625
1 0.90625 0.534375 0.996875 0.534375 0.996875 0.7703125 0.90625 0.7703125
1 0.59375 0.846875 0.753125 0.846875 0.753125 0.9984375 0.59375 0.9984375
1 0.70625 0.725 0.8953125 0.725 0.8953125 0.996875 0.70625 0.996875
1 0.3203125 0.6625 0.503125 0.6625 0.503125 0.909375 0.3203125 0.909375
1 0.1296875 0.8328125 0.3109375 0.8328125 0.3109375 0.9984375 0.1296875 0.9984375
1 0.1234375 0.34375 0.3015625 0.34375 0.3015625 0.5984375 0.1234375 0.5984375
1 0.45 0.046875 0.640625 0.046875 0.640625 0.265625 0.45 0.265625
1 0.4046875 0.296875 0.546875 0.296875 0.546875 0.49375 0.4046875 0.49375
1 0 0.6828125 0.2234375 0.6828125 0.2234375 0.996875 0 0.996875
1 0.1875 0.690625 0.2859375 0.690625 0.2859375 0.80625 0.1875 0.80625
1 0.6703125 0.421875 0.8203125 0.421875 0.8203125 0.5875 0.6703125 0.5875
0 0.4265625 0.5 0.475 0.5 0.475 0.559375 0.4265625 0.559375
0 0.24375 0.53125 0.2828125 0.53125 0.2828125 0.584375 0.24375 0.584375
0 0.384375 0.759375 0.425 0.759375 0.425 0.8078125 0.384375 0.8078125
0 0.696875 0.7078125 0.728125 0.7078125 0.728125 0.7484375 0.696875 0.7484375
0 0.6546875 0.9328125 0.684375 0.9328125 0.684375 0.9765625 0.6546875 0.9765625
0 0.93125 0.7703125 0.965625 0.7703125 0.965625 0.8203125 0.93125 0.8203125
0 0.9796875 0.6328125 0.9984375 0.6328125 0.9984375 0.6828125 0.9796875 0.6828125
0 0.7921875 0.3484375 0.81875 0.3484375 0.81875 0.3890625 0.7921875 0.3890625
0 0.7171875 0.1234375 0.7484375 0.1234375 0.7484375 0.15 0.7171875 0.15
0 0.534375 0.1203125 0.565625 0.1203125 0.565625 0.1578125 0.534375 0.1578125
0 0.553125 0.34375 0.5796875 0.34375 0.5796875 0.378125 0.553125 0.378125
0 0.3578125 0.3546875 0.39375 0.3546875 0.39375 0.4 0.3578125 0.4
0 0.4703125 0.378125 0.496875 0.378125 0.496875 0.4171875 0.4703125 0.4171875
0 0.1921875 0.4390625 0.2328125 0.4390625 0.2328125 0.496875 0.1921875 0.496875
0 0.196875 0.94375 0.2375 0.94375 0.2375 0.9890625 0.196875 0.9890625
1 0.21875 0.7296875 0.2546875 0.7296875 0.2546875 0.765625 0.21875 0.765625
1 0.09375 0.79375 0.1296875 0.79375 0.1296875 0.8453125 0.09375 0.8453125