1 0.1 0.2984375 0.421875 0.2984375 0.421875 0.696875 0.1 0.696875
1 0.2796875 0.3921875 0.590625 0.3921875 0.590625 0.775 0.2796875 0.775
1 0.4984375 0.35 0.74375 0.35 0.74375 0.646875 0.4984375 0.646875
1 0.7359375 0.2703125 0.9890625 0.2703125 0.9890625 0.5703125 0.7359375 0.5703125
1 0.7578125 0.540625 0.9140625 0.540625 0.9140625 0.7390625 0.7578125 0.7390625
1 0.45 0.7140625 0.728125 0.7140625 0.728125 1 0.45 1
1 0.6359375 0.9203125 0.8640625 0.9203125 0.8640625 1 0.6359375 1
1 0.734375 0.8203125 0.9296875 0.8203125 0.9296875 1 0.734375 1
1 0.3625 0.9140625 0.5640625 0.9140625 0.5640625 1 0.3625 1
1 0.453125 0.8546875 0.7625 0.8546875 0.7625 1 0.453125 1
1 0.1484375 0.5859375 0.4328125 0.5859375 0.4328125 0.94375 0.1484375 0.94375
1 0 0.6359375 0.1796875 0.6359375 0.1796875 0.89375 0 0.89375
1 0.1015625 0.1984375 0.403125 0.1984375 0.403125 0.5765625 0.1015625 0.5765625
1 0.5609375 0.165625 0.8203125 0.165625 0.8203125 0.4765625 0.5609375 0.4765625
1 0.4203125 0.3453125 0.6234375 0.3453125 0.6234375 0.609375 0.4203125 0.609375
1 0 0.446875 0.1609375 0.446875 0.1609375 0.8484375 0 0.8484375
1 0.0796875 0.546875 0.2203125 0.546875 0.2203125 0.715625 0.0796875 0.715625
1 0.6078125 0.5984375 0.821875 0.5984375 0.821875 0.8515625 0.6078125 0.8515625
0 0.4046875 0.5328125 0.475 0.5328125 0.475 0.61875 0.4046875 0.61875
0 0.23125 0.453125 0.2875 0.453125 0.2875 0.5265625 0.23125 0.5265625
0 0.2609375 0.7265625 0.3125 0.7265625 0.3125 0.790625 0.2609375 0.790625
0 0.5640625 0.8640625 0.6078125 0.8640625 0.6078125 0.91875 0.5640625 0.91875
0 0.84375 0.9640625 0.8859375 0.9640625 0.8859375 1 0.84375 1
0 0.8078125 0.6203125 0.8515625 0.6203125 0.8515625 0.675 0.8078125 0.675
0 0.846875 0.390625 0.8875 0.390625 0.8875 0.434375 0.846875 0.434375
0 0.678125 0.2796875 0.7234375 0.2796875 0.7234375 0.3359375 0.678125 0.3359375
0 0.5984375 0.478125 0.6375 0.478125 0.6375 0.5265625 0.5984375 0.5265625
0 0.4140625 0.3734375 0.465625 0.3734375 0.465625 0.4375 0.4140625 0.4375
0 0.50625 0.4578125 0.5484375 0.4578125 0.5484375 0.5109375 0.50625 0.5109375
0 0.2234375 0.3453125 0.2828125 0.3453125 0.2828125 0.4234375 0.2234375 0.4234375
0 0.009375 0.76875 0.0640625 0.76875 0.0640625 0.834375 0.009375 0.834375
1 0.128125 0.6046875 0.1734375 0.6046875 0.1734375 0.6578125 0.128125 0.6578125
1 0 0.584375 0.034375 0.584375 0.034375 0.653125 0 0.653125