1 0.221875 0.5625 0.575 0.5625 0.575 0.9609375 0.221875 0.9609375
1 0.3359375 0.440625 0.6890625 0.440625 0.6890625 0.8390625 0.3359375 0.8390625
1 0.3234375 0.259375 0.6109375 0.259375 0.6109375 0.5796875 0.3234375 0.5796875
1 0.296875 0.046875 0.5828125 0.046875 0.5828125 0.309375 0.296875 0.309375
1 0.5515625 0.1875 0.73125 0.1875 0.73125 0.3890625 0.5515625 0.3890625
1 0.675 0.4765625 0.9875 0.4765625 0.9875 0.828125 0.675 0.828125
1 0.8953125 0.4375 1 0.4375 1 0.7265625 0.8953125 0.7265625
1 0.8265625 0.31875 1 0.31875 1 0.590625 0.8265625 0.590625
1 0.8203125 0.7109375 1 0.7109375 1 0.965625 0.8203125 0.965625
1 0.8046875 0.5140625 1 0.5140625 1 0.896875 0.8046875 0.896875
1 0.490625 0.684375 0.821875 0.684375 0.821875 1 0.490625 1
1 0.4796875 0.940625 0.734375 0.940625 0.734375 1 0.4796875 1
1 0.1234375 0.521875 0.4625 0.521875 0.4625 0.903125 0.1234375 0.903125
1 0.1671875 0.1 0.4578125 0.1 0.4578125 0.4234375 0.1671875 0.4234375
1 0.3109375 0.36875 0.546875 0.36875 0.546875 0.6359375 0.3109375 0.6359375
1 0.2828125 0.859375 0.6671875 0.859375 0.6671875 1 0.2828125 1
1 0.425 0.8453125 0.584375 0.8453125 0.584375 1 0.425 1
1 0.578125 0.3125 0.8203125 0.3125 0.8203125 0.5828125 0.578125 0.5828125
0 0.4625 0.5828125 0.55 0.5828125 0.55 0.6796875 0.4625 0.6796875
0 0.35625 0.71875 0.4265625 0.71875 0.4265625 0.7984375 0.35625 0.7984375
0 0.61875 0.8375 0.68125 0.8375 0.68125 0.90625 0.61875 0.90625
0 0.8046875 0.6265625 0.8578125 0.6265625 0.8578125 0.6875 0.8046875 0.6875
0 0.93125 0.8390625 0.9890625 0.8390625 0.9890625 0.9046875 0.93125 0.9046875
0 0.95625 0.4140625 1 0.4140625 1 0.471875 0.95625 0.471875
0 0.6234375 0.271875 0.6703125 0.271875 0.6703125 0.325 0.6234375 0.325
0 0.4125 0.11875 0.453125 0.11875 0.453125 0.1640625 0.4125 0.1640625
0 0.2765625 0.215625 0.3296875 0.215625 0.3296875 0.2765625 0.2765625 0.2765625
0 0.4484375 0.4 0.49375 0.4 0.49375 0.45 0.4484375 0.45
0 0.3171875 0.5109375 0.3734375 0.5109375 0.3734375 0.5765625 0.3171875 0.5765625
0 0.4125 0.475 0.459375 0.475 0.459375 0.528125 0.4125 0.528125
0 0.25625 0.6703125 0.3265625 0.6703125 0.3265625 0.75 0.25625 0.75
1 0.48125 0.9078125 0.5296875 0.9078125 0.5296875 0.9625 0.48125 0.9625