1 0.1984375 0.4703125 0.553125 0.4703125 0.553125 0.8484375 0.1984375 0.8484375
1 0.3359375 0.3453125 0.678125 0.3453125 0.678125 0.709375 0.3359375 0.709375
1 0.35625 0.16875 0.625 0.16875 0.625 0.45 0.35625 0.45
1 0.3625 0 0.634375 0 0.634375 0.184375 0.3625 0.184375
1 0.6 0.06875 0.771875 0.06875 0.771875 0.25625 0.6 0.25625
1 0.6765625 0.34375 0.984375 0.34375 0.984375 0.678125 0.6765625 0.678125
1 0.915625 0.3 1 0.3 1 0.5765625 0.915625 0.5765625
1 0.859375 0.1765625 1 0.1765625 1 0.4421875 0.859375 0.4421875
1 0.8078125 0.58125 1 0.58125 1 0.8046875 0.8078125 0.8046875
1 0.80625 0.384375 1 0.384375 1 0.746875 0.80625 0.746875
1 0.465625 0.5765625 0.7796875 0.5765625 0.7796875 0.9140625 0.465625 0.9140625
1 0.4203125 0.8375 0.66875 0.8375 0.66875 0.9734375 0.4203125 0.9734375
1 0.1078125 0.440625 0.440625 0.440625 0.440625 0.7984375 0.1078125 0.7984375
1 0.2125 0.0171875 0.4953125 0.0171875 0.4953125 0.3140625 0.2125 0.3140625
1 0.3265625 0.271875 0.5546875 0.271875 0.5546875 0.5203125 0.3265625 0.5203125
1 0.2265625 0.7734375 0.5890625 0.7734375 0.5890625 0.9875 0.2265625 0.9875
1 0.3828125 0.7421875 0.5359375 0.7421875 0.5359375 0.9046875 0.3828125 0.9046875
1 0.60625 0.1953125 0.8390625 0.1953125 0.8390625 0.4375 0.60625 0.4375
0 0.4625 0.478125 0.540625 0.478125 0.540625 0.559375 0.4625 0.559375
0 0.3359375 0.6234375 0.3984375 0.6234375 0.3984375 0.690625 0.3359375 0.690625
0 0.5875 0.715625 0.64375 0.715625 0.64375 0.778125 0.5875 0.778125
0 0.80625 0.4890625 0.853125 0.4890625 0.853125 0.540625 0.80625 0.540625
0 0.903125 0.690625 0.9578125 0.690625 0.9578125 0.7484375 0.903125 0.7484375
0 0.9859375 0.259375 1 0.259375 1 0.3171875 0.9859375 0.3171875
0 0.665625 0.1453125 0.7140625 0.1453125 0.7140625 0.1984375 0.665625 0.1984375
0 0.4703125 0.0125 0.5140625 0.0125 0.5140625 0.0546875 0.4703125 0.0546875
0 0.321875 0.121875 0.371875 0.121875 0.371875 0.1765625 0.321875 0.1765625
0 0.471875 0.2921875 0.5140625 0.2921875 0.5140625 0.3375 0.471875 0.3375
0 0.321875 0.4140625 0.378125 0.4140625 0.378125 0.4765625 0.321875 0.4765625
0 0.425 0.36875 0.471875 0.36875 0.471875 0.4203125 0.425 0.4203125
0 0.2390625 0.58125 0.30625 0.58125 0.30625 0.6546875 0.2390625 0.6546875
1 0.4359375 0.7984375 0.484375 0.7984375 0.484375 0.8484375 0.4359375 0.8484375
1 0.3703125 0.9234375 0.4328125 0.9234375 0.4328125 0.9765625 0.3703125 0.9765625