1 0.1578125 0.425 0.378125 0.425 0.378125 0.703125 0.1578125 0.703125
1 0.3453125 0.4046875 0.55625 0.4046875 0.55625 0.675 0.3453125 0.675
1 0.48125 0.2546875 0.6546875 0.2546875 0.6546875 0.45625 0.48125 0.45625
1 0.6421875 0.0453125 0.825 0.0453125 0.825 0.2453125 0.6421875 0.2453125
1 0.7578125 0.2859375 0.8578125 0.2859375 0.8578125 0.4296875 0.7578125 0.4296875
1 0.6234375 0.5984375 0.80625 0.5984375 0.80625 0.853125 0.6234375 0.853125
1 0.859375 0.6796875 0.9984375 0.6796875 0.9984375 0.9109375 0.859375 0.9109375
1 0.9 0.53125 0.9984375 0.53125 0.9984375 0.771875 0.9 0.771875
1 0.5984375 0.85 0.7484375 0.85 0.7484375 0.9984375 0.5984375 0.9984375
1 0.696875 0.71875 0.9046875 0.71875 0.9046875 0.996875 0.696875 0.996875
1 0.315625 0.659375 0.50625 0.659375 0.50625 0.9140625 0.315625 0.9140625
1 0.1296875 0.8328125 0.3109375 0.8328125 0.3109375 0.9984375 0.1296875 0.9984375
1 0.1109375 0.3359375 0.3125 0.3359375 0.3125 0.6046875 0.1109375 0.6046875
1 0.4546875 0.05 0.6375 0.05 0.6375 0.2625 0.4546875 0.2625
1 0.409375 0.2984375 0.5421875 0.2984375 0.5421875 0.490625 0.409375 0.490625
1 0 0.684375 0.215625 0.684375 0.215625 0.996875 0 0.996875
1 0.1875 0.690625 0.2859375 0.690625 0.2859375 0.80625 0.1875 0.80625
1 0.66875 0.41875 0.821875 0.41875 0.821875 0.5890625 0.66875 0.5890625
0 0.4265625 0.5 0.475 0.5 0.475 0.559375 0.4265625 0.559375
0 0.2453125 0.53125 0.28125 0.53125 0.28125 0.584375 0.2453125 0.584375
0 0.3875 0.7609375 0.4234375 0.7609375 0.4234375 0.80625 0.3875 0.80625
0 0.696875 0.709375 0.7265625 0.709375 0.7265625 0.746875 0.696875 0.746875
0 0.6546875 0.9328125 0.6859375 0.9328125 0.6859375 0.978125 0.6546875 0.978125
0 0.934375 0.771875 0.9625 0.771875 0.9625 0.8203125 0.934375 0.8203125
0 0.978125 0.6328125 1 0.6328125 1 0.6828125 0.978125 0.6828125
0 0.790625 0.3484375 0.8203125 0.3484375 0.8203125 0.3890625 0.790625 0.3890625
0 0.7171875 0.1234375 0.7484375 0.1234375 0.7484375 0.15 0.7171875 0.15
0 0.534375 0.11875 0.565625 0.11875 0.565625 0.159375 0.534375 0.159375
0 0.553125 0.34375 0.5796875 0.34375 0.5796875 0.378125 0.553125 0.378125
0 0.3578125 0.3546875 0.39375 0.3546875 0.39375 0.4 0.3578125 0.4
0 0.46875 0.378125 0.496875 0.378125 0.496875 0.4171875 0.46875 0.4171875
0 0.1921875 0.4390625 0.23125 0.4390625 0.23125 0.496875 0.1921875 0.496875
0 0.1984375 0.94375 0.2359375 0.94375 0.2359375 0.9890625 0.1984375 0.9890625
1 0.2203125 0.73125 0.253125 0.73125 0.253125 0.7640625 0.2203125 0.7640625
1 0.0921875 0.79375 0.1296875 0.79375 0.1296875 0.8453125 0.0921875 0.8453125