1 0.203125 0.471875 0.546875 0.471875 0.546875 0.8421875 0.203125 0.8421875
1 0.334375 0.3359375 0.678125 0.3359375 0.678125 0.70625 0.334375 0.70625
1 0.3453125 0.15625 0.6265625 0.15625 0.6265625 0.453125 0.3453125 0.453125
1 0.3515625 0 0.63125 0 0.63125 0.184375 0.3515625 0.184375
1 0.5921875 0.0578125 0.765625 0.0578125 0.765625 0.246875 0.5921875 0.246875
1 0.6765625 0.33125 0.978125 0.33125 0.978125 0.6625 0.6765625 0.6625
1 0.90625 0.278125 1 0.278125 1 0.5609375 0.90625 0.5609375
1 0.8546875 0.159375 1 0.159375 1 0.4234375 0.8546875 0.4234375
1 0.7984375 0.553125 1 0.553125 1 0.7921875 0.7984375 0.7921875
1 0.8015625 0.3625 1 0.3625 1 0.73125 0.8015625 0.73125
1 0.4625 0.5625 0.784375 0.5625 0.784375 0.9109375 0.4625 0.9109375
1 0.41875 0.825 0.671875 0.825 0.671875 0.96875 0.41875 0.96875
1 0.109375 0.4421875 0.4375 0.4421875 0.4375 0.8 0.109375 0.8
1 0.20625 0.0140625 0.4890625 0.0140625 0.4890625 0.3140625 0.20625 0.3140625
1 0.3234375 0.2671875 0.5515625 0.2671875 0.5515625 0.51875 0.3234375 0.51875
1 0.2265625 0.7625 0.5984375 0.7625 0.5984375 0.984375 0.2265625 0.984375
1 0.3828125 0.7359375 0.5390625 0.7359375 0.5390625 0.903125 0.3828125 0.903125
1 0.5984375 0.1796875 0.8359375 0.1796875 0.8359375 0.4296875 0.5984375 0.4296875
0 0.45625 0.46875 0.540625 0.46875 0.540625 0.5578125 0.45625 0.5578125
0 0.3328125 0.61875 0.4015625 0.61875 0.4015625 0.6921875 0.3328125 0.6921875
0 0.5859375 0.70625 0.646875 0.70625 0.646875 0.7703125 0.5859375 0.7703125
0 0.8 0.471875 0.853125 0.471875 0.853125 0.528125 0.8 0.528125
0 0.903125 0.671875 0.959375 0.671875 0.959375 0.73125 0.903125 0.73125
0 0.98125 0.240625 1 0.240625 1 0.29375 0.98125 0.29375
0 0.6609375 0.1359375 0.70625 0.1359375 0.70625 0.1859375 0.6609375 0.1859375
0 0.4640625 0.0078125 0.5046875 0.0078125 0.5046875 0.05 0.4640625 0.05
0 0.3140625 0.1203125 0.3671875 0.1203125 0.3671875 0.1765625 0.3140625 0.1765625
0 0.4671875 0.2859375 0.5109375 0.2859375 0.5109375 0.3328125 0.4671875 0.3328125
0 0.31875 0.4140625 0.375 0.4140625 0.375 0.475 0.31875 0.475
0 0.421875 0.365625 0.4671875 0.365625 0.4671875 0.415625 0.421875 0.415625
0 0.2375 0.58125 0.3046875 0.58125 0.3046875 0.6546875 0.2375 0.6546875
1 0.4375 0.79375 0.4859375 0.79375 0.4859375 0.84375 0.4375 0.84375
1 0.375 0.9203125 0.434375 0.9203125 0.434375 0.971875 0.375 0.971875