1 0.115625 0.3265625 0.3984375 0.3265625 0.3984375 0.6625 0.115625 0.6625
1 0.2875 0.3765625 0.5859375 0.3765625 0.5859375 0.725 0.2875 0.725
1 0.490625 0.2953125 0.734375 0.2953125 0.734375 0.56875 0.490625 0.56875
1 0.7171875 0.1734375 0.96875 0.1734375 0.96875 0.45 0.7171875 0.45
1 0.765625 0.4484375 0.90625 0.4484375 0.90625 0.6234375 0.765625 0.6234375
1 0.4875 0.6734375 0.7421875 0.6734375 0.7421875 0.9875 0.4875 0.9875
1 0.671875 0.8359375 0.896875 0.8359375 0.896875 1 0.671875 1
1 0.7765625 0.73125 0.9484375 0.73125 0.9484375 0.996875 0.7765625 0.996875
1 0.403125 0.884375 0.6078125 0.884375 0.6078125 1 0.403125 1
1 0.5078125 0.81875 0.784375 0.81875 0.784375 1 0.5078125 1
1 0.1796875 0.6 0.440625 0.6 0.440625 0.9140625 0.1796875 0.9140625
1 0 0.678125 0.1984375 0.678125 0.1984375 0.9109375 0 0.9109375
1 0.109375 0.2265625 0.36875 0.2265625 0.36875 0.5453125 0.109375 0.5453125
1 0.5359375 0.096875 0.79375 0.096875 0.79375 0.3875 0.5359375 0.3875
1 0.4109375 0.3046875 0.6140625 0.3046875 0.6140625 0.553125 0.4109375 0.553125
1 0 0.490625 0.1734375 0.490625 0.1734375 0.8765625 0 0.8765625
1 0.09375 0.571875 0.228125 0.571875 0.228125 0.725 0.09375 0.725
1 0.6234375 0.53125 0.8234375 0.53125 0.8234375 0.753125 0.6234375 0.753125
0 0.40625 0.5015625 0.475 0.5015625 0.475 0.5796875 0.40625 0.5796875
0 0.228125 0.453125 0.2828125 0.453125 0.2828125 0.5203125 0.228125 0.5203125
0 0.278125 0.7203125 0.3328125 0.7203125 0.3328125 0.7828125 0.278125 0.7828125
0 0.5890625 0.80625 0.6328125 0.80625 0.6328125 0.8578125 0.5890625 0.8578125
0 0.4671875 0.9921875 0.509375 0.9921875 0.509375 1 0.4671875 1
0 0.78125 0.9625 0.8328125 0.9625 0.8328125 1 0.78125 1
0 0.8765625 0.85625 0.9140625 0.85625 0.9140625 0.9140625 0.8765625 0.9140625
0 0.8109375 0.51875 0.85 0.51875 0.85 0.56875 0.8109375 0.56875
0 0.8265625 0.284375 0.865625 0.284375 0.865625 0.321875 0.8265625 0.321875
0 0.653125 0.203125 0.6953125 0.203125 0.6953125 0.253125 0.653125 0.253125
0 0.590625 0.415625 0.628125 0.415625 0.628125 0.4578125 0.590625 0.4578125
0 0.4 0.3421875 0.45 0.3421875 0.45 0.4 0.4 0.4
0 0.4984375 0.4109375 0.5375 0.4109375 0.5375 0.459375 0.4984375 0.459375
0 0.2109375 0.346875 0.2703125 0.346875 0.2703125 0.4203125 0.2109375 0.4203125
0 0.0359375 0.809375 0.090625 0.809375 0.090625 0.86875 0.0359375 0.86875
1 0.1390625 0.6234375 0.1859375 0.6234375 0.1859375 0.6734375 0.1390625 0.6734375
1 0 0.628125 0.0453125 0.628125 0.0453125 0.6921875 0 0.6921875