1 0.1796875 0.4328125 0.4078125 0.4328125 0.4078125 0.73125 0.1796875 0.73125
1 0.3546875 0.4375 0.5984375 0.4375 0.5984375 0.74375 0.3546875 0.74375
1 0.4921875 0.3078125 0.6953125 0.3078125 0.6953125 0.5453125 0.4921875 0.5453125
1 0.653125 0.1265625 0.8640625 0.1265625 0.8640625 0.3640625 0.653125 0.3640625
1 0.7796875 0.3921875 0.8890625 0.3921875 0.8890625 0.546875 0.7796875 0.546875
1 0.6390625 0.678125 0.8421875 0.678125 0.8421875 0.959375 0.6390625 0.959375
1 0.8640625 0.7890625 1 0.7890625 1 1 0.8640625 1
1 0.9203125 0.659375 1 0.659375 1 0.9109375 0.9203125 0.9109375
1 0.6125 0.915625 0.7859375 0.915625 0.7859375 1 0.6125 1
1 0.71875 0.815625 0.9359375 0.815625 0.9359375 1 0.71875 1
1 0.3328125 0.6875 0.5421875 0.6875 0.5421875 0.9671875 0.3328125 0.9671875
1 0.146875 0.825 0.3453125 0.825 0.3453125 1 0.146875 1
1 0.134375 0.3375 0.3390625 0.3375 0.3390625 0.6234375 0.134375 0.6234375
1 0.465625 0.1 0.678125 0.1 0.678125 0.3515625 0.465625 0.3515625
1 0.4203125 0.3390625 0.5828125 0.3390625 0.5828125 0.5609375 0.4203125 0.5609375
1 0.034375 0.6546875 0.265625 0.6546875 0.265625 1 0.034375 1
1 0.20625 0.69375 0.3171875 0.69375 0.3171875 0.8265625 0.20625 0.8265625
1 0.6875 0.5078125 0.8546875 0.5078125 0.8546875 0.7 0.6875 0.7
0 0.45 0.5453125 0.5046875 0.5453125 0.5046875 0.6140625 0.45 0.6140625
0 0.2671875 0.546875 0.3109375 0.546875 0.3109375 0.60625 0.2671875 0.60625
0 0.4078125 0.7953125 0.453125 0.7953125 0.453125 0.85 0.4078125 0.85
0 0.7203125 0.7984375 0.7546875 0.7984375 0.7546875 0.84375 0.7203125 0.84375
0 0.95625 0.8984375 0.99375 0.8984375 0.99375 0.95625 0.95625 0.95625
0 0.8171875 0.45625 0.846875 0.45625 0.846875 0.5015625 0.8171875 0.5015625
0 0.7421875 0.2203125 0.7765625 0.2203125 0.7765625 0.2515625 0.7421875 0.2515625
0 0.5578125 0.1859375 0.5921875 0.1859375 0.5921875 0.23125 0.5578125 0.23125
0 0.578125 0.4125 0.6078125 0.4125 0.6078125 0.45 0.578125 0.45
0 0.38125 0.390625 0.4203125 0.390625 0.4203125 0.440625 0.38125 0.440625
0 0.49375 0.4328125 0.5234375 0.4328125 0.5234375 0.475 0.49375 0.475
0 0.2140625 0.4453125 0.2609375 0.4453125 0.2609375 0.509375 0.2140625 0.509375
0 0.2203125 0.946875 0.265625 0.946875 0.265625 1 0.2203125 1
1 0.2421875 0.7390625 0.2828125 0.7390625 0.2828125 0.78125 0.2421875 0.78125
1 0.115625 0.78125 0.1578125 0.78125 0.1578125 0.8390625 0.115625 0.8390625