1 0.1625 0.428125 0.3734375 0.428125 0.3734375 0.7 0.1625 0.7
1 0.34375 0.4046875 0.5578125 0.4046875 0.5578125 0.675 0.34375 0.675
1 0.4765625 0.2515625 0.659375 0.2515625 0.659375 0.459375 0.4765625 0.459375
1 0.6390625 0.04375 0.8265625 0.04375 0.8265625 0.2484375 0.6390625 0.2484375
1 0.7578125 0.2859375 0.8578125 0.2859375 0.8578125 0.4296875 0.7578125 0.4296875
1 0.625 0.6015625 0.803125 0.6015625 0.803125 0.8515625 0.625 0.8515625
1 0.85625 0.678125 0.9984375 0.678125 0.9984375 0.9140625 0.85625 0.9140625
1 0.9015625 0.53125 0.996875 0.53125 0.996875 0.771875 0.9015625 0.771875
1 0.5921875 0.84375 0.7546875 0.84375 0.7546875 0.996875 0.5921875 0.996875
1 0.6953125 0.7171875 0.90625 0.7171875 0.90625 0.9984375 0.6953125 0.9984375
1 0.3125 0.6578125 0.509375 0.6578125 0.509375 0.9140625 0.3125 0.9140625
1 0.128125 0.8296875 0.3125 0.8296875 0.3125 0.996875 0.128125 0.996875
1 0.1140625 0.3375 0.3109375 0.3375 0.3109375 0.6046875 0.1140625 0.6046875
1 0.4546875 0.05 0.6375 0.05 0.6375 0.2625 0.4546875 0.2625
1 0.409375 0.2984375 0.5421875 0.2984375 0.5421875 0.490625 0.409375 0.490625
1 0 0.6828125 0.2234375 0.6828125 0.2234375 0.996875 0 0.996875
1 0.1859375 0.6890625 0.2859375 0.6890625 0.2859375 0.80625 0.1859375 0.80625
1 0.6671875 0.4171875 0.8234375 0.4171875 0.8234375 0.590625 0.6671875 0.590625
0 0.425 0.496875 0.478125 0.496875 0.478125 0.5625 0.425 0.5625
0 0.24375 0.5296875 0.284375 0.5296875 0.284375 0.5859375 0.24375 0.5859375
0 0.3859375 0.7609375 0.4234375 0.7609375 0.4234375 0.80625 0.3859375 0.80625
0 0.6953125 0.7078125 0.728125 0.7078125 0.728125 0.7484375 0.6953125 0.7484375
0 0.653125 0.9328125 0.6859375 0.9328125 0.6859375 0.978125 0.653125 0.978125
0 0.93125 0.7703125 0.965625 0.7703125 0.965625 0.8203125 0.93125 0.8203125
0 0.98125 0.6328125 0.9984375 0.6328125 0.9984375 0.6828125 0.98125 0.6828125
0 0.7921875 0.3484375 0.81875 0.3484375 0.81875 0.3875 0.7921875 0.3875
0 0.71875 0.1234375 0.746875 0.1234375 0.746875 0.15 0.71875 0.15
0 0.5328125 0.11875 0.565625 0.11875 0.565625 0.159375 0.5328125 0.159375
0 0.5515625 0.34375 0.58125 0.34375 0.58125 0.378125 0.5515625 0.378125
0 0.3578125 0.3546875 0.3921875 0.3546875 0.3921875 0.4 0.3578125 0.4
0 0.4703125 0.378125 0.496875 0.378125 0.496875 0.4171875 0.4703125 0.4171875
0 0.1921875 0.4390625 0.23125 0.4390625 0.23125 0.496875 0.1921875 0.496875
0 0.1984375 0.94375 0.2359375 0.94375 0.2359375 0.9890625 0.1984375 0.9890625
1 0.2203125 0.73125 0.253125 0.73125 0.253125 0.7640625 0.2203125 0.7640625
1 0.09375 0.79375 0.1296875 0.79375 0.1296875 0.8453125 0.09375 0.8453125