1 0.0515625 0.15 0.5546875 0.15 0.5546875 0.5375 0.0515625 0.5375
1 0.109375 0.2875 0.59375 0.2875 0.59375 0.665625 0.109375 0.665625
1 0.5234375 0.2828125 0.975 0.2828125 0.975 0.646875 0.5234375 0.646875
1 0.7703125 0.1640625 0.9890625 0.1640625 0.9890625 0.34375 0.7703125 0.34375
1 0.24375 0 0.7671875 0 0.7671875 0.40625 0.24375 0.40625
1 0.028125 0.00625 0.296875 0.00625 0.296875 0.275 0.028125 0.275
0 0.465625 0.1328125 0.5703125 0.1328125 0.5703125 0.2140625 0.465625 0.2140625
0 0.884375 0.2390625 0.965625 0.2390625 0.965625 0.2953125 0.884375 0.2953125
0 0.709375 0.4203125 0.809375 0.4203125 0.809375 0.5 0.709375 0.5
0 0.2953125 0.440625 0.3890625 0.440625 0.3890625 0.5234375 0.2953125 0.5234375
0 0.2546875 0.31875 0.3484375 0.31875 0.3484375 0.3875 0.2546875 0.3875