1 0.0703125 0.296875 0.53125 0.296875 0.53125 0.55 0.0703125 0.55
1 0.1546875 0.4234375 0.6015625 0.4234375 0.6015625 0.6828125 0.1546875 0.6828125
1 0.5796875 0.4234375 0.978125 0.4234375 0.978125 0.6375 0.5796875 0.6375
1 0.765625 0.2515625 0.9984375 0.2515625 0.9984375 0.3828125 0.765625 0.3828125
1 0.24375 0.121875 0.703125 0.121875 0.703125 0.3984375 0.24375 0.3984375
1 0.003125 0.134375 0.228125 0.134375 0.228125 0.321875 0.003125 0.321875
0 0.4375 0.228125 0.528125 0.228125 0.528125 0.2734375 0.4375 0.2734375
0 0.878125 0.3125 0.953125 0.3125 0.953125 0.3484375 0.878125 0.3484375
0 0.7453125 0.503125 0.83125 0.503125 0.83125 0.546875 0.7453125 0.546875
0 0.328125 0.5328125 0.409375 0.5328125 0.409375 0.584375 0.328125 0.584375
0 0.2578125 0.4109375 0.34375 0.4109375 0.34375 0.45625 0.2578125 0.45625