1 0.059375 0.3078125 0.5921875 0.3078125 0.5921875 0.796875 0.059375 0.796875
1 0.2109375 0.365625 0.7265625 0.365625 0.7265625 0.8390625 0.2109375 0.8390625
1 0.5125 0.1 1 0.1 1 0.5515625 0.5125 0.5515625
1 0.565625 0 0.8234375 0 0.8234375 0.2140625 0.565625 0.2140625
1 0.059375 0.0453125 0.6359375 0.0453125 0.6359375 0.5859375 0.059375 0.5859375
1 0.0203125 0.36875 0.2140625 0.36875 0.2140625 0.66875 0.0203125 0.66875
0 0.29375 0.25 0.4046875 0.25 0.4046875 0.353125 0.29375 0.353125
0 0.6859375 0.046875 0.7703125 0.046875 0.7703125 0.121875 0.6859375 0.121875
0 0.70625 0.2671875 0.8140625 0.2671875 0.8140625 0.365625 0.70625 0.365625
0 0.4125 0.5625 0.51875 0.5625 0.51875 0.6609375 0.4125 0.6609375
0 0.2828125 0.515625 0.3796875 0.515625 0.3796875 0.603125 0.2828125 0.603125