1 0.06875 0.29375 0.5328125 0.29375 0.5328125 0.553125 0.06875 0.553125
1 0.1578125 0.4359375 0.596875 0.4359375 0.596875 0.671875 0.1578125 0.671875
1 0.571875 0.40625 0.9859375 0.40625 0.9859375 0.653125 0.571875 0.653125
1 0.7640625 0.25 1 0.25 1 0.384375 0.7640625 0.384375
1 0.240625 0.1171875 0.7046875 0.1171875 0.7046875 0.403125 0.240625 0.403125
1 0.0046875 0.1375 0.228125 0.1375 0.228125 0.3203125 0.0046875 0.3203125
0 0.4375 0.228125 0.528125 0.228125 0.528125 0.2734375 0.4375 0.2734375
0 0.878125 0.3125 0.953125 0.3125 0.953125 0.346875 0.878125 0.346875
0 0.7453125 0.503125 0.83125 0.503125 0.83125 0.546875 0.7453125 0.546875
0 0.3296875 0.5328125 0.409375 0.5328125 0.409375 0.584375 0.3296875 0.584375
0 0.259375 0.4109375 0.34375 0.4109375 0.34375 0.45625 0.259375 0.45625