1 0 0.2515625 0.5265625 0.2515625 0.5265625 0.6609375 0 0.6609375
1 0.1046875 0.3640625 0.6125 0.3640625 0.6125 0.7421875 0.1046875 0.7421875
1 0.5046875 0.2078125 0.98125 0.2078125 0.98125 0.5890625 0.5046875 0.5890625
1 0.6703125 0.05625 0.9453125 0.05625 0.9453125 0.2671875 0.6703125 0.2671875
1 0.1203125 0.025 0.6671875 0.025 0.6671875 0.4625 0.1203125 0.4625
1 0 0.2046875 0.175 0.2046875 0.175 0.453125 0 0.453125
0 0.35 0.19375 0.4546875 0.19375 0.4546875 0.26875 0.35 0.26875
0 0.8015625 0.134375 0.884375 0.134375 0.884375 0.1921875 0.8015625 0.1921875
0 0.70625 0.3546875 0.80625 0.3546875 0.80625 0.425 0.70625 0.425
0 0.303125 0.521875 0.3984375 0.521875 0.3984375 0.6 0.303125 0.6
0 0.209375 0.428125 0.3078125 0.428125 0.3078125 0.5015625 0.209375 0.5015625