1 0.025 0.278125 0.525 0.278125 0.525 0.640625 0.025 0.640625
1 0.090625 0.421875 0.5765625 0.421875 0.5765625 0.7890625 0.090625 0.7890625
1 0.51875 0.521875 0.95 0.521875 0.95 0.83125 0.51875 0.83125
1 0.740625 0.396875 0.9796875 0.396875 0.9796875 0.5828125 0.740625 0.5828125
1 0.2203125 0.1453125 0.7203125 0.1453125 0.7203125 0.53125 0.2203125 0.53125
1 0 0.103125 0.246875 0.103125 0.246875 0.3453125 0 0.3453125
0 0.4328125 0.2984375 0.5296875 0.2984375 0.5296875 0.365625 0.4328125 0.365625
0 0.859375 0.484375 0.9390625 0.484375 0.9390625 0.5375 0.859375 0.5375
0 0.6984375 0.6421875 0.790625 0.6421875 0.790625 0.70625 0.6984375 0.70625
0 0.278125 0.5734375 0.36875 0.5734375 0.36875 0.64375 0.278125 0.64375
0 0.228125 0.4359375 0.3203125 0.4359375 0.3203125 0.5015625 0.228125 0.5015625