1 0.0296875 0.2828125 0.521875 0.2828125 0.521875 0.578125 0.0296875 0.578125
1 0.115625 0.4015625 0.59375 0.4015625 0.59375 0.703125 0.115625 0.703125
1 0.5453125 0.3671875 0.96875 0.3671875 0.96875 0.6171875 0.5453125 0.6171875
1 0.7296875 0.19375 0.9796875 0.19375 0.9796875 0.346875 0.7296875 0.346875
1 0.1984375 0.0921875 0.690625 0.0921875 0.690625 0.4109375 0.1984375 0.4109375
1 0 0.1484375 0.209375 0.1484375 0.209375 0.35625 0 0.35625
0 0.40625 0.2140625 0.5015625 0.2140625 0.5015625 0.2671875 0.40625 0.2671875
0 0.8484375 0.2578125 0.928125 0.2578125 0.928125 0.3015625 0.8484375 0.3015625
0 0.7203125 0.4609375 0.8109375 0.4609375 0.8109375 0.5109375 0.7203125 0.5109375
0 0.303125 0.5296875 0.390625 0.5296875 0.390625 0.5890625 0.303125 0.5890625
0 0.2296875 0.4125 0.321875 0.4125 0.321875 0.4671875 0.2296875 0.4671875