1 0.1125 0 0.6703125 0 0.6703125 0.546875 0.1125 0.546875
1 0.134375 0.16875 0.6578125 0.16875 0.6578125 0.678125 0.134375 0.678125
1 0.5078125 0.3109375 1 0.3109375 1 0.8140625 0.5078125 0.8140625
1 0.809375 0.275 1 0.275 1 0.546875 0.809375 0.546875
1 0.334375 0 0.9078125 0 0.9078125 0.475 0.334375 0.475
1 0.175 0 0.4734375 0 0.4734375 0.175 0.175 0.175
0 0.58125 0.1328125 0.6875 0.1328125 0.6875 0.2359375 0.58125 0.2359375
0 0.934375 0.3921875 1 0.3921875 1 0.471875 0.934375 0.471875
0 0.7203125 0.5140625 0.821875 0.5140625 0.821875 0.6109375 0.7203125 0.6109375
0 0.3359375 0.3765625 0.4359375 0.3765625 0.4359375 0.4765625 0.3359375 0.4765625
0 0.3359375 0.2328125 0.4359375 0.2328125 0.4359375 0.3296875 0.3359375 0.3296875