1 0.071875 0.303125 0.5296875 0.303125 0.5296875 0.54375 0.071875 0.54375
1 0.1578125 0.4359375 0.596875 0.4359375 0.596875 0.671875 0.1578125 0.671875
1 0.575 0.4140625 0.9828125 0.4140625 0.9828125 0.646875 0.575 0.646875
1 0.76875 0.2625 0.9953125 0.2625 0.9953125 0.3734375 0.76875 0.3734375
1 0.2390625 0.1125 0.70625 0.1125 0.70625 0.4078125 0.2390625 0.4078125
1 0 0.1328125 0.23125 0.1328125 0.23125 0.325 0 0.325
0 0.4359375 0.225 0.5296875 0.225 0.5296875 0.275 0.4359375 0.275
0 0.878125 0.3125 0.953125 0.3125 0.953125 0.346875 0.878125 0.346875
0 0.74375 0.5 0.8328125 0.5 0.8328125 0.55 0.74375 0.55
0 0.3265625 0.53125 0.4109375 0.53125 0.4109375 0.5859375 0.3265625 0.5859375
0 0.259375 0.4125 0.34375 0.4125 0.34375 0.453125 0.259375 0.453125