1 0.028125 0.35 0.325 0.35 0.325 0.65625 0.028125 0.65625
1 0.2703125 0.690625 0.590625 0.690625 0.590625 0.9953125 0.2703125 0.9953125
1 0.453125 0.5734375 0.6875 0.5734375 0.6875 0.8171875 0.453125 0.8171875
1 0.6171875 0.415625 0.9703125 0.415625 0.9703125 0.7765625 0.6171875 0.7765625
1 0.790625 0.1125 0.99375 0.1125 0.99375 0.353125 0.790625 0.353125
1 0.3 0.2109375 0.675 0.2109375 0.675 0.59375 0.3 0.59375
1 0.4078125 0.0859375 0.775 0.0859375 0.775 0.4640625 0.4078125 0.4640625
1 0.3421875 0 0.690625 0 0.690625 0.3375 0.3421875 0.3375
1 0.2375 0.4109375 0.571875 0.4109375 0.571875 0.7546875 0.2375 0.7546875
1 0.2109375 0.521875 0.4171875 0.521875 0.4171875 0.73125 0.2109375 0.73125
1 0.7078125 0.7140625 0.978125 0.7140625 0.978125 0.9359375 0.7078125 0.9359375
1 0.915625 0.346875 1 0.346875 1 0.534375 0.915625 0.534375
1 0.43125 0 0.7453125 0 0.7453125 0.2375 0.43125 0.2375
1 0.6078125 0 0.7765625 0 0.7765625 0.1484375 0.6078125 0.1484375
1 0.140625 0.7375 0.3703125 0.7375 0.3703125 0.9984375 0.140625 0.9984375
1 0.0125 0.1828125 0.1609375 0.1828125 0.1609375 0.453125 0.0125 0.453125
0 0.3984375 0.81875 0.4578125 0.81875 0.4578125 0.88125 0.3984375 0.88125
0 0.54375 0.6703125 0.5859375 0.6703125 0.5859375 0.7125 0.54375 0.7125
0 0.75 0.5484375 0.8484375 0.5484375 0.8484375 0.6515625 0.75 0.6515625
0 0.5296875 0.2125 0.64375 0.2125 0.64375 0.3328125 0.5296875 0.3328125
0 0.4703125 0.103125 0.584375 0.103125 0.584375 0.2171875 0.4703125 0.2171875
0 0.5125 0 0.653125 0 0.653125 0.134375 0.5125 0.134375
0 0.8765625 0.1640625 0.965625 0.1640625 0.965625 0.2765625 0.8765625 0.2765625
0 0.3328125 0.5046875 0.46875 0.5046875 0.46875 0.6453125 0.3328125 0.6453125
0 0.153125 0.4703125 0.215625 0.4703125 0.215625 0.534375 0.153125 0.534375
0 0.278125 0.5953125 0.3296875 0.5953125 0.3296875 0.646875 0.278125 0.646875
0 0.19375 0.8546875 0.253125 0.8546875 0.253125 0.9171875 0.19375 0.9171875
0 0.41875 0.3328125 0.5453125 0.3328125 0.5453125 0.4640625 0.41875 0.4640625
0 0.6625 0.0375 0.7125 0.0375 0.7125 0.0890625 0.6625 0.0890625