1 0 0.275 0.26875 0.275 0.26875 0.625 0 0.625
1 0.1609375 0.6109375 0.4578125 0.6109375 0.4578125 0.965625 0.1609375 0.965625
1 0.3734375 0.4875 0.5859375 0.4875 0.5859375 0.753125 0.3734375 0.753125
1 0.55625 0.3078125 0.8796875 0.3078125 0.8796875 0.7015625 0.55625 0.7015625
1 0.79375 0 0.9765625 0 0.9765625 0.2625 0.79375 0.2625
1 0.278125 0.1140625 0.6265625 0.1140625 0.6265625 0.540625 0.278125 0.540625
1 0.40625 0 0.753125 0 0.753125 0.4046875 0.40625 0.4046875
1 0.365625 0 0.6890625 0 0.6890625 0.275 0.365625 0.275
1 0.1765625 0.3203125 0.4953125 0.3203125 0.4953125 0.7125 0.1765625 0.7125
1 0.140625 0.4484375 0.334375 0.4484375 0.334375 0.6828125 0.140625 0.6828125
1 0.596875 0.6171875 0.8515625 0.6171875 0.8515625 0.85625 0.596875 0.85625
1 0.8734375 0.234375 0.9828125 0.234375 0.9828125 0.4375 0.8734375 0.4375
1 0.4671875 0 0.7546875 0 0.7546875 0.1640625 0.4671875 0.1640625
1 0.6453125 0 0.79375 0 0.79375 0.0609375 0.6453125 0.0609375
1 0.0296875 0.665625 0.2453125 0.665625 0.2453125 0.9640625 0.0296875 0.9640625
1 0 0.1203125 0.14375 0.1203125 0.14375 0.4109375 0 0.4109375
0 0.284375 0.753125 0.3328125 0.753125 0.3328125 0.8171875 0.284375 0.8171875
0 0.4546875 0.5921875 0.49375 0.5921875 0.49375 0.640625 0.4546875 0.640625
0 0.678125 0.453125 0.7671875 0.453125 0.7671875 0.5640625 0.678125 0.5640625
0 0.5171875 0.115625 0.634375 0.115625 0.634375 0.2609375 0.5171875 0.2609375
0 0.48125 0.0125 0.59375 0.0125 0.59375 0.1453125 0.48125 0.1453125
0 0.5453125 0 0.678125 0 0.678125 0.05625 0.5453125 0.05625
0 0.8734375 0.0515625 0.9546875 0.0515625 0.9546875 0.18125 0.8734375 0.18125
0 0.2765625 0.4359375 0.3921875 0.4359375 0.3921875 0.58125 0.2765625 0.58125
0 0.1015625 0.4078125 0.1671875 0.4078125 0.1671875 0.4875 0.1015625 0.4875
0 0.2046875 0.5328125 0.2515625 0.5328125 0.2515625 0.590625 0.2046875 0.590625
0 0.0734375 0.803125 0.1234375 0.803125 0.1234375 0.8671875 0.0734375 0.8671875
0 0.3875 0.25 0.509375 0.25 0.509375 0.3984375 0.3875 0.3984375