1 0.109375 0.19375 0.325 0.19375 0.325 0.45 0.109375 0.45
1 0.1640625 0.6171875 0.390625 0.6171875 0.390625 0.8703125 0.1640625 0.8703125
1 0.4015625 0.578125 0.559375 0.578125 0.559375 0.7765625 0.4015625 0.7765625
1 0.6078125 0.5578125 0.85 0.5578125 0.85 0.846875 0.6078125 0.846875
1 0.9359375 0.3296875 1 0.3296875 1 0.5546875 0.9359375 0.5546875
1 0.4140625 0.23125 0.678125 0.23125 0.678125 0.54375 0.4140625 0.54375
1 0.571875 0.1734375 0.83125 0.1734375 0.83125 0.4890625 0.571875 0.4890625
1 0.5640625 0.0578125 0.8125 0.0578125 0.8125 0.3375 0.5640625 0.3375
1 0.2640625 0.35625 0.5046875 0.35625 0.5046875 0.6453125 0.2640625 0.6453125
1 0.209375 0.4078125 0.3546875 0.4078125 0.3546875 0.578125 0.209375 0.578125
1 0.546875 0.8609375 0.7765625 0.8609375 0.7765625 0.9859375 0.546875 0.9859375
1 0.93125 0.5953125 1 0.5953125 1 0.753125 0.93125 0.753125
1 0.9140625 0 1 0 1 0.1390625 0.9140625 0.1390625
1 0.675 0.046875 0.9046875 0.046875 0.9046875 0.2828125 0.675 0.2828125
1 0.8359375 0.1375 0.95 0.1375 0.95 0.2671875 0.8359375 0.2671875
1 0.0484375 0.55 0.1875 0.55 0.1875 0.790625 0.0484375 0.790625
1 0.0484375 0 0.2765625 0 0.2765625 0.19375 0.0484375 0.19375
0 0.259375 0.7140625 0.29375 0.7140625 0.29375 0.7640625 0.259375 0.7640625
0 0.4625 0.653125 0.4921875 0.653125 0.4921875 0.6890625 0.4625 0.6890625
0 0.6984375 0.6671875 0.765625 0.6671875 0.765625 0.75 0.6984375 0.75
0 0.6546875 0.271875 0.7421875 0.271875 0.7421875 0.3796875 0.6546875 0.3796875
0 0.6546875 0.1546875 0.7421875 0.1546875 0.7421875 0.25 0.6546875 0.25
0 0.7421875 0.0953125 0.846875 0.0953125 0.846875 0.203125 0.7421875 0.203125
0 0.3421875 0.4375 0.428125 0.4375 0.428125 0.5453125 0.3421875 0.5453125
0 0.2015625 0.2953125 0.25 0.2953125 0.25 0.353125 0.2015625 0.353125
0 0.2578125 0.4625 0.2921875 0.4625 0.2921875 0.5046875 0.2578125 0.5046875
0 0.05625 0.64375 0.09375 0.64375 0.09375 0.69375 0.05625 0.69375
0 0.4984375 0.328125 0.5890625 0.328125 0.5890625 0.4359375 0.4984375 0.4359375
0 0.871875 0.1765625 0.9078125 0.1765625 0.9078125 0.21875 0.871875 0.21875
0 0.984375 0.0125 1 0.0125 1 0.0671875 0.984375 0.0671875