1 0.0890625 0.209375 0.28125 0.209375 0.28125 0.45625 0.0890625 0.45625
1 0.1140625 0.6328125 0.31875 0.6328125 0.31875 0.878125 0.1140625 0.878125
1 0.3546875 0.596875 0.4921875 0.596875 0.4921875 0.7859375 0.3546875 0.7859375
1 0.5515625 0.571875 0.7875 0.571875 0.7875 0.865625 0.5515625 0.865625
1 0.9078125 0.3515625 0.996875 0.3515625 0.996875 0.571875 0.9078125 0.571875
1 0.39375 0.2515625 0.6265625 0.2515625 0.6265625 0.553125 0.39375 0.553125
1 0.546875 0.1921875 0.7890625 0.1921875 0.7890625 0.503125 0.546875 0.503125
1 0.5625 0.0859375 0.7671875 0.0859375 0.7671875 0.3421875 0.5625 0.3421875
1 0.2375 0.3765625 0.4421875 0.3765625 0.4421875 0.65 0.2375 0.65
1 0.18125 0.428125 0.2953125 0.428125 0.2953125 0.58125 0.18125 0.58125
1 0.4828125 0.884375 0.696875 0.884375 0.696875 1 0.4828125 1
1 0.8828125 0.61875 0.9984375 0.61875 0.9984375 0.7703125 0.8828125 0.7703125
1 0.9046875 0.003125 0.9984375 0.003125 0.9984375 0.159375 0.9046875 0.159375
1 0.6671875 0.071875 0.86875 0.071875 0.86875 0.2953125 0.6671875 0.2953125
1 0.815625 0.15625 0.9234375 0.15625 0.9234375 0.2859375 0.815625 0.2859375
1 0.003125 0.5671875 0.1109375 0.5671875 0.1109375 0.7953125 0.003125 0.7953125
1 0.05 0 0.24375 0 0.24375 0.1953125 0.05 0.1953125
0 0.2015625 0.7265625 0.2328125 0.7265625 0.2328125 0.775 0.2015625 0.775
0 0.4078125 0.66875 0.434375 0.66875 0.434375 0.7015625 0.4078125 0.7015625
0 0.640625 0.684375 0.703125 0.684375 0.703125 0.765625 0.640625 0.765625
0 0.628125 0.290625 0.7046875 0.290625 0.7046875 0.39375 0.628125 0.39375
0 0.634375 0.1734375 0.7140625 0.1734375 0.7140625 0.2640625 0.634375 0.2640625
0 0.728125 0.115625 0.821875 0.115625 0.821875 0.21875 0.728125 0.21875
0 0.96875 0.4140625 0.996875 0.4140625 0.996875 0.51875 0.96875 0.51875
0 0.3015625 0.4515625 0.38125 0.4515625 0.38125 0.559375 0.3015625 0.559375
0 0.1734375 0.309375 0.2140625 0.309375 0.2140625 0.3625 0.1734375 0.3625
0 0.215625 0.475 0.2484375 0.475 0.2484375 0.515625 0.215625 0.515625
0 0.0046875 0.6546875 0.0359375 0.6546875 0.0359375 0.703125 0.0046875 0.703125
0 0.4703125 0.3453125 0.54375 0.3453125 0.54375 0.4484375 0.4703125 0.4484375
0 0.85 0.196875 0.88125 0.196875 0.88125 0.2375 0.85 0.2375
0 0.975 0.034375 0.9984375 0.034375 0.9984375 0.0875 0.975 0.0875