1 0.0046875 0.2875 0.2765625 0.2875 0.2765625 0.60625 0.0046875 0.60625
1 0.175 0.6546875 0.4578125 0.6546875 0.4578125 0.978125 0.175 0.978125
1 0.3890625 0.5515625 0.5875 0.5515625 0.5875 0.7921875 0.3890625 0.7921875
1 0.5640625 0.4015625 0.89375 0.4015625 0.89375 0.7828125 0.5640625 0.7828125
1 0.821875 0.1140625 0.9875 0.1140625 0.9875 0.3640625 0.821875 0.3640625
1 0.3046875 0.1796875 0.6328125 0.1796875 0.6328125 0.565625 0.3046875 0.565625
1 0.428125 0.0546875 0.7703125 0.0546875 0.7703125 0.45625 0.428125 0.45625
1 0.40625 0 0.6921875 0 0.6921875 0.303125 0.40625 0.303125
1 0.203125 0.3703125 0.4953125 0.3703125 0.4953125 0.7203125 0.203125 0.7203125
1 0.16875 0.4828125 0.33125 0.4828125 0.33125 0.678125 0.16875 0.678125
1 0.609375 0.728125 0.853125 0.728125 0.853125 0.9296875 0.609375 0.9296875
1 0.890625 0.3609375 0.9953125 0.3609375 0.9953125 0.5515625 0.890625 0.5515625
1 0.4984375 0 0.7703125 0 0.7703125 0.2140625 0.4984375 0.2140625
1 0.66875 0 0.8171875 0 0.8171875 0.140625 0.66875 0.140625
1 0.0484375 0.684375 0.234375 0.684375 0.234375 0.9484375 0.0484375 0.9484375
1 0 0.1140625 0.15 0.1140625 0.15 0.3765625 0 0.3765625
0 0.2921875 0.7828125 0.3390625 0.7828125 0.3390625 0.8421875 0.2921875 0.8421875
0 0.465625 0.6453125 0.503125 0.6453125 0.503125 0.6890625 0.465625 0.6890625
0 0.6890625 0.54375 0.778125 0.54375 0.778125 0.6484375 0.6890625 0.6484375
0 0.540625 0.1859375 0.65 0.1859375 0.65 0.3171875 0.540625 0.3171875
0 0.5046875 0.075 0.6140625 0.075 0.6140625 0.196875 0.5046875 0.196875
0 0.571875 0 0.6984375 0 0.6984375 0.115625 0.571875 0.115625
0 0.903125 0.1734375 0.96875 0.1734375 0.96875 0.2859375 0.903125 0.2859375
0 0.290625 0.4671875 0.4046875 0.4671875 0.4046875 0.6046875 0.290625 0.6046875
0 0.1203125 0.4109375 0.178125 0.4109375 0.178125 0.478125 0.1203125 0.478125
0 0.21875 0.546875 0.2640625 0.546875 0.2640625 0.6 0.21875 0.6
0 0.0828125 0.8 0.1296875 0.8 0.1296875 0.859375 0.0828125 0.859375
0 0.4109375 0.303125 0.51875 0.303125 0.51875 0.434375 0.4109375 0.434375
0 0.7171875 0.0265625 0.7609375 0.0265625 0.7609375 0.078125 0.7171875 0.078125