1 0.153125 0.046875 0.4421875 0.046875 0.4421875 0.359375 0.153125 0.359375
1 0.0046875 0.4375 0.2875 0.4375 0.2875 0.753125 0.0046875 0.753125
1 0.246875 0.5125 0.4578125 0.5125 0.4578125 0.746875 0.246875 0.746875
1 0.3859375 0.575 0.734375 0.575 0.734375 0.95 0.3859375 0.95
1 0.8359375 0.534375 1 0.534375 1 0.775 0.8359375 0.775
1 0.3828125 0.2171875 0.73125 0.2171875 0.73125 0.596875 0.3828125 0.596875
1 0.5421875 0.23125 0.9046875 0.23125 0.9046875 0.6234375 0.5421875 0.6234375
1 0.6296875 0.14375 0.93125 0.14375 0.93125 0.4703125 0.6296875 0.4703125
1 0.2015625 0.2609375 0.5125 0.2609375 0.5125 0.6046875 0.2015625 0.6046875
1 0.1828125 0.284375 0.35625 0.284375 0.35625 0.4765625 0.1828125 0.4765625
1 0.265625 0.8234375 0.5109375 0.8234375 0.5109375 0.9953125 0.265625 0.9953125
1 0.7265625 0.7640625 0.9015625 0.7640625 0.9015625 0.953125 0.7265625 0.953125
1 0.74375 0.1765625 1 0.1765625 1 0.471875 0.74375 0.471875
1 0.8828125 0.31875 1 0.31875 1 0.484375 0.8828125 0.484375
1 0.003125 0.33125 0.128125 0.33125 0.128125 0.584375 0.003125 0.584375
1 0.2375 0 0.5 0 0.5 0.10625 0.2375 0.10625
0 0.115625 0.5625 0.165625 0.5625 0.165625 0.6203125 0.115625 0.6203125
0 0.3328125 0.6015625 0.371875 0.6015625 0.371875 0.64375 0.3328125 0.64375
0 0.5125 0.7171875 0.60625 0.7171875 0.60625 0.8203125 0.5125 0.8203125
0 0.665625 0.3578125 0.7828125 0.3578125 0.7828125 0.4859375 0.665625 0.4859375
0 0.7296875 0.2546875 0.84375 0.2546875 0.84375 0.3734375 0.7296875 0.3734375
0 0.8328125 0.24375 0.9640625 0.24375 0.9640625 0.38125 0.8328125 0.38125
0 0.915625 0.61875 0.990625 0.61875 0.990625 0.7265625 0.915625 0.7265625
0 0.3 0.3578125 0.421875 0.3578125 0.421875 0.49375 0.3 0.49375
0 0.2734375 0.175 0.3359375 0.175 0.3359375 0.2421875 0.2734375 0.2421875
0 0.24375 0.34375 0.2921875 0.34375 0.2921875 0.3953125 0.24375 0.3953125
0 0.0046875 0.4109375 0.0203125 0.4109375 0.0203125 0.46875 0.0046875 0.46875
0 0.5015625 0.3375 0.615625 0.3375 0.615625 0.4640625 0.5015625 0.4640625
0 0.9359375 0.371875 0.9828125 0.371875 0.9828125 0.421875 0.9359375 0.421875