1 0 0.29375 0.253125 0.29375 0.253125 0.6484375 0 0.6484375
1 0.1375 0.59375 0.4625 0.59375 0.4625 0.95625 0.1375 0.95625
1 0.3453125 0.459375 0.5828125 0.459375 0.5828125 0.740625 0.3453125 0.740625
1 0.5234375 0.2515625 0.88125 0.2515625 0.88125 0.6734375 0.5234375 0.6734375
1 0.7578125 0 0.9609375 0 0.9609375 0.2140625 0.7578125 0.2140625
1 0.240625 0.09375 0.6171875 0.09375 0.6171875 0.5390625 0.240625 0.5390625
1 0.3671875 0 0.7390625 0 0.7390625 0.390625 0.3671875 0.390625
1 0.3203125 0 0.6734375 0 0.6734375 0.271875 0.3203125 0.271875
1 0.1484375 0.3140625 0.4859375 0.3140625 0.4859375 0.7140625 0.1484375 0.7140625
1 0.115625 0.4515625 0.3234375 0.4515625 0.3234375 0.6953125 0.115625 0.6953125
1 0.578125 0.553125 0.8515625 0.553125 0.8515625 0.81875 0.578125 0.81875
1 0.8484375 0.171875 0.9703125 0.171875 0.9703125 0.378125 0.8484375 0.378125
1 0.41875 0 0.7359375 0 0.7359375 0.1578125 0.41875 0.1578125
1 0.603125 0 0.771875 0 0.771875 0.0390625 0.603125 0.0390625
1 0.0078125 0.678125 0.2390625 0.678125 0.2390625 0.978125 0.0078125 0.978125
1 0 0.15 0.1203125 0.15 0.1203125 0.44375 0 0.44375
0 0.26875 0.74375 0.3265625 0.74375 0.3265625 0.815625 0.26875 0.815625
0 0.4375 0.571875 0.4796875 0.571875 0.4796875 0.621875 0.4375 0.621875
0 0.65625 0.40625 0.75625 0.40625 0.75625 0.525 0.65625 0.525
0 0.490625 0.0984375 0.60625 0.0984375 0.60625 0.2375 0.490625 0.2375
0 0.45 0 0.565625 0 0.565625 0.13125 0.45 0.13125
0 0.5078125 0 0.65 0 0.65 0.040625 0.5078125 0.040625
0 0.8453125 0 0.934375 0 0.934375 0.125 0.8453125 0.125
0 0.246875 0.425 0.384375 0.425 0.384375 0.5875 0.246875 0.5875
0 0.0796875 0.43125 0.14375 0.43125 0.14375 0.5046875 0.0796875 0.5046875
0 0.184375 0.5390625 0.2359375 0.5390625 0.2359375 0.6 0.184375 0.6
0 0.0578125 0.815625 0.115625 0.815625 0.115625 0.8859375 0.0578125 0.8859375
0 0.3609375 0.2375 0.4890625 0.2375 0.4890625 0.390625 0.3609375 0.390625