1 0.09375 0.2109375 0.2765625 0.2109375 0.2765625 0.4546875 0.09375 0.4546875
1 0.1125 0.6296875 0.3203125 0.6296875 0.3203125 0.8796875 0.1125 0.8796875
1 0.353125 0.59375 0.4953125 0.59375 0.4953125 0.7890625 0.353125 0.7890625
1 0.559375 0.5765625 0.7796875 0.5765625 0.7796875 0.8609375 0.559375 0.8609375
1 0.90625 0.3515625 0.996875 0.3515625 0.996875 0.571875 0.90625 0.571875
1 0.39375 0.2515625 0.6265625 0.2515625 0.6265625 0.553125 0.39375 0.553125
1 0.5546875 0.196875 0.78125 0.196875 0.78125 0.4984375 0.5546875 0.4984375
1 0.553125 0.078125 0.7765625 0.078125 0.7765625 0.35 0.553125 0.35
1 0.2375 0.3765625 0.4421875 0.3765625 0.4421875 0.65 0.2375 0.65
1 0.175 0.421875 0.3015625 0.421875 0.3015625 0.5875 0.175 0.5875
1 0.4765625 0.875 0.7015625 0.875 0.7015625 0.996875 0.4765625 0.996875
1 0.8828125 0.6203125 0.9984375 0.6203125 0.9984375 0.76875 0.8828125 0.76875
1 0.9046875 0 0.9984375 0 0.9984375 0.159375 0.9046875 0.159375
1 0.6625 0.0671875 0.8734375 0.0671875 0.8734375 0.3 0.6625 0.3
1 0.815625 0.15625 0.9234375 0.15625 0.9234375 0.2859375 0.815625 0.2859375
1 0 0.565625 0.115625 0.565625 0.115625 0.7953125 0 0.7953125
1 0.0484375 0 0.246875 0 0.246875 0.196875 0.0484375 0.196875
0 0.2 0.725 0.2328125 0.725 0.2328125 0.775 0.2 0.775
0 0.4078125 0.66875 0.434375 0.66875 0.434375 0.7015625 0.4078125 0.7015625
0 0.6421875 0.684375 0.7015625 0.684375 0.7015625 0.765625 0.6421875 0.765625
0 0.6328125 0.29375 0.7 0.29375 0.7 0.3921875 0.6328125 0.3921875
0 0.6375 0.175 0.7109375 0.175 0.7109375 0.2625 0.6375 0.2625
0 0.728125 0.115625 0.821875 0.115625 0.821875 0.21875 0.728125 0.21875
0 0.965625 0.4125 1 0.4125 1 0.5203125 0.965625 0.5203125
0 0.3 0.45 0.384375 0.45 0.384375 0.5609375 0.3 0.5609375
0 0.175 0.309375 0.2125 0.309375 0.2125 0.3609375 0.175 0.3609375
0 0.215625 0.475 0.2484375 0.475 0.2484375 0.515625 0.215625 0.515625
0 0.003125 0.653125 0.0359375 0.653125 0.0359375 0.703125 0.003125 0.703125
0 0.46875 0.34375 0.5453125 0.34375 0.5453125 0.45 0.46875 0.45
0 0.85 0.196875 0.88125 0.196875 0.88125 0.2375 0.85 0.2375
0 0.9765625 0.0359375 0.9984375 0.0359375 0.9984375 0.0859375 0.9765625 0.0859375