1 0.090625 0.209375 0.2796875 0.209375 0.2796875 0.45625 0.090625 0.45625
1 0.115625 0.6328125 0.3171875 0.6328125 0.3171875 0.878125 0.115625 0.878125
1 0.3546875 0.5953125 0.4921875 0.5953125 0.4921875 0.7875 0.3546875 0.7875
1 0.5625 0.5796875 0.7765625 0.5796875 0.7765625 0.8578125 0.5625 0.8578125
1 0.90625 0.3515625 0.996875 0.3515625 0.996875 0.571875 0.90625 0.571875
1 0.39375 0.2515625 0.6265625 0.2515625 0.6265625 0.553125 0.39375 0.553125
1 0.5546875 0.196875 0.7828125 0.196875 0.7828125 0.5 0.5546875 0.5
1 0.5546875 0.0796875 0.775 0.0796875 0.775 0.3484375 0.5546875 0.3484375
1 0.234375 0.3734375 0.4453125 0.3734375 0.4453125 0.653125 0.234375 0.653125
1 0.175 0.421875 0.3015625 0.421875 0.3015625 0.5875 0.175 0.5875
1 0.4796875 0.88125 0.696875 0.88125 0.696875 1 0.4796875 1
1 0.8828125 0.61875 0.9984375 0.61875 0.9984375 0.7703125 0.8828125 0.7703125
1 0.9078125 0.003125 0.9984375 0.003125 0.9984375 0.15625 0.9078125 0.15625
1 0.665625 0.0703125 0.8703125 0.0703125 0.8703125 0.2953125 0.665625 0.2953125
1 0.81875 0.159375 0.91875 0.159375 0.91875 0.284375 0.81875 0.284375
1 0 0.5625 0.1203125 0.5625 0.1203125 0.7984375 0 0.7984375
1 0.04375 0 0.25 0 0.25 0.2 0.04375 0.2
0 0.2015625 0.7265625 0.23125 0.7265625 0.23125 0.775 0.2015625 0.775
0 0.4078125 0.66875 0.434375 0.66875 0.434375 0.7015625 0.4078125 0.7015625
0 0.64375 0.6859375 0.7015625 0.6859375 0.7015625 0.765625 0.64375 0.765625
0 0.628125 0.290625 0.7046875 0.290625 0.7046875 0.39375 0.628125 0.39375
0 0.6359375 0.1734375 0.7125 0.1734375 0.7125 0.2640625 0.6359375 0.2640625
0 0.728125 0.115625 0.821875 0.115625 0.821875 0.21875 0.728125 0.21875
0 0.9640625 0.4109375 0.996875 0.4109375 0.996875 0.521875 0.9640625 0.521875
0 0.3046875 0.4515625 0.378125 0.4515625 0.378125 0.5578125 0.3046875 0.5578125
0 0.171875 0.3078125 0.215625 0.3078125 0.215625 0.3625 0.171875 0.3625
0 0.2171875 0.475 0.2484375 0.475 0.2484375 0.515625 0.2171875 0.515625
0 0.0046875 0.6546875 0.0359375 0.6546875 0.0359375 0.703125 0.0046875 0.703125
0 0.4671875 0.34375 0.546875 0.34375 0.546875 0.45 0.4671875 0.45
0 0.85 0.196875 0.88125 0.196875 0.88125 0.2375 0.85 0.2375
0 0.975 0.034375 0.9984375 0.034375 0.9984375 0.0875 0.975 0.0875