1 0.1296875 0 0.5265625 0 0.5265625 0.34375 0.1296875 0.34375
1 0.5828125 0.184375 0.828125 0.184375 0.828125 0.4171875 0.5828125 0.4171875
1 0.378125 0.3328125 0.746875 0.3328125 0.746875 0.675 0.378125 0.675
1 0.5765625 0.39375 0.93125 0.39375 0.93125 0.7703125 0.5765625 0.7703125
1 0 0.2203125 0.3265625 0.2203125 0.3265625 0.5640625 0 0.5640625
1 0.0546875 0.4203125 0.3125 0.4203125 0.3125 0.6765625 0.0546875 0.6765625
1 0.065625 0.7625 0.4546875 0.7625 0.4546875 0.9984375 0.065625 0.9984375
1 0.390625 0.81875 0.734375 0.81875 0.734375 1 0.390625 1
1 0.7453125 0.73125 0.996875 0.73125 0.996875 0.9984375 0.7453125 0.9984375
1 0.25 0.2625 0.5625 0.2625 0.5625 0.5890625 0.25 0.5890625
1 0.825 0.21875 0.9984375 0.21875 0.9984375 0.559375 0.825 0.559375
0 0.6578125 0.2984375 0.734375 0.2984375 0.734375 0.3703125 0.6578125 0.3703125
0 0.275 0.1359375 0.378125 0.1359375 0.378125 0.2265625 0.275 0.2265625
0 0.0796875 0.3484375 0.16875 0.3484375 0.16875 0.4421875 0.0796875 0.4421875
0 0.159375 0.5265625 0.2125 0.5265625 0.2125 0.5765625 0.159375 0.5765625
0 0.6828125 0.5359375 0.78125 0.5359375 0.78125 0.6328125 0.6828125 0.6328125
0 0.5109375 0.465625 0.6015625 0.465625 0.6015625 0.5546875 0.5109375 0.5546875
0 0.878125 0.878125 0.9703125 0.878125 0.9703125 0.9703125 0.878125 0.9703125
0 0.5 0.9390625 0.584375 0.9390625 0.584375 0.9953125 0.5 0.9953125
0 0.2078125 0.8828125 0.3046875 0.8828125 0.3046875 0.96875 0.2078125 0.96875
0 0.9609375 0.3609375 0.996875 0.3609375 0.996875 0.440625 0.9609375 0.440625