1 0.3 0.065625 0.828125 0.065625 0.828125 0.5453125 0.3 0.5453125
1 0.565625 0.4265625 0.9328125 0.4265625 0.9328125 0.8359375 0.565625 0.8359375
1 0.2390625 0.35625 0.7703125 0.35625 0.7703125 0.946875 0.2390625 0.946875
1 0.2890625 0.5140625 0.89375 0.5140625 0.89375 1 0.2890625 1
1 0.04375 0.015625 0.534375 0.015625 0.534375 0.5421875 0.04375 0.5421875
1 0 0.1546875 0.403125 0.1546875 0.403125 0.6125 0 0.6125
1 0 0.4453125 0.2484375 0.4453125 0.2484375 0.90625 0 0.90625
1 0.0234375 0.6921875 0.4359375 0.6921875 0.4359375 1 0.0234375 1
1 0.3078125 0.9234375 0.671875 0.9234375 0.671875 1 0.3078125 1
1 0.21875 0.225 0.671875 0.225 0.671875 0.7328125 0.21875 0.7328125
1 0.6359375 0.615625 0.9640625 0.615625 0.9640625 1 0.6359375 1
0 0.6625 0.5828125 0.775 0.5828125 0.775 0.709375 0.6625 0.709375
0 0.484375 0.1796875 0.6234375 0.1796875 0.6234375 0.3328125 0.484375 0.3328125
0 0.1890625 0.15625 0.3296875 0.15625 0.3296875 0.315625 0.1890625 0.315625
0 0.1578125 0.3421875 0.2375 0.3421875 0.2375 0.43125 0.1578125 0.43125
0 0.503125 0.759375 0.64375 0.759375 0.64375 0.915625 0.503125 0.915625
0 0.4296875 0.5765625 0.5625 0.5765625 0.5625 0.725 0.4296875 0.725
0 0.115625 0.8765625 0.228125 0.8765625 0.228125 0.9984375 0.115625 0.9984375
0 0 0.6171875 0.05625 0.6171875 0.05625 0.75625 0 0.75625
0 0.8359375 0.859375 0.921875 0.859375 0.921875 0.9609375 0.8359375 0.9609375