1 0.1421875 0 0.5171875 0 0.5171875 0.33125 0.1421875 0.33125
1 0.58125 0.18125 0.8296875 0.18125 0.8296875 0.4203125 0.58125 0.4203125
1 0.38125 0.3359375 0.74375 0.3359375 0.74375 0.671875 0.38125 0.671875
1 0.559375 0.375 0.9484375 0.375 0.9484375 0.7890625 0.559375 0.7890625
1 0.0046875 0.2234375 0.321875 0.2234375 0.321875 0.5609375 0.0046875 0.5609375
1 0.0484375 0.4140625 0.3203125 0.4140625 0.3203125 0.6828125 0.0484375 0.6828125
1 0.071875 0.7765625 0.4453125 0.7765625 0.4453125 0.9953125 0.071875 0.9953125
1 0.3875 0.8125 0.7375 0.8125 0.7375 0.996875 0.3875 0.996875
1 0.7546875 0.7421875 1 0.7421875 1 0.9984375 0.7546875 0.9984375
1 0.2609375 0.2703125 0.5515625 0.2703125 0.5515625 0.58125 0.2609375 0.58125
1 0.8125 0.2171875 0.996875 0.2171875 0.996875 0.565625 0.8125 0.565625
0 0.6578125 0.2984375 0.734375 0.2984375 0.734375 0.3703125 0.6578125 0.3703125
0 0.2765625 0.1390625 0.375 0.1390625 0.375 0.2234375 0.2765625 0.2234375
0 0.078125 0.346875 0.16875 0.346875 0.16875 0.4421875 0.078125 0.4421875
0 0.159375 0.5265625 0.2125 0.5265625 0.2125 0.5765625 0.159375 0.5765625
0 0.6859375 0.5375 0.7796875 0.5375 0.7796875 0.63125 0.6859375 0.63125
0 0.5125 0.465625 0.6015625 0.465625 0.6015625 0.553125 0.5125 0.553125
0 0.878125 0.878125 0.971875 0.878125 0.971875 0.971875 0.878125 0.971875
0 0.4984375 0.9375 0.5859375 0.9375 0.5859375 0.996875 0.4984375 0.996875
0 0.2109375 0.8859375 0.3015625 0.8859375 0.3015625 0.965625 0.2109375 0.965625
0 0.9609375 0.359375 0.996875 0.359375 0.996875 0.440625 0.9609375 0.440625