1 0.0390625 0 0.51875 0 0.51875 0.415625 0.0390625 0.415625
1 0.5109375 0.0515625 0.8484375 0.0515625 0.8484375 0.38125 0.5109375 0.38125
1 0.3625 0.225 0.8359375 0.225 0.8359375 0.678125 0.3625 0.678125
1 0.5703125 0.2296875 1 0.2296875 1 0.7171875 0.5703125 0.7171875
1 0.01875 0.2234375 0.409375 0.2234375 0.409375 0.678125 0.01875 0.678125
1 0.0671875 0.4203125 0.428125 0.4203125 0.428125 0.778125 0.0671875 0.778125
1 0.1796875 0.71875 0.6359375 0.71875 0.6359375 0.9921875 0.1796875 0.9921875
1 0.50625 0.6921875 0.9125 0.6921875 0.9125 0.96875 0.50625 0.96875
1 0.84375 0.559375 1 0.559375 1 0.878125 0.84375 0.878125
1 0.240625 0.2265625 0.6125 0.2265625 0.6125 0.6125 0.240625 0.6125
1 0.75625 0.0484375 1 0.0484375 1 0.446875 0.75625 0.446875
0 0.6328125 0.20625 0.7265625 0.20625 0.7265625 0.2953125 0.6328125 0.2953125
0 0.2171875 0.1484375 0.3421875 0.1484375 0.3421875 0.2625 0.2171875 0.2625
0 0.0828125 0.4046875 0.2078125 0.4046875 0.2078125 0.53125 0.0828125 0.53125
0 0.2171875 0.56875 0.284375 0.56875 0.284375 0.634375 0.2171875 0.634375
0 0.725 0.4234375 0.8453125 0.4234375 0.8453125 0.5421875 0.725 0.5421875
0 0.5375 0.4015625 0.653125 0.4015625 0.653125 0.515625 0.5375 0.515625
0 0.6609375 0.8640625 0.759375 0.8640625 0.759375 0.94375 0.6609375 0.94375
0 0.36875 0.8921875 0.4765625 0.8921875 0.4765625 0.9796875 0.36875 0.9796875
0 0.9390625 0.190625 1 0.190625 1 0.2828125 0.9390625 0.2828125