1 0.3296875 0 0.8640625 0 0.8640625 0.375 0.3296875 0.375
1 0.625 0.2421875 0.9703125 0.2421875 0.9703125 0.6078125 0.625 0.6078125
1 0.3 0.2296875 0.8125 0.2296875 0.8125 0.7703125 0.3 0.7703125
1 0.3859375 0.3984375 0.915625 0.3984375 0.915625 0.959375 0.3859375 0.959375
1 0.084375 0 0.5671875 0 0.5671875 0.425 0.084375 0.425
1 0.0546875 0.109375 0.4265625 0.109375 0.4265625 0.5015625 0.0546875 0.5015625
1 0.009375 0.3796875 0.309375 0.3796875 0.309375 0.8390625 0.009375 0.8390625
1 0.1 0.6265625 0.484375 0.6265625 0.484375 0.99375 0.1 0.99375
1 0.3671875 0.7765625 0.7375 0.7765625 0.7375 0.971875 0.3671875 0.971875
1 0.2578125 0.0984375 0.71875 0.0984375 0.71875 0.5875 0.2578125 0.5875
1 0.7125 0.425 1 0.425 1 0.81875 0.7125 0.81875
0 0.7140625 0.3890625 0.821875 0.3890625 0.821875 0.503125 0.7140625 0.503125
0 0.5171875 0.025 0.6578125 0.025 0.6578125 0.1734375 0.5171875 0.1734375
0 0.228125 0.075 0.3609375 0.075 0.3609375 0.215625 0.228125 0.215625
0 0.2015625 0.26875 0.2765625 0.26875 0.2765625 0.3484375 0.2015625 0.3484375
0 0.5625 0.59375 0.703125 0.59375 0.703125 0.7421875 0.5625 0.7421875
0 0.4828125 0.43125 0.6140625 0.43125 0.6140625 0.5703125 0.4828125 0.5703125
0 0.1875 0.8046875 0.290625 0.8046875 0.290625 0.9109375 0.1875 0.9109375
0 0.0140625 0.58125 0.115625 0.58125 0.115625 0.7171875 0.0140625 0.7171875
0 0.8984375 0.625 0.9796875 0.625 0.9796875 0.7140625 0.8984375 0.7140625