1 0.134375 0 0.521875 0 0.521875 0.3390625 0.134375 0.3390625
1 0.571875 0.171875 0.8390625 0.171875 0.8390625 0.4296875 0.571875 0.4296875
1 0.375 0.328125 0.75 0.328125 0.75 0.68125 0.375 0.68125
1 0.571875 0.3875 0.9359375 0.3875 0.9359375 0.7765625 0.571875 0.7765625
1 0 0.209375 0.3390625 0.209375 0.3390625 0.5765625 0 0.5765625
1 0.0421875 0.4078125 0.325 0.4078125 0.325 0.6890625 0.0421875 0.6890625
1 0.0609375 0.7546875 0.4578125 0.7546875 0.4578125 0.9984375 0.0609375 0.9984375
1 0.384375 0.8078125 0.740625 0.8078125 0.740625 0.996875 0.384375 0.996875
1 0.753125 0.7390625 0.9984375 0.7390625 0.9984375 0.9984375 0.753125 0.9984375
1 0.2625 0.271875 0.55 0.271875 0.55 0.5796875 0.2625 0.5796875
1 0.8125 0.2171875 0.996875 0.2171875 0.996875 0.565625 0.8125 0.565625
0 0.659375 0.3 0.7328125 0.3 0.7328125 0.36875 0.659375 0.36875
0 0.275 0.1375 0.3765625 0.1375 0.3765625 0.225 0.275 0.225
0 0.075 0.34375 0.171875 0.34375 0.171875 0.4453125 0.075 0.4453125
0 0.159375 0.5265625 0.2125 0.5265625 0.2125 0.5765625 0.159375 0.5765625
0 0.6859375 0.5375 0.7796875 0.5375 0.7796875 0.63125 0.6859375 0.63125
0 0.5109375 0.465625 0.6015625 0.465625 0.6015625 0.5546875 0.5109375 0.5546875
0 0.8796875 0.8796875 0.96875 0.8796875 0.96875 0.96875 0.8796875 0.96875
0 0.5 0.9390625 0.584375 0.9390625 0.584375 0.9953125 0.5 0.9953125
0 0.2125 0.8875 0.3015625 0.8875 0.3015625 0.9640625 0.2125 0.9640625
0 0.959375 0.359375 0.996875 0.359375 0.996875 0.440625 0.959375 0.440625