1 0 0 0.4609375 0 0.4609375 0.4796875 0 0.4796875
1 0.415625 0.0171875 0.7859375 0.0171875 0.7859375 0.3765625 0.415625 0.3765625
1 0.2625 0.19375 0.7765625 0.19375 0.7765625 0.690625 0.2625 0.690625
1 0.4671875 0.16875 0.98125 0.16875 0.98125 0.6953125 0.4671875 0.6953125
1 0 0.259375 0.353125 0.259375 0.353125 0.7515625 0 0.7515625
1 0 0.4484375 0.365625 0.4484375 0.365625 0.8375 0 0.8375
1 0.0984375 0.7078125 0.5765625 0.7078125 0.5765625 0.9875 0.0984375 0.9875
1 0.4203125 0.6375 0.84375 0.6375 0.84375 0.965625 0.4203125 0.965625
1 0.7484375 0.4734375 0.95625 0.4734375 0.95625 0.815625 0.7484375 0.815625
1 0.1421875 0.228125 0.553125 0.228125 0.553125 0.6453125 0.1421875 0.6453125
1 0.653125 0 0.9828125 0 0.9828125 0.4015625 0.653125 0.4015625
0 0.55 0.1828125 0.6515625 0.1828125 0.6515625 0.28125 0.55 0.28125
0 0.134375 0.1859375 0.26875 0.1859375 0.26875 0.3125 0.134375 0.3125
0 0 0.4609375 0.1359375 0.4609375 0.1359375 0.596875 0 0.596875
0 0.134375 0.609375 0.2078125 0.609375 0.2078125 0.68125 0.134375 0.68125
0 0.640625 0.378125 0.771875 0.378125 0.771875 0.5078125 0.640625 0.5078125
0 0.453125 0.3875 0.5796875 0.3875 0.5796875 0.5109375 0.453125 0.5109375
0 0.5796875 0.828125 0.684375 0.828125 0.684375 0.915625 0.5796875 0.915625
0 0.2875 0.9 0.403125 0.9 0.403125 0.9734375 0.2875 0.9734375
0 0.8546875 0.1234375 0.928125 0.1234375 0.928125 0.21875 0.8546875 0.21875