1 0.05625 0.009375 0.5375 0.009375 0.5375 0.471875 0.05625 0.471875
1 0.5453125 0.2078125 0.846875 0.2078125 0.846875 0.5140625 0.5453125 0.5140625
1 0.3796875 0.34375 0.83125 0.34375 0.83125 0.7953125 0.3796875 0.7953125
1 0.5875 0.403125 1 0.403125 1 0.8859375 0.5875 0.8859375
1 0.021875 0.25 0.3953125 0.25 0.3953125 0.6859375 0.021875 0.6859375
1 0.0875 0.4578125 0.4078125 0.4578125 0.4078125 0.790625 0.0875 0.790625
1 0.178125 0.78125 0.6203125 0.78125 0.6203125 1 0.178125 1
1 0.5109375 0.8375 0.896875 0.8375 0.896875 1 0.5109375 1
1 0.834375 0.7546875 1 0.7546875 1 1 0.834375 1
1 0.2390625 0.284375 0.63125 0.284375 0.63125 0.7046875 0.2390625 0.7046875
1 0.7875 0.2484375 1 0.2484375 1 0.6421875 0.7875 0.6421875
0 0.646875 0.3484375 0.7421875 0.3484375 0.7421875 0.4421875 0.646875 0.4421875
0 0.234375 0.1890625 0.359375 0.1890625 0.359375 0.3109375 0.234375 0.3109375
0 0.0953125 0.409375 0.2078125 0.409375 0.2078125 0.5296875 0.0953125 0.5296875
0 0.2171875 0.59375 0.2828125 0.59375 0.2828125 0.659375 0.2171875 0.659375
0 0.7296875 0.584375 0.8515625 0.584375 0.8515625 0.709375 0.7296875 0.709375
0 0.54375 0.5171875 0.6578125 0.5171875 0.6578125 0.6328125 0.54375 0.6328125
0 0.65 0.996875 0.746875 0.996875 0.746875 1 0.65 1
0 0.3515625 0.94375 0.4671875 0.94375 0.4671875 1 0.3515625 1
0 0.95625 0.409375 1 0.409375 1 0.5 0.95625 0.5