1 0.290625 0.0078125 0.79375 0.0078125 0.79375 0.390625 0.290625 0.390625
1 0.61875 0.2953125 0.9640625 0.2953125 0.9640625 0.6390625 0.61875 0.6390625
1 0.3125 0.30625 0.8125 0.30625 0.8125 0.8 0.3125 0.8
1 0.4015625 0.4390625 0.9671875 0.4390625 0.9671875 1 0.4015625 1
1 0.0515625 0.0015625 0.5125 0.0015625 0.5125 0.4671875 0.0515625 0.4671875
1 0.025 0.18125 0.409375 0.18125 0.409375 0.565625 0.025 0.565625
1 0.0109375 0.4984375 0.3234375 0.4984375 0.3234375 0.89375 0.0109375 0.89375
1 0.15 0.7046875 0.553125 0.7046875 0.553125 1 0.15 1
1 0.4625 0.8546875 0.8109375 0.8546875 0.8109375 1 0.4625 1
1 0.259375 0.184375 0.68125 0.184375 0.68125 0.615625 0.259375 0.615625
1 0.7359375 0.453125 1 0.453125 1 0.8546875 0.7359375 0.8546875
0 0.7125 0.4375 0.81875 0.4375 0.81875 0.5421875 0.7125 0.5421875
0 0.465625 0.0890625 0.5953125 0.0890625 0.5953125 0.2171875 0.465625 0.2171875
0 0.1796875 0.146875 0.3125 0.146875 0.3125 0.2796875 0.1796875 0.2796875
0 0.18125 0.340625 0.2546875 0.340625 0.2546875 0.415625 0.18125 0.415625
0 0.5984375 0.6484375 0.73125 0.6484375 0.73125 0.7828125 0.5984375 0.7828125
0 0.4921875 0.490625 0.6171875 0.490625 0.6171875 0.6171875 0.4921875 0.6171875
0 0.2484375 0.871875 0.35625 0.871875 0.35625 0.9734375 0.2484375 0.9734375
0 0.01875 0.665625 0.1421875 0.665625 0.1421875 0.7859375 0.01875 0.7859375
0 0.9328125 0.659375 1 0.659375 1 0.75 0.9328125 0.75