1 0.0390625 0.00625 0.653125 0.00625 0.653125 0.54375 0.0390625 0.54375
1 0 0.225 0.6875 0.225 0.6875 0.9140625 0 0.9140625
1 0.3 0.5046875 0.9296875 0.5046875 0.9296875 1 0.3 1
1 0.3515625 0.8625 0.7578125 0.8625 0.7578125 1 0.3515625 1
1 0.06875 0.6578125 0.5890625 0.6578125 0.5890625 1 0.06875 1
1 0 0.2203125 0.3453125 0.2203125 0.3453125 0.75625 0 0.75625
1 0.58125 0.1421875 0.9953125 0.1421875 0.9953125 0.690625 0.58125 0.690625
1 0.371875 0.31875 0.9859375 0.31875 0.9859375 0.93125 0.371875 0.93125
1 0.2140625 0.0234375 0.8640625 0.0234375 0.8640625 0.4890625 0.2140625 0.4890625
1 0.0578125 0.6390625 0.60625 0.6390625 0.60625 1 0.0578125 1
1 0 0.421875 0.3078125 0.421875 0.3078125 0.9234375 0 0.9234375
0 0.225 0.1390625 0.3765625 0.1390625 0.3765625 0.28125 0.225 0.28125
0 0.840625 0.384375 0.984375 0.384375 0.984375 0.5375 0.840625 0.5375
0 0.25625 0.4953125 0.4296875 0.4953125 0.4296875 0.6640625 0.25625 0.6640625
0 0.540625 0.7171875 0.7109375 0.7171875 0.7109375 0.88125 0.540625 0.88125
0 0.209375 0.83125 0.3546875 0.83125 0.3546875 0.975 0.209375 0.975
0 0 0.58125 0.0734375 0.58125 0.0734375 0.703125 0 0.703125
0 0 0.36875 0.065625 0.36875 0.065625 0.5109375 0 0.5109375
0 0.49375 0.1640625 0.628125 0.1640625 0.628125 0.2921875 0.49375 0.2921875