1 0 0.1671875 0.475 0.1671875 0.475 0.8234375 0 0.8234375
1 0.0796875 0.340625 0.7796875 0.340625 0.7796875 1 0.0796875 1
1 0.4734375 0.3375 0.9921875 0.3375 0.9921875 0.9640625 0.4734375 0.9640625
1 0.7375 0.6578125 0.9828125 0.6578125 0.9828125 1 0.7375 1
1 0.43125 0.6734375 0.959375 0.6734375 0.959375 1 0.43125 1
1 0 0.553125 0.475 0.553125 0.475 1 0 1
1 0.29375 0.0578125 0.8640625 0.0578125 0.8640625 0.49375 0.29375 0.49375
1 0.3359375 0.1328125 0.9921875 0.1328125 0.9921875 0.7984375 0.3359375 0.7984375
1 0 0 0.534375 0 0.534375 0.6140625 0 0.6140625
1 0.4421875 0.69375 0.95625 0.69375 0.95625 1 0.4421875 1
1 0.109375 0.7453125 0.6140625 0.7453125 0.6140625 1 0.109375 1
0 0.0421875 0.43125 0.1796875 0.43125 0.1796875 0.5703125 0.0421875 0.5703125
0 0.553125 0.1046875 0.715625 0.1046875 0.715625 0.265625 0.553125 0.265625
0 0.3578125 0.63125 0.525 0.63125 0.525 0.80625 0.3578125 0.80625
0 0.684375 0.553125 0.8515625 0.553125 0.8515625 0.728125 0.684375 0.728125
0 0.60625 0.9015625 0.7578125 0.9015625 0.7578125 1 0.60625 1
0 0.25625 0.9578125 0.390625 0.9578125 0.390625 1 0.25625 1
0 0.0765625 0.8078125 0.221875 0.8078125 0.221875 0.98125 0.0765625 0.98125
0 0.19375 0.2421875 0.3203125 0.2421875 0.3203125 0.375 0.19375 0.375