1 0.0140625 0.00625 0.578125 0.00625 0.578125 0.55 0.0140625 0.55
1 0.065625 0.3015625 0.70625 0.3015625 0.70625 0.8984375 0.065625 0.8984375
1 0.446875 0.5109375 1 0.5109375 1 1 0.446875 1
1 0.5515625 0.8484375 0.934375 0.8484375 0.934375 1 0.5515625 1
1 0.2359375 0.7171875 0.7359375 0.7171875 0.7359375 1 0.2359375 1
1 0.00625 0.3375 0.3421875 0.3375 0.3421875 0.828125 0.00625 0.828125
1 0.575 0.075 1 0.075 1 0.540625 0.575 0.540625
1 0.4390625 0.3015625 1 0.3015625 1 0.8109375 0.4390625 0.8109375
1 0.153125 0.0140625 0.759375 0.0140625 0.759375 0.4140625 0.153125 0.4140625
1 0.2375 0.7359375 0.728125 0.7359375 0.728125 1 0.2375 1
1 0.009375 0.56875 0.375 0.56875 0.375 0.9890625 0.009375 0.9890625
0 0.171875 0.20625 0.303125 0.20625 0.303125 0.3125 0.171875 0.3125
0 0.821875 0.26875 0.971875 0.26875 0.971875 0.403125 0.821875 0.403125
0 0.3203125 0.5390625 0.4734375 0.5390625 0.4734375 0.678125 0.3203125 0.678125
0 0.6546875 0.6765625 0.8078125 0.6765625 0.8078125 0.8140625 0.6546875 0.8140625
0 0.3765625 0.8734375 0.515625 0.8734375 0.515625 1 0.3765625 1
0 0.0390625 0.7078125 0.1671875 0.7078125 0.1671875 0.8125 0.0390625 0.8125
0 0.009375 0.4953125 0.09375 0.4953125 0.09375 0.6375 0.009375 0.6375
0 0.425 0.1546875 0.54375 0.1546875 0.54375 0.2578125 0.425 0.2578125