1 0 0.1265625 0.46875 0.1265625 0.46875 0.4953125 0 0.4953125
1 0.128125 0.3890625 0.665625 0.3890625 0.665625 0.8015625 0.128125 0.8015625
1 0.5125 0.459375 0.9984375 0.459375 0.9984375 0.825 0.5125 0.825
1 0.66875 0.775 0.9984375 0.775 0.9984375 0.9984375 0.66875 0.9984375
1 0.34375 0.753125 0.78125 0.753125 0.78125 0.9984375 0.34375 0.9984375
1 0 0.45625 0.3125 0.45625 0.3125 0.85625 0 0.85625
1 0.534375 0.003125 0.996875 0.003125 0.996875 0.3296875 0.534375 0.3296875
1 0.4609375 0.26875 0.9984375 0.26875 0.9984375 0.603125 0.4609375 0.603125
1 0.09375 0 0.6390625 0 0.6390625 0.3125 0.09375 0.3125
1 0.33125 0.740625 0.79375 0.740625 0.79375 0.996875 0.33125 0.996875
1 0 0.6875 0.409375 0.6875 0.409375 0.996875 0 0.996875
0 0.11875 0.271875 0.2390625 0.271875 0.2390625 0.3515625 0.11875 0.3515625
0 0.7578125 0.1265625 0.8859375 0.1265625 0.8859375 0.215625 0.7578125 0.215625
0 0.340625 0.55 0.475 0.55 0.475 0.65 0.340625 0.65
0 0.690625 0.575 0.8234375 0.575 0.8234375 0.671875 0.690625 0.671875
0 0.8375 0.915625 0.984375 0.915625 0.984375 0.9984375 0.8375 0.9984375
0 0.475 0.8640625 0.5859375 0.8640625 0.5859375 0.9515625 0.475 0.9515625
0 0.1078125 0.8109375 0.21875 0.8109375 0.21875 0.8765625 0.1078125 0.8765625
0 0.003125 0.625 0.0953125 0.625 0.0953125 0.728125 0.003125 0.728125
0 0.3484375 0.140625 0.4546875 0.140625 0.4546875 0.215625 0.3484375 0.215625