1 0.009375 0.06875 0.5484375 0.06875 0.5484375 0.5265625 0.009375 0.5265625
1 0.1171875 0.35 0.7359375 0.35 0.7359375 0.8671875 0.1171875 0.8671875
1 0.5046875 0.49375 1 0.49375 1 0.953125 0.5046875 0.953125
1 0.6609375 0.834375 1 0.834375 1 1 0.6609375 1
1 0.3359375 0.7515625 0.81875 0.7515625 0.81875 1 0.3359375 1
1 0.028125 0.3953125 0.3765625 0.3953125 0.3765625 0.8515625 0.028125 0.8515625
1 0.5546875 0.05 1 0.05 1 0.4609375 0.5546875 0.4609375
1 0.4671875 0.296875 1 0.296875 1 0.7328125 0.4671875 0.7328125
1 0.11875 0.0078125 0.721875 0.0078125 0.721875 0.378125 0.11875 0.378125
1 0.321875 0.7359375 0.83125 0.7359375 0.83125 1 0.321875 1
1 0.04375 0.625 0.4546875 0.625 0.4546875 1 0.04375 1
0 0.1546875 0.2359375 0.290625 0.2359375 0.290625 0.3390625 0.1546875 0.3390625
0 0.8015625 0.2140625 0.946875 0.2140625 0.946875 0.3296875 0.8015625 0.3296875
0 0.3609375 0.553125 0.5140625 0.553125 0.5140625 0.678125 0.3609375 0.678125
0 0.7109375 0.6453125 0.8609375 0.6453125 0.8609375 0.765625 0.7109375 0.765625
0 0.4796875 0.8875 0.60625 0.8875 0.60625 0.996875 0.4796875 0.996875
0 0.11875 0.765625 0.2421875 0.765625 0.2421875 0.8515625 0.11875 0.8515625
0 0.0390625 0.5625 0.1296875 0.5625 0.1296875 0.6828125 0.0390625 0.6828125
0 0.39375 0.153125 0.5125 0.153125 0.5125 0.246875 0.39375 0.246875