1 0 0.1484375 0.4765625 0.1484375 0.4765625 0.6640625 0 0.6640625
1 0.1015625 0.334375 0.7578125 0.334375 0.7578125 0.9125 0.1015625 0.9125
1 0.4859375 0.290625 0.9984375 0.290625 0.9984375 0.8140625 0.4859375 0.8140625
1 0.7375 0.5921875 0.996875 0.5921875 0.996875 0.9171875 0.7375 0.9171875
1 0.43125 0.65 0.9234375 0.65 0.9234375 1 0.43125 1
1 0.0078125 0.5234375 0.4296875 0.5234375 0.4296875 0.996875 0.0078125 0.996875
1 0.3625 0 0.915625 0 0.915625 0.334375 0.3625 0.334375
1 0.375 0.1078125 1 0.1078125 1 0.6234375 0.375 0.6234375
1 0 0 0.5828125 0 0.5828125 0.4703125 0 0.4703125
1 0.415625 0.6359375 0.9328125 0.6359375 0.9328125 1 0.415625 1
1 0.084375 0.7171875 0.5640625 0.7171875 0.5640625 1 0.084375 1
0 0.0640625 0.371875 0.2 0.371875 0.2 0.4796875 0.0640625 0.4796875
0 0.6171875 0.015625 0.775 0.015625 0.775 0.1515625 0.6171875 0.1515625
0 0.3640625 0.559375 0.51875 0.559375 0.51875 0.690625 0.3640625 0.690625
0 0.7046875 0.4703125 0.85625 0.4703125 0.85625 0.5953125 0.7046875 0.5953125
0 0.9546875 0.7421875 0.9953125 0.7421875 0.9953125 0.859375 0.9546875 0.859375
0 0.5859375 0.8125 0.7265625 0.8125 0.7265625 0.940625 0.5859375 0.940625
0 0.221875 0.88125 0.3546875 0.88125 0.3546875 0.9890625 0.221875 0.9890625
0 0.0671875 0.7515625 0.1859375 0.7515625 0.1859375 0.878125 0.0671875 0.878125
0 0.2390625 0.175 0.3625 0.175 0.3625 0.2796875 0.2390625 0.2796875