1 0.0453125 0.0015625 0.66875 0.0015625 0.66875 0.5078125 0.0453125 0.5078125
1 0 0.2125 0.696875 0.2125 0.696875 0.871875 0 0.871875
1 0.2984375 0.46875 0.9375 0.46875 0.9375 1 0.2984375 1
1 0.3515625 0.8265625 0.7625 0.8265625 0.7625 1 0.3515625 1
1 0.0765625 0.646875 0.5875 0.646875 0.5875 1 0.0765625 1
1 0 0.2140625 0.34375 0.2140625 0.34375 0.7203125 0 0.7203125
1 0.5828125 0.0984375 0.996875 0.0984375 0.996875 0.6359375 0.5828125 0.6359375
1 0.36875 0.278125 0.9890625 0.278125 0.9890625 0.8765625 0.36875 0.8765625
1 0.2125 0.00625 0.8765625 0.00625 0.8765625 0.446875 0.2125 0.446875
1 0.0671875 0.63125 0.6046875 0.63125 0.6046875 1 0.0671875 1
1 0 0.4203125 0.2984375 0.4203125 0.2984375 0.890625 0 0.890625
0 0.2359375 0.1203125 0.38125 0.1203125 0.38125 0.2484375 0.2359375 0.2484375
0 0.8421875 0.325 0.9875 0.325 0.9875 0.48125 0.8421875 0.48125
0 0.265625 0.4765625 0.43125 0.4765625 0.43125 0.6265625 0.265625 0.6265625
0 0.55 0.68125 0.7109375 0.68125 0.7109375 0.8265625 0.55 0.8265625
0 0.209375 0.8046875 0.3640625 0.8046875 0.3640625 0.95 0.209375 0.95
0 0 0.56875 0.08125 0.56875 0.08125 0.69375 0 0.69375
0 0 0.359375 0.0703125 0.359375 0.0703125 0.496875 0 0.496875
0 0.5015625 0.128125 0.6359375 0.128125 0.6359375 0.2484375 0.5015625 0.2484375