1 0 0.1203125 0.4765625 0.1203125 0.4765625 0.5015625 0 0.5015625
1 0.125 0.384375 0.6703125 0.384375 0.6703125 0.8078125 0.125 0.8078125
1 0.5078125 0.45 0.9984375 0.45 0.9984375 0.834375 0.5078125 0.834375
1 0.6640625 0.7703125 0.9984375 0.7703125 0.9984375 0.9984375 0.6640625 0.9984375
1 0.346875 0.7546875 0.7796875 0.7546875 0.7796875 0.9984375 0.346875 0.9984375
1 0 0.459375 0.3078125 0.459375 0.3078125 0.853125 0 0.853125
1 0.5296875 0 0.996875 0 0.996875 0.3359375 0.5296875 0.3359375
1 0.4546875 0.2578125 0.996875 0.2578125 0.996875 0.615625 0.4546875 0.615625
1 0.0890625 0 0.646875 0 0.646875 0.3265625 0.0890625 0.3265625
1 0.334375 0.7453125 0.790625 0.7453125 0.790625 0.996875 0.334375 0.996875
1 0 0.696875 0.4015625 0.696875 0.4015625 0.9984375 0 0.9984375
0 0.11875 0.2734375 0.2375 0.2734375 0.2375 0.3484375 0.11875 0.3484375
0 0.75625 0.121875 0.8875 0.121875 0.8875 0.2203125 0.75625 0.2203125
0 0.34375 0.553125 0.4734375 0.553125 0.4734375 0.646875 0.34375 0.646875
0 0.69375 0.5796875 0.8203125 0.5796875 0.8203125 0.66875 0.69375 0.66875
0 0.840625 0.921875 0.9796875 0.921875 0.9796875 0.9984375 0.840625 0.9984375
0 0.471875 0.859375 0.5875 0.859375 0.5875 0.95625 0.471875 0.95625
0 0.10625 0.80625 0.221875 0.80625 0.221875 0.88125 0.10625 0.88125
0 0.0046875 0.625 0.09375 0.625 0.09375 0.728125 0.0046875 0.728125
0 0.3484375 0.140625 0.4546875 0.140625 0.4546875 0.215625 0.3484375 0.215625