1 0 0.115625 0.4765625 0.115625 0.4765625 0.5078125 0 0.5078125
1 0.125 0.384375 0.6703125 0.384375 0.6703125 0.8078125 0.125 0.8078125
1 0.5171875 0.4671875 0.996875 0.4671875 0.996875 0.8171875 0.5171875 0.8171875
1 0.6640625 0.7703125 0.9984375 0.7703125 0.9984375 0.9984375 0.6640625 0.9984375
1 0.3390625 0.74375 0.7859375 0.74375 0.7859375 0.9984375 0.3390625 0.9984375
1 0 0.45625 0.3125 0.45625 0.3125 0.85625 0 0.85625
1 0.534375 0.003125 0.996875 0.003125 0.996875 0.3296875 0.534375 0.3296875
1 0.459375 0.2671875 1 0.2671875 1 0.60625 0.459375 0.60625
1 0.0953125 0 0.6359375 0 0.6359375 0.309375 0.0953125 0.309375
1 0.3421875 0.7625 0.784375 0.7625 0.784375 0.9984375 0.3421875 0.9984375
1 0 0.696875 0.403125 0.696875 0.403125 0.996875 0 0.996875
0 0.1203125 0.2765625 0.2359375 0.2765625 0.2359375 0.3453125 0.1203125 0.3453125
0 0.7578125 0.1234375 0.8875 0.1234375 0.8875 0.2171875 0.7578125 0.2171875
0 0.3421875 0.5515625 0.4734375 0.5515625 0.4734375 0.6484375 0.3421875 0.6484375
0 0.690625 0.575 0.8234375 0.575 0.8234375 0.671875 0.690625 0.671875
0 0.8390625 0.91875 0.9828125 0.91875 0.9828125 0.9984375 0.8390625 0.9984375
0 0.471875 0.859375 0.5875 0.859375 0.5875 0.95625 0.471875 0.95625
0 0.10625 0.8109375 0.2203125 0.8109375 0.2203125 0.878125 0.10625 0.878125
0 0 0.6203125 0.1015625 0.6203125 0.1015625 0.7328125 0 0.7328125
0 0.35 0.14375 0.453125 0.14375 0.453125 0.2125 0.35 0.2125