1 0.346875 0.1640625 0.7296875 0.1640625 0.7296875 0.5453125 0.346875 0.5453125
1 0.59375 0.1734375 0.978125 0.1734375 0.978125 0.5625 0.59375 0.5625
1 0.409375 0 0.778125 0 0.778125 0.2625 0.409375 0.2625
1 0.3046875 0.0359375 0.5578125 0.0359375 0.5578125 0.2765625 0.3046875 0.2765625
1 0.0546875 0.0015625 0.3234375 0.0015625 0.3234375 0.3125 0.0546875 0.3125
1 0.221875 0.4 0.5140625 0.4 0.5140625 0.690625 0.221875 0.690625
1 0.2703125 0.6296875 0.590625 0.6296875 0.590625 0.953125 0.2703125 0.953125
1 0.3328125 0.7203125 0.6453125 0.7203125 0.6453125 0.975 0.3328125 0.975
1 0.0359375 0.61875 0.3828125 0.61875 0.3828125 0.95625 0.0359375 0.95625
1 0 0.5125 0.2625 0.5125 0.2625 0.7984375 0 0.7984375
1 0.8484375 0.3203125 0.9859375 0.3203125 0.9859375 0.5546875 0.8484375 0.5546875
1 0.1578125 0.1546875 0.3796875 0.1546875 0.3796875 0.3796875 0.1578125 0.3796875
1 0 0.2375 0.2890625 0.2375 0.2890625 0.534375 0 0.534375
0 0.31875 0.5109375 0.4140625 0.5109375 0.4140625 0.60625 0.31875 0.60625
0 0.73125 0.29375 0.8421875 0.29375 0.8421875 0.4078125 0.73125 0.4078125
0 0.4953125 0.290625 0.603125 0.290625 0.603125 0.3953125 0.4953125 0.3953125
0 0.3984375 0.0859375 0.4765625 0.0859375 0.4765625 0.1578125 0.3984375 0.1578125
0 0.109375 0.0640625 0.19375 0.0640625 0.19375 0.1609375 0.109375 0.1609375
0 0.08125 0.584375 0.171875 0.584375 0.171875 0.675 0.08125 0.675
0 0.1640625 0.715625 0.265625 0.715625 0.265625 0.81875 0.1640625 0.81875
0 0.390625 0.75 0.475 0.75 0.475 0.8359375 0.390625 0.8359375
0 0.44375 0.815625 0.5296875 0.815625 0.5296875 0.903125 0.44375 0.903125
0 0.1 0.325 0.1859375 0.325 0.1859375 0.415625 0.1 0.415625
0 0.5625 0.01875 0.6609375 0.01875 0.6609375 0.115625 0.5625 0.115625