1 0.3609375 0.25625 0.64375 0.25625 0.64375 0.5078125 0.3609375 0.5078125
1 0.5984375 0.16875 0.884375 0.16875 0.884375 0.440625 0.5984375 0.440625
1 0.29375 0.0140625 0.5734375 0.0140625 0.5734375 0.228125 0.29375 0.228125
1 0.20625 0.159375 0.415625 0.159375 0.415625 0.3265625 0.20625 0.3265625
1 0 0.209375 0.16875 0.209375 0.16875 0.4515625 0 0.4515625
1 0.315625 0.5140625 0.5421875 0.5140625 0.5421875 0.7125 0.315625 0.7125
1 0.484375 0.7046875 0.7171875 0.7046875 0.7171875 0.9171875 0.484375 0.9171875
1 0.5796875 0.7609375 0.8078125 0.7609375 0.8078125 0.9765625 0.5796875 0.9765625
1 0.259375 0.7796875 0.521875 0.7796875 0.521875 0.9984375 0.259375 0.9984375
1 0.1421875 0.709375 0.3515625 0.709375 0.3515625 0.89375 0.1421875 0.89375
1 0.8625 0.2109375 0.996875 0.2109375 0.996875 0.396875 0.8625 0.396875
1 0.1296875 0.325 0.2890625 0.325 0.2890625 0.4765625 0.1296875 0.4765625
1 0.0359375 0.45 0.2546875 0.45 0.2546875 0.6546875 0.0359375 0.6546875
0 0.3984375 0.5921875 0.4703125 0.5921875 0.4703125 0.6578125 0.3984375 0.6578125
0 0.6953125 0.25 0.771875 0.25 0.771875 0.3265625 0.6953125 0.3265625
0 0.465625 0.33125 0.55 0.33125 0.55 0.4015625 0.465625 0.4015625
0 0.26875 0.1859375 0.334375 0.1859375 0.334375 0.234375 0.26875 0.234375
0 0.003125 0.265625 0.05625 0.265625 0.05625 0.3421875 0.003125 0.3421875
0 0.2078125 0.74375 0.275 0.74375 0.275 0.80625 0.2078125 0.80625
0 0.3515625 0.834375 0.4234375 0.834375 0.4234375 0.8984375 0.3515625 0.8984375
0 0.5671875 0.78125 0.6375 0.78125 0.6375 0.840625 0.5671875 0.840625
0 0.6515625 0.8203125 0.715625 0.8203125 0.715625 0.8828125 0.6515625 0.8828125
0 0.103125 0.503125 0.1734375 0.503125 0.1734375 0.571875 0.103125 0.571875
0 0.403125 0.065625 0.4765625 0.065625 0.4765625 0.1296875 0.403125 0.1296875