1 0.309375 0.25625 0.684375 0.25625 0.684375 0.625 0.309375 0.625
1 0.4953125 0.1234375 0.8796875 0.1234375 0.8796875 0.5109375 0.4953125 0.5109375
1 0.1546875 0.0328125 0.509375 0.0328125 0.509375 0.3609375 0.1546875 0.3609375
1 0.13125 0.215625 0.4015625 0.215625 0.4015625 0.46875 0.13125 0.46875
1 0.0265625 0.325 0.21875 0.325 0.21875 0.628125 0.0265625 0.628125
1 0.3703125 0.5390625 0.6671875 0.5390625 0.6671875 0.8296875 0.3703125 0.8296875
1 0.5984375 0.6921875 0.909375 0.6921875 0.909375 0.9984375 0.5984375 0.9984375
1 0.709375 0.7296875 1 0.7296875 1 1 0.709375 1
1 0.41875 0.8 0.7546875 0.8 0.7546875 1 0.41875 1
1 0.284375 0.771875 0.5609375 0.771875 0.5609375 1 0.284375 1
1 0.7609375 0.1609375 0.9640625 0.1609375 0.9640625 0.4 0.7609375 0.4
1 0.1265625 0.409375 0.340625 0.409375 0.340625 0.625 0.1265625 0.625
1 0.0859375 0.5328125 0.378125 0.5328125 0.378125 0.8265625 0.0859375 0.8265625
0 0.4796875 0.646875 0.5765625 0.646875 0.5765625 0.7421875 0.4796875 0.7421875
0 0.621875 0.2484375 0.7265625 0.2484375 0.7265625 0.3578125 0.621875 0.3578125
0 0.440625 0.3734375 0.55 0.3734375 0.55 0.478125 0.440625 0.478125
0 0.203125 0.2734375 0.2859375 0.2734375 0.2859375 0.3484375 0.203125 0.3484375
0 0.034375 0.4140625 0.06875 0.4140625 0.06875 0.50625 0.034375 0.50625
0 0.3625 0.8359375 0.4515625 0.8359375 0.4515625 0.925 0.3625 0.925
0 0.5296875 0.8953125 0.625 0.8953125 0.625 0.990625 0.5296875 0.990625
0 0.7109375 0.8015625 0.8015625 0.8015625 0.8015625 0.8890625 0.7109375 0.8890625
0 0.8015625 0.8234375 0.890625 0.8234375 0.890625 0.9125 0.8015625 0.9125
0 0.1734375 0.61875 0.2671875 0.61875 0.2671875 0.715625 0.1734375 0.715625
0 0.28125 0.125 0.378125 0.125 0.378125 0.2203125 0.28125 0.2203125