1 0.3578125 0.253125 0.646875 0.253125 0.646875 0.5109375 0.3578125 0.5109375
1 0.5984375 0.16875 0.8828125 0.16875 0.8828125 0.4390625 0.5984375 0.4390625
1 0.2890625 0.00625 0.578125 0.00625 0.578125 0.234375 0.2890625 0.234375
1 0.2109375 0.165625 0.4109375 0.165625 0.4109375 0.3203125 0.2109375 0.3203125
1 0 0.209375 0.1703125 0.209375 0.1703125 0.4515625 0 0.4515625
1 0.31875 0.515625 0.5390625 0.515625 0.5390625 0.7109375 0.31875 0.7109375
1 0.4796875 0.7 0.7203125 0.7 0.7203125 0.921875 0.4796875 0.921875
1 0.578125 0.7578125 0.8109375 0.7578125 0.8109375 0.9796875 0.578125 0.9796875
1 0.2578125 0.7765625 0.525 0.7765625 0.525 0.996875 0.2578125 0.996875
1 0.1375 0.70625 0.3546875 0.70625 0.3546875 0.8984375 0.1375 0.8984375
1 0.8609375 0.2109375 0.996875 0.2109375 0.996875 0.396875 0.8609375 0.396875
1 0.128125 0.321875 0.290625 0.321875 0.290625 0.478125 0.128125 0.478125
1 0.0359375 0.45 0.2546875 0.45 0.2546875 0.6546875 0.0359375 0.6546875
0 0.3984375 0.5921875 0.4703125 0.5921875 0.4703125 0.6578125 0.3984375 0.6578125
0 0.69375 0.2484375 0.7734375 0.2484375 0.7734375 0.328125 0.69375 0.328125
0 0.465625 0.3328125 0.55 0.3328125 0.55 0.4 0.465625 0.4
0 0.2703125 0.1875 0.3328125 0.1875 0.3328125 0.23125 0.2703125 0.23125
0 0.003125 0.265625 0.05625 0.265625 0.05625 0.3421875 0.003125 0.3421875
0 0.2078125 0.74375 0.275 0.74375 0.275 0.80625 0.2078125 0.80625
0 0.3484375 0.83125 0.425 0.83125 0.425 0.9015625 0.3484375 0.9015625
0 0.5703125 0.7828125 0.634375 0.7828125 0.634375 0.840625 0.5703125 0.840625
0 0.6515625 0.8203125 0.715625 0.8203125 0.715625 0.88125 0.6515625 0.88125
0 0.1078125 0.5046875 0.1703125 0.5046875 0.1703125 0.5703125 0.1078125 0.5703125
0 0.403125 0.065625 0.4765625 0.065625 0.4765625 0.1296875 0.403125 0.1296875