1 0.271875 0.2546875 0.653125 0.2546875 0.653125 0.671875 0.271875 0.671875
1 0.465625 0.125 0.825 0.125 0.825 0.5234375 0.465625 0.5234375
1 0.109375 0.0375 0.4703125 0.0375 0.4703125 0.4140625 0.109375 0.4140625
1 0.0984375 0.2375 0.3625 0.2375 0.3625 0.5171875 0.0984375 0.5171875
1 0.009375 0.3765625 0.1828125 0.3765625 0.1828125 0.6796875 0.009375 0.6796875
1 0.3578125 0.559375 0.634375 0.559375 0.634375 0.8578125 0.3578125 0.8578125
1 0.5859375 0.69375 0.884375 0.69375 0.884375 1 0.5859375 1
1 0.6828125 0.709375 1 0.709375 1 1 0.6828125 1
1 0.4109375 0.8078125 0.7453125 0.8078125 0.7453125 1 0.4109375 1
1 0.2609375 0.7765625 0.559375 0.7765625 0.559375 1 0.2609375 1
1 0.70625 0.1421875 0.9203125 0.1421875 0.9203125 0.4109375 0.70625 0.4109375
1 0.09375 0.4328125 0.3171875 0.4328125 0.3171875 0.6828125 0.09375 0.6828125
1 0.0609375 0.5546875 0.3625 0.5546875 0.3625 0.890625 0.0609375 0.890625
0 0.459375 0.66875 0.55 0.66875 0.55 0.76875 0.459375 0.76875
0 0.5828125 0.25625 0.6796875 0.25625 0.6796875 0.365625 0.5828125 0.365625
0 0.4078125 0.3890625 0.5140625 0.3890625 0.5140625 0.5046875 0.4078125 0.5046875
0 0.16875 0.30625 0.2484375 0.30625 0.2484375 0.3859375 0.16875 0.3859375
0 0.0109375 0.46875 0.0390625 0.46875 0.0390625 0.5609375 0.0109375 0.5609375
0 0.3515625 0.86875 0.4375 0.86875 0.4375 0.9640625 0.3515625 0.9640625
0 0.51875 0.915625 0.6125 0.915625 0.6125 1 0.51875 1
0 0.6953125 0.809375 0.7796875 0.809375 0.7796875 0.903125 0.6953125 0.903125
0 0.784375 0.8265625 0.8703125 0.8265625 0.8703125 0.921875 0.784375 0.921875
0 0.1546875 0.659375 0.246875 0.659375 0.246875 0.7625 0.1546875 0.7625
0 0.2375 0.15 0.3328125 0.15 0.3328125 0.253125 0.2375 0.253125