1 0.35625 0.2515625 0.6484375 0.2515625 0.6484375 0.5125 0.35625 0.5125
1 0.6046875 0.1765625 0.8765625 0.1765625 0.8765625 0.43125 0.6046875 0.43125
1 0.290625 0.0078125 0.5765625 0.0078125 0.5765625 0.2328125 0.290625 0.2328125
1 0.20625 0.159375 0.415625 0.159375 0.415625 0.3265625 0.20625 0.3265625
1 0.0015625 0.2140625 0.159375 0.2140625 0.159375 0.446875 0.0015625 0.446875
1 0.321875 0.5203125 0.5359375 0.5203125 0.5359375 0.70625 0.321875 0.70625
1 0.4859375 0.709375 0.7140625 0.709375 0.7140625 0.9140625 0.4859375 0.9140625
1 0.571875 0.753125 0.815625 0.753125 0.815625 0.984375 0.571875 0.984375
1 0.259375 0.7796875 0.521875 0.7796875 0.521875 0.9984375 0.259375 0.9984375
1 0.1328125 0.6984375 0.3609375 0.6984375 0.3609375 0.9046875 0.1328125 0.9046875
1 0.85625 0.20625 0.9984375 0.20625 0.9984375 0.4015625 0.85625 0.4015625
1 0.125 0.3203125 0.29375 0.3203125 0.29375 0.48125 0.125 0.48125
1 0.03125 0.4453125 0.259375 0.4453125 0.259375 0.659375 0.03125 0.659375
0 0.3984375 0.59375 0.46875 0.59375 0.46875 0.65625 0.3984375 0.65625
0 0.696875 0.253125 0.76875 0.253125 0.76875 0.325 0.696875 0.325
0 0.465625 0.33125 0.55 0.33125 0.55 0.4015625 0.465625 0.4015625
0 0.26875 0.1875 0.334375 0.1875 0.334375 0.2328125 0.26875 0.2328125
0 0.0046875 0.2671875 0.053125 0.2671875 0.053125 0.340625 0.0046875 0.340625
0 0.2078125 0.7453125 0.2734375 0.7453125 0.2734375 0.8046875 0.2078125 0.8046875
0 0.3515625 0.834375 0.4234375 0.834375 0.4234375 0.8984375 0.3515625 0.8984375
0 0.5703125 0.7828125 0.634375 0.7828125 0.634375 0.840625 0.5703125 0.840625
0 0.6515625 0.8203125 0.715625 0.8203125 0.715625 0.88125 0.6515625 0.88125
0 0.1046875 0.5046875 0.171875 0.5046875 0.171875 0.571875 0.1046875 0.571875
0 0.4046875 0.065625 0.4765625 0.065625 0.4765625 0.1296875 0.4046875 0.1296875