1 0.2046875 0.1625 0.61875 0.1625 0.61875 0.56875 0.2046875 0.56875
1 0.390625 0 0.78125 0 0.78125 0.3546875 0.390625 0.3546875
1 0.034375 0.009375 0.4203125 0.009375 0.4203125 0.38125 0.034375 0.38125
1 0.034375 0.2296875 0.31875 0.2296875 0.31875 0.503125 0.034375 0.503125
1 0 0.4234375 0.1515625 0.4234375 0.1515625 0.71875 0 0.71875
1 0.30625 0.45 0.6046875 0.45 0.6046875 0.7421875 0.30625 0.7421875
1 0.5390625 0.4953125 0.8609375 0.4953125 0.8609375 0.8125 0.5390625 0.8125
1 0.634375 0.4734375 0.9609375 0.4734375 0.9609375 0.81875 0.634375 0.81875
1 0.3734375 0.665625 0.73125 0.665625 0.73125 0.965625 0.3734375 0.965625
1 0.221875 0.696875 0.54375 0.696875 0.54375 0.978125 0.221875 0.978125
1 0.6296875 0 0.86875 0 0.86875 0.1796875 0.6296875 0.1796875
1 0.0390625 0.4328125 0.2828125 0.4328125 0.2828125 0.675 0.0390625 0.675
1 0.0109375 0.5515625 0.3390625 0.5515625 0.3390625 0.878125 0.0109375 0.878125
0 0.415625 0.5546875 0.5140625 0.5546875 0.5140625 0.6515625 0.415625 0.6515625
0 0.51875 0.1 0.6234375 0.1 0.6234375 0.20625 0.51875 0.20625
0 0.3515625 0.29375 0.465625 0.29375 0.465625 0.40625 0.3515625 0.40625
0 0.109375 0.3046875 0.1953125 0.3046875 0.1953125 0.384375 0.109375 0.384375
0 0.31875 0.7921875 0.4109375 0.7921875 0.4109375 0.884375 0.31875 0.884375
0 0.4859375 0.775 0.5890625 0.775 0.5890625 0.8765625 0.4859375 0.8765625
0 0.65625 0.6078125 0.7484375 0.6078125 0.7484375 0.696875 0.65625 0.696875
0 0.7453125 0.590625 0.8390625 0.590625 0.8390625 0.6828125 0.7453125 0.6828125
0 0.1140625 0.6578125 0.2125 0.6578125 0.2125 0.75625 0.1140625 0.75625
0 0.171875 0.121875 0.2734375 0.121875 0.2734375 0.2234375 0.171875 0.2234375