1 0.346875 0.0953125 0.68125 0.0953125 0.68125 0.4625 0.346875 0.4625
1 0.5921875 0.003125 0.934375 0.003125 0.934375 0.3921875 0.5921875 0.3921875
1 0.3421875 0 0.6640625 0 0.6640625 0.1765625 0.3421875 0.1765625
1 0.2359375 0.0125 0.478125 0.0125 0.478125 0.265625 0.2359375 0.265625
1 0.0078125 0.0734375 0.2265625 0.0734375 0.2265625 0.3859375 0.0078125 0.3859375
1 0.2578125 0.3703125 0.525 0.3703125 0.525 0.6609375 0.2578125 0.6609375
1 0.3765625 0.5640625 0.653125 0.5640625 0.653125 0.86875 0.3765625 0.86875
1 0.45625 0.6203125 0.7296875 0.6203125 0.7296875 0.903125 0.45625 0.903125
1 0.140625 0.634375 0.446875 0.634375 0.446875 0.9578125 0.140625 0.9578125
1 0.0484375 0.5734375 0.2953125 0.5734375 0.2953125 0.84375 0.0484375 0.84375
1 0.8609375 0.084375 0.9921875 0.084375 0.9921875 0.3171875 0.8609375 0.3171875
1 0.128125 0.190625 0.31875 0.190625 0.31875 0.4078125 0.128125 0.4078125
1 0 0.3078125 0.2578125 0.3078125 0.2578125 0.6015625 0 0.6015625
0 0.35 0.4796875 0.4359375 0.4796875 0.4359375 0.575 0.35 0.575
0 0.7125 0.1296875 0.8046875 0.1296875 0.8046875 0.2359375 0.7125 0.2359375
0 0.471875 0.2125 0.5703125 0.2125 0.5703125 0.315625 0.471875 0.315625
0 0.31875 0.0671875 0.39375 0.0671875 0.39375 0.140625 0.31875 0.140625
0 0.034375 0.153125 0.103125 0.153125 0.103125 0.253125 0.034375 0.253125
0 0.13125 0.6375 0.2125 0.6375 0.2125 0.7265625 0.13125 0.7265625
0 0.2515625 0.7265625 0.3375 0.7265625 0.3375 0.821875 0.2515625 0.821875
0 0.4765625 0.671875 0.5578125 0.671875 0.5578125 0.7609375 0.4765625 0.7609375
0 0.5484375 0.7125 0.6265625 0.7125 0.6265625 0.8015625 0.5484375 0.8015625
0 0.0828125 0.3921875 0.165625 0.3921875 0.165625 0.4890625 0.0828125 0.4890625
0 0.471875 0 0.559375 0 0.559375 0.0375 0.471875 0.0375