1 0.3546875 0.21875 0.6578125 0.21875 0.6578125 0.503125 0.3546875 0.503125
1 0.6 0.1375 0.8984375 0.1375 0.8984375 0.434375 0.6 0.434375
1 0.3015625 0 0.603125 0 0.603125 0.225 0.3015625 0.225
1 0.2203125 0.134375 0.4265625 0.134375 0.4265625 0.30625 0.2203125 0.30625
1 0 0.1765625 0.184375 0.1765625 0.184375 0.434375 0 0.434375
1 0.303125 0.484375 0.5359375 0.484375 0.5359375 0.7 0.303125 0.7
1 0.453125 0.6703125 0.7046875 0.6703125 0.7046875 0.9140625 0.453125 0.9140625
1 0.546875 0.7296875 0.7921875 0.7296875 0.7921875 0.971875 0.546875 0.971875
1 0.225 0.7421875 0.5046875 0.7421875 0.5046875 0.9875 0.225 0.9875
1 0.1125 0.671875 0.3390625 0.671875 0.3390625 0.884375 0.1125 0.884375
1 0.8609375 0.1890625 0.9984375 0.1890625 0.9984375 0.3859375 0.8609375 0.3859375
1 0.1265625 0.290625 0.2984375 0.290625 0.2984375 0.4625 0.1265625 0.4625
1 0.0234375 0.4140625 0.2546875 0.4140625 0.2546875 0.6390625 0.0234375 0.6390625
0 0.3859375 0.5671875 0.4609375 0.5671875 0.4609375 0.6390625 0.3859375 0.6390625
0 0.7 0.2265625 0.784375 0.2265625 0.784375 0.3140625 0.7 0.3140625
0 0.4671875 0.3078125 0.55625 0.3078125 0.55625 0.384375 0.4671875 0.384375
0 0.284375 0.1609375 0.3484375 0.1609375 0.3484375 0.2109375 0.284375 0.2109375
0 0.009375 0.2375 0.0671875 0.2375 0.0671875 0.31875 0.009375 0.31875
0 0.1875 0.7171875 0.2578125 0.7171875 0.2578125 0.7859375 0.1875 0.7859375
0 0.3234375 0.80625 0.403125 0.80625 0.403125 0.8828125 0.3234375 0.8828125
0 0.546875 0.759375 0.615625 0.759375 0.615625 0.8234375 0.546875 0.8234375
0 0.6265625 0.8 0.69375 0.8 0.69375 0.8671875 0.6265625 0.8671875
0 0.1 0.478125 0.1671875 0.478125 0.1671875 0.5484375 0.1 0.5484375
0 0.421875 0.040625 0.5 0.040625 0.5 0.1125 0.421875 0.1125