1 0.08125 0.2375 0.3 0.2375 0.3 0.459375 0.08125 0.459375
1 0.5734375 0.659375 0.815625 0.659375 0.815625 0.9046875 0.5734375 0.9046875
1 0.53125 0.45 0.740625 0.45 0.740625 0.6609375 0.53125 0.6609375
1 0.3 0.2875 0.628125 0.2875 0.628125 0.6 0.3 0.6
1 0.5515625 0.2796875 0.8078125 0.2796875 0.8078125 0.54375 0.5515625 0.54375
1 0.8828125 0.521875 0.996875 0.521875 0.996875 0.7453125 0.8828125 0.7453125
1 0.85625 0.6546875 0.990625 0.6546875 0.990625 0.7890625 0.85625 0.7890625
1 0.6484375 0.1734375 0.9765625 0.1734375 0.9765625 0.4515625 0.6484375 0.4515625
1 0.165625 0.1578125 0.4203125 0.1578125 0.4203125 0.396875 0.165625 0.396875
1 0.3859375 0.2359375 0.6453125 0.2359375 0.6453125 0.4921875 0.3859375 0.4921875
1 0.334375 0.0609375 0.6578125 0.0609375 0.6578125 0.371875 0.334375 0.371875
0 0.6375 0.71875 0.7234375 0.71875 0.7234375 0.8015625 0.6375 0.8015625
0 0.615625 0.55 0.6859375 0.55 0.6859375 0.621875 0.615625 0.621875
0 0.434375 0.4203125 0.5390625 0.4203125 0.5390625 0.5171875 0.434375 0.5171875
0 0.434375 0.321875 0.5203125 0.321875 0.5203125 0.4078125 0.434375 0.4078125
0 0.175 0.33125 0.2453125 0.33125 0.2453125 0.4046875 0.175 0.4046875
1 0.3296875 0.453125 0.4640625 0.453125 0.4640625 0.5828125 0.3296875 0.5828125