1 0.0859375 0.2390625 0.3140625 0.2390625 0.3140625 0.459375 0.0859375 0.459375
1 0.6015625 0.646875 0.846875 0.646875 0.846875 0.8875 0.6015625 0.8875
1 0.553125 0.446875 0.75625 0.446875 0.75625 0.6375 0.553125 0.6375
1 0.3140625 0.2890625 0.6390625 0.2890625 0.6390625 0.584375 0.3140625 0.584375
1 0.553125 0.2625 0.825 0.2625 0.825 0.53125 0.553125 0.53125
1 0.89375 0.49375 1 0.49375 1 0.721875 0.89375 0.721875
1 0.8828125 0.6359375 1 0.6359375 1 0.7625 0.8828125 0.7625
1 0.6515625 0.165625 0.9796875 0.165625 0.9796875 0.4203125 0.6515625 0.4203125
1 0.1671875 0.159375 0.428125 0.159375 0.428125 0.3921875 0.1671875 0.3921875
1 0.3921875 0.228125 0.6546875 0.228125 0.6546875 0.4796875 0.3921875 0.4796875
1 0.340625 0.0671875 0.653125 0.0671875 0.653125 0.346875 0.340625 0.346875
0 0.6671875 0.7078125 0.75 0.7078125 0.75 0.7828125 0.6671875 0.7828125
0 0.634375 0.5375 0.7046875 0.5375 0.7046875 0.60625 0.634375 0.60625
0 0.4421875 0.4078125 0.5578125 0.4078125 0.5578125 0.5125 0.4421875 0.5125
0 0.4390625 0.3125 0.53125 0.3125 0.53125 0.4 0.4390625 0.4
0 0.184375 0.3328125 0.25625 0.3328125 0.25625 0.4046875 0.184375 0.4046875
1 0.346875 0.4515625 0.48125 0.4515625 0.48125 0.575 0.346875 0.575