1 0.0625 0.4390625 0.2375 0.4390625 0.2375 0.578125 0.0625 0.578125
1 0.690625 0.5203125 0.8796875 0.5203125 0.8796875 0.671875 0.690625 0.671875
1 0.540625 0.3765625 0.7046875 0.3765625 0.7046875 0.490625 0.540625 0.490625
1 0.2875 0.353125 0.559375 0.353125 0.559375 0.5171875 0.2875 0.5171875
1 0.48125 0.1984375 0.6890625 0.1984375 0.6890625 0.371875 0.48125 0.371875
1 0.884375 0.215625 0.9984375 0.215625 0.9984375 0.40625 0.884375 0.40625
1 0.890625 0.375 0.996875 0.375 0.996875 0.4515625 0.890625 0.4515625
1 0.4875 0.0765625 0.8015625 0.0765625 0.8015625 0.1703125 0.4875 0.1703125
1 0.0875 0.3265625 0.309375 0.3265625 0.309375 0.4515625 0.0875 0.4515625
1 0.321875 0.2609375 0.53125 0.2609375 0.53125 0.4125 0.321875 0.4125
1 0.203125 0.1453125 0.4671875 0.1453125 0.4671875 0.296875 0.203125 0.296875
0 0.728125 0.5625 0.7953125 0.5625 0.7953125 0.60625 0.728125 0.60625
0 0.621875 0.4296875 0.678125 0.4296875 0.678125 0.4734375 0.621875 0.4734375
0 0.40625 0.415625 0.503125 0.415625 0.503125 0.4734375 0.40625 0.4734375
0 0.3578125 0.3328125 0.43125 0.3328125 0.43125 0.3859375 0.3578125 0.3859375
0 0.1484375 0.4921875 0.2046875 0.4921875 0.2046875 0.5375 0.1484375 0.5375
1 0.3515625 0.503125 0.4625 0.503125 0.4625 0.571875 0.3515625 0.571875