1 0.0875 0.49375 0.2984375 0.49375 0.2984375 0.6671875 0.0875 0.6671875
1 0.715625 0.434375 0.94375 0.434375 0.94375 0.6234375 0.715625 0.6234375
1 0.534375 0.3328125 0.725 0.3328125 0.725 0.4796875 0.534375 0.4796875
1 0.28125 0.340625 0.59375 0.340625 0.59375 0.559375 0.28125 0.559375
1 0.428125 0.1625 0.6796875 0.1625 0.6796875 0.375 0.428125 0.375
1 0.8234375 0.1125 0.9859375 0.1125 0.9859375 0.3234375 0.8234375 0.3234375
1 0.8734375 0.26875 0.996875 0.26875 0.996875 0.365625 0.8734375 0.365625
1 0.4 0.01875 0.7375 0.01875 0.7375 0.178125 0.4 0.178125
1 0.0828125 0.3671875 0.334375 0.3671875 0.334375 0.5375 0.0828125 0.5375
1 0.290625 0.25625 0.5375 0.25625 0.5375 0.45 0.290625 0.45
1 0.1453125 0.1578125 0.446875 0.1578125 0.446875 0.3625 0.1453125 0.3625
0 0.765625 0.4953125 0.84375 0.4953125 0.84375 0.5515625 0.765625 0.5515625
0 0.628125 0.390625 0.69375 0.390625 0.69375 0.44375 0.628125 0.44375
0 0.415625 0.4140625 0.525 0.4140625 0.525 0.490625 0.415625 0.490625
0 0.346875 0.3484375 0.434375 0.3484375 0.434375 0.415625 0.346875 0.415625
0 0.1875 0.5515625 0.2546875 0.5515625 0.2546875 0.6078125 0.1875 0.6078125
1 0.384375 0.5078125 0.5125 0.5078125 0.5125 0.6 0.384375 0.6