1 0.0640625 0.4421875 0.2375 0.4421875 0.2375 0.5765625 0.0640625 0.5765625
1 0.690625 0.5203125 0.8796875 0.5203125 0.8796875 0.671875 0.690625 0.671875
1 0.5375 0.371875 0.7078125 0.371875 0.7078125 0.496875 0.5375 0.496875
1 0.2859375 0.35 0.5625 0.35 0.5625 0.5203125 0.2859375 0.5203125
1 0.4859375 0.203125 0.684375 0.203125 0.684375 0.36875 0.4859375 0.36875
1 0.890625 0.21875 0.9984375 0.21875 0.9984375 0.403125 0.890625 0.403125
1 0.890625 0.3734375 0.9984375 0.3734375 0.9984375 0.453125 0.890625 0.453125
1 0.4875 0.0703125 0.8015625 0.0703125 0.8015625 0.178125 0.4875 0.178125
1 0.0875 0.3265625 0.309375 0.3265625 0.309375 0.4515625 0.0875 0.4515625
1 0.321875 0.2609375 0.53125 0.2609375 0.53125 0.4125 0.321875 0.4125
1 0.1984375 0.1359375 0.471875 0.1359375 0.471875 0.30625 0.1984375 0.30625
0 0.7265625 0.5609375 0.796875 0.5609375 0.796875 0.609375 0.7265625 0.609375
0 0.621875 0.4296875 0.678125 0.4296875 0.678125 0.4734375 0.621875 0.4734375
0 0.409375 0.4203125 0.5 0.4203125 0.5 0.46875 0.409375 0.46875
0 0.359375 0.3359375 0.43125 0.3359375 0.43125 0.384375 0.359375 0.384375
0 0.1484375 0.4921875 0.2046875 0.4921875 0.2046875 0.5375 0.1484375 0.5375
1 0.35 0.5015625 0.4625 0.5015625 0.4625 0.5734375 0.35 0.5734375