1 0.0921875 0.5578125 0.3015625 0.5578125 0.3015625 0.7734375 0.0921875 0.7734375
1 0.6671875 0.225 0.9109375 0.225 0.9109375 0.478125 0.6671875 0.478125
1 0.4640625 0.215625 0.66875 0.215625 0.66875 0.4234375 0.4640625 0.4234375
1 0.2359375 0.2859375 0.553125 0.2859375 0.553125 0.596875 0.2359375 0.596875
1 0.3296875 0.0875 0.5890625 0.0875 0.5890625 0.359375 0.3296875 0.359375
1 0.690625 0 0.8765625 0 0.8765625 0.1390625 0.690625 0.1390625
1 0.7671875 0.040625 0.9 0.040625 0.9 0.178125 0.7671875 0.178125
1 0.2609375 0 0.5953125 0 0.5953125 0.20625 0.2609375 0.20625
1 0.0515625 0.41875 0.3046875 0.41875 0.3046875 0.6625 0.0515625 0.6625
1 0.225 0.2375 0.4703125 0.2375 0.4703125 0.4859375 0.225 0.4859375
1 0.0515625 0.1671875 0.3703125 0.1671875 0.3703125 0.4796875 0.0515625 0.4796875
0 0.721875 0.3171875 0.803125 0.3171875 0.803125 0.396875 0.721875 0.396875
0 0.5671875 0.284375 0.63125 0.284375 0.63125 0.35 0.5671875 0.35
0 0.371875 0.3765625 0.48125 0.3765625 0.48125 0.4828125 0.371875 0.4828125
0 0.2859375 0.3515625 0.378125 0.3515625 0.378125 0.4453125 0.2859375 0.4453125
0 0.184375 0.6171875 0.259375 0.6171875 0.259375 0.69375 0.184375 0.69375
1 0.3609375 0.4625 0.503125 0.4625 0.503125 0.60625 0.3609375 0.60625