1 0.0484375 0.4953125 0.246875 0.4953125 0.246875 0.6703125 0.0484375 0.6703125
1 0.6796875 0.4796875 0.8984375 0.4796875 0.8984375 0.6734375 0.6796875 0.6734375
1 0.5046875 0.3578125 0.696875 0.3578125 0.696875 0.521875 0.5046875 0.521875
1 0.25 0.353125 0.559375 0.353125 0.559375 0.5875 0.25 0.5875
1 0.4234375 0.1921875 0.653125 0.1921875 0.653125 0.403125 0.4234375 0.403125
1 0.8234375 0.1671875 0.9671875 0.1671875 0.9671875 0.375 0.8234375 0.375
1 0.8515625 0.321875 0.9734375 0.321875 0.9734375 0.425 0.8515625 0.425
1 0.4015625 0.0390625 0.734375 0.0390625 0.734375 0.2203125 0.4015625 0.2203125
1 0.053125 0.36875 0.296875 0.36875 0.296875 0.5453125 0.053125 0.5453125
1 0.2703125 0.271875 0.509375 0.271875 0.509375 0.471875 0.2703125 0.471875
1 0.128125 0.1546875 0.4328125 0.1546875 0.4328125 0.3875 0.128125 0.3875
0 0.7234375 0.5359375 0.803125 0.5359375 0.803125 0.6015625 0.7234375 0.6015625
0 0.5984375 0.4265625 0.6625 0.4265625 0.6625 0.48125 0.5984375 0.48125
0 0.3875 0.4390625 0.4859375 0.4390625 0.4859375 0.509375 0.3875 0.509375
0 0.321875 0.3671875 0.403125 0.3671875 0.403125 0.43125 0.321875 0.43125
0 0.14375 0.55625 0.20625 0.55625 0.20625 0.6125 0.14375 0.6125
1 0.3421875 0.525 0.46875 0.525 0.46875 0.6234375 0.3421875 0.6234375