1 0.0671875 0.4453125 0.2328125 0.4453125 0.2328125 0.571875 0.0671875 0.571875
1 0.690625 0.5203125 0.8796875 0.5203125 0.8796875 0.671875 0.690625 0.671875
1 0.540625 0.375 0.70625 0.375 0.70625 0.4921875 0.540625 0.4921875
1 0.2875 0.35625 0.559375 0.35625 0.559375 0.5140625 0.2875 0.5140625
1 0.4859375 0.203125 0.684375 0.203125 0.684375 0.36875 0.4859375 0.36875
1 0.89375 0.2203125 0.9984375 0.2203125 0.9984375 0.4015625 0.89375 0.4015625
1 0.890625 0.3734375 0.9984375 0.3734375 0.9984375 0.453125 0.890625 0.453125
1 0.4859375 0.065625 0.803125 0.065625 0.803125 0.18125 0.4859375 0.18125
1 0.0890625 0.328125 0.3078125 0.328125 0.3078125 0.45 0.0890625 0.45
1 0.325 0.2671875 0.5265625 0.2671875 0.5265625 0.40625 0.325 0.40625
1 0.2 0.140625 0.471875 0.140625 0.471875 0.3015625 0.2 0.3015625
0 0.728125 0.5625 0.7953125 0.5625 0.7953125 0.60625 0.728125 0.60625
0 0.625 0.4328125 0.675 0.4328125 0.675 0.4703125 0.625 0.4703125
0 0.4078125 0.4171875 0.5015625 0.4171875 0.5015625 0.4703125 0.4078125 0.4703125
0 0.3578125 0.3328125 0.43125 0.3328125 0.43125 0.3859375 0.3578125 0.3859375
0 0.1484375 0.4921875 0.20625 0.4921875 0.20625 0.5375 0.1484375 0.5375
1 0.3484375 0.4984375 0.4640625 0.4984375 0.4640625 0.578125 0.3484375 0.578125