1 0.0890625 0.26875 0.303125 0.26875 0.303125 0.45625 0.0890625 0.45625
1 0.628125 0.6046875 0.8734375 0.6046875 0.8734375 0.825 0.628125 0.825
1 0.5578125 0.409375 0.765625 0.409375 0.765625 0.5890625 0.5578125 0.5890625
1 0.3140625 0.2828125 0.640625 0.2828125 0.640625 0.5453125 0.3140625 0.5453125
1 0.553125 0.23125 0.8140625 0.23125 0.8140625 0.4671875 0.553125 0.4671875
1 0.9171875 0.4234375 1 0.4234375 1 0.63125 0.9171875 0.63125
1 0.8984375 0.5609375 1 0.5609375 1 0.678125 0.8984375 0.678125
1 0.6265625 0.1078125 0.9734375 0.1078125 0.9734375 0.35 0.6265625 0.35
1 0.15625 0.171875 0.415625 0.171875 0.415625 0.378125 0.15625 0.378125
1 0.390625 0.21875 0.6421875 0.21875 0.6421875 0.4328125 0.390625 0.4328125
1 0.3140625 0.05 0.640625 0.05 0.640625 0.315625 0.3140625 0.315625
0 0.6921875 0.6609375 0.775 0.6609375 0.775 0.7296875 0.6921875 0.7296875
0 0.6484375 0.4984375 0.7125 0.4984375 0.7125 0.55625 0.6484375 0.55625
0 0.446875 0.390625 0.559375 0.390625 0.559375 0.4796875 0.446875 0.4796875
0 0.4328125 0.29375 0.525 0.29375 0.525 0.3734375 0.4328125 0.3734375
0 0.18125 0.3453125 0.25625 0.3453125 0.25625 0.4109375 0.18125 0.4109375
1 0.35 0.4375 0.4953125 0.4375 0.4953125 0.559375 0.35 0.559375