1 0.109375 0.4765625 0.334375 0.4765625 0.334375 0.69375 0.109375 0.69375
1 0.265625 0.5140625 0.4875 0.5140625 0.4875 0.75625 0.265625 0.75625
1 0.2328125 0.621875 0.4234375 0.621875 0.4234375 0.8453125 0.2328125 0.8453125
1 0.346875 0.6734375 0.5453125 0.6734375 0.5453125 0.896875 0.346875 0.896875
1 0.5390625 0.6140625 0.728125 0.6140625 0.728125 0.8296875 0.5390625 0.8296875
1 0.6515625 0.5453125 0.8765625 0.5453125 0.8765625 0.7984375 0.6515625 0.7984375
1 0.7921875 0.396875 0.990625 0.396875 0.990625 0.628125 0.7921875 0.628125
1 0.2328125 0.1640625 0.4359375 0.1640625 0.4359375 0.3859375 0.2328125 0.3859375
1 0.384375 0.9328125 0.5546875 0.9328125 0.5546875 1 0.384375 1
1 0.0796875 0.7578125 0.3171875 0.7578125 0.3171875 1 0.0796875 1
1 0.153125 0.8953125 0.3484375 0.8953125 0.3484375 1 0.153125 1
1 0 0.278125 0.1578125 0.278125 0.1578125 0.48125 0 0.48125
1 0 0.11875 0.1421875 0.11875 0.1421875 0.26875 0 0.26875
1 0.3125 0.0703125 0.559375 0.0703125 0.559375 0.31875 0.3125 0.31875
1 0.6140625 0.153125 0.7859375 0.153125 0.7859375 0.3296875 0.6140625 0.3296875
1 0.7453125 0.121875 0.9234375 0.121875 0.9234375 0.30625 0.7453125 0.30625
1 0.5765625 0.3796875 0.740625 0.3796875 0.740625 0.56875 0.5765625 0.56875
1 0.5390625 0.1359375 0.6875 0.1359375 0.6875 0.303125 0.5390625 0.303125
1 0.3609375 0.3 0.5453125 0.3 0.5453125 0.5296875 0.3609375 0.5296875
1 0.228125 0.3546875 0.3765625 0.3546875 0.3765625 0.5328125 0.228125 0.5328125
1 0.365625 0.4765625 0.584375 0.4765625 0.584375 0.725 0.365625 0.725
1 0.7359375 0.69375 0.8859375 0.69375 0.8859375 0.8609375 0.7359375 0.8609375
0 0.6421875 0.45 0.6859375 0.45 0.6859375 0.503125 0.6421875 0.503125
0 0.4484375 0.571875 0.509375 0.571875 0.509375 0.6421875 0.4484375 0.6421875
0 0.3453125 0.5953125 0.4078125 0.5953125 0.4078125 0.6671875 0.3453125 0.6671875
0 0.303125 0.709375 0.35625 0.709375 0.35625 0.7703125 0.303125 0.7703125
0 0.41875 0.746875 0.4859375 0.746875 0.4859375 0.821875 0.41875 0.821875
0 0.6015625 0.690625 0.6609375 0.690625 0.6609375 0.7578125 0.6015625 0.7578125
0 0.7328125 0.6390625 0.7953125 0.6390625 0.7953125 0.709375 0.7328125 0.709375
0 0.7921875 0.7484375 0.8453125 0.7484375 0.8453125 0.8078125 0.7921875 0.8078125
0 0.86875 0.465625 0.94375 0.465625 0.94375 0.534375 0.86875 0.534375
0 0.803125 0.165625 0.8671875 0.165625 0.8671875 0.2234375 0.803125 0.2234375
0 0.6734375 0.20625 0.7234375 0.20625 0.7234375 0.25625 0.6734375 0.25625
0 0.5828125 0.1921875 0.63125 0.1921875 0.63125 0.240625 0.5828125 0.240625
0 0.3953125 0.146875 0.46875 0.146875 0.46875 0.2203125 0.3953125 0.2203125
0 0.3078125 0.234375 0.3640625 0.234375 0.3640625 0.29375 0.3078125 0.29375
0 0.0203125 0.1625 0.06875 0.1625 0.06875 0.2 0.0203125 0.2
0 0.0046875 0.325 0.0828125 0.325 0.0828125 0.4109375 0.0046875 0.4109375
0 0.190625 0.534375 0.259375 0.534375 0.259375 0.6078125 0.190625 0.6078125
0 0.28125 0.4203125 0.325 0.4203125 0.325 0.475 0.28125 0.475
0 0.4234375 0.38125 0.4875 0.38125 0.4875 0.4484375 0.4234375 0.4484375
0 0.1625 0.834375 0.240625 0.834375 0.240625 0.9171875 0.1625 0.9171875
0 0.44375 0.9953125 0.4953125 0.9953125 0.4953125 1 0.44375 1
0 0.209375 0.965625 0.2765625 0.965625 0.2765625 1 0.209375 1