1 0.13125 0.4203125 0.325 0.4203125 0.325 0.5625 0.13125 0.5625
1 0.2859375 0.46875 0.4609375 0.46875 0.4609375 0.6296875 0.2859375 0.6296875
1 0.228125 0.5578125 0.384375 0.5578125 0.384375 0.7265625 0.228125 0.7265625
1 0.3359375 0.6203125 0.4953125 0.6203125 0.4953125 0.778125 0.3359375 0.778125
1 0.5328125 0.5640625 0.6984375 0.5640625 0.6984375 0.7296875 0.5328125 0.7296875
1 0.65625 0.5046875 0.8578125 0.5046875 0.8578125 0.7046875 0.65625 0.7046875
1 0.8328125 0.36875 0.9984375 0.36875 0.9984375 0.5421875 0.8328125 0.5421875
1 0.31875 0.11875 0.48125 0.11875 0.48125 0.26875 0.31875 0.26875
1 0.3203125 0.86875 0.4671875 0.86875 0.4671875 0.9984375 0.3203125 0.9984375
1 0.046875 0.696875 0.246875 0.696875 0.246875 0.8703125 0.046875 0.8703125
1 0.0859375 0.81875 0.265625 0.81875 0.265625 0.9890625 0.0859375 0.9890625
1 0.00625 0.2046875 0.1890625 0.2046875 0.1890625 0.35625 0.00625 0.35625
1 0.046875 0.05 0.2125 0.05 0.2125 0.1421875 0.046875 0.1421875
1 0.4125 0.0359375 0.6234375 0.0359375 0.6234375 0.20625 0.4125 0.20625
1 0.7015625 0.11875 0.8484375 0.11875 0.8484375 0.2421875 0.7015625 0.2421875
1 0.846875 0.103125 0.9859375 0.103125 0.9859375 0.21875 0.846875 0.21875
1 0.6234375 0.3375 0.7546875 0.3375 0.7546875 0.475 0.6234375 0.475
1 0.628125 0.0921875 0.7546875 0.0921875 0.7546875 0.2171875 0.628125 0.2171875
1 0.425 0.2578125 0.5609375 0.2578125 0.5609375 0.41875 0.425 0.41875
1 0.278125 0.2953125 0.39375 0.2953125 0.39375 0.4203125 0.278125 0.4203125
1 0.3875 0.428125 0.571875 0.428125 0.571875 0.6125 0.3875 0.6125
1 0.7203125 0.65 0.85 0.65 0.85 0.775 0.7203125 0.775
0 0.675 0.3890625 0.7125 0.3890625 0.7125 0.428125 0.675 0.428125
0 0.45625 0.5 0.509375 0.5 0.509375 0.553125 0.45625 0.553125
0 0.35 0.51875 0.4 0.51875 0.4 0.5703125 0.35 0.5703125
0 0.284375 0.6265625 0.3296875 0.6265625 0.3296875 0.671875 0.284375 0.671875
0 0.3953125 0.675 0.4484375 0.675 0.4484375 0.7234375 0.3953125 0.7234375
0 0.590625 0.6265625 0.6359375 0.6265625 0.6359375 0.671875 0.590625 0.671875
0 0.7328125 0.58125 0.78125 0.58125 0.78125 0.6328125 0.7328125 0.6328125
0 0.7734375 0.6921875 0.8125 0.6921875 0.8125 0.7328125 0.7734375 0.7328125
0 0.903125 0.421875 0.965625 0.421875 0.965625 0.4671875 0.903125 0.4671875
0 0.8921875 0.125 0.946875 0.125 0.946875 0.1609375 0.8921875 0.1609375
0 0.753125 0.153125 0.796875 0.153125 0.796875 0.1890625 0.753125 0.1890625
0 0.665625 0.134375 0.70625 0.134375 0.70625 0.16875 0.665625 0.16875
0 0.4828125 0.08125 0.55 0.08125 0.55 0.1375 0.4828125 0.1375
0 0.38125 0.1640625 0.4265625 0.1640625 0.4265625 0.2046875 0.38125 0.2046875
0 0.103125 0.075 0.1484375 0.075 0.1484375 0.0984375 0.103125 0.0984375
0 0.05625 0.2390625 0.121875 0.2390625 0.121875 0.3 0.05625 0.3
0 0.203125 0.453125 0.2625 0.453125 0.2625 0.503125 0.203125 0.503125
0 0.31875 0.3421875 0.3515625 0.3421875 0.3515625 0.3796875 0.31875 0.3796875
0 0.4703125 0.3140625 0.5203125 0.3140625 0.5203125 0.3625 0.4703125 0.3625
0 0.1203125 0.746875 0.1828125 0.746875 0.1828125 0.8046875 0.1203125 0.8046875
0 0.371875 0.9140625 0.4140625 0.9140625 0.4140625 0.95625 0.371875 0.95625
0 0.140625 0.8734375 0.1984375 0.8734375 0.1984375 0.93125 0.140625 0.93125