1 0.1265625 0.4125 0.33125 0.4125 0.33125 0.5703125 0.1265625 0.5703125
1 0.2828125 0.465625 0.465625 0.465625 0.465625 0.6328125 0.2828125 0.6328125
1 0.23125 0.5625 0.38125 0.5625 0.38125 0.7234375 0.23125 0.7234375
1 0.3375 0.621875 0.49375 0.621875 0.49375 0.778125 0.3375 0.778125
1 0.5375 0.56875 0.69375 0.56875 0.69375 0.725 0.5375 0.725
1 0.659375 0.509375 0.85625 0.509375 0.85625 0.7015625 0.659375 0.7015625
1 0.83125 0.36875 1 0.36875 1 0.5421875 0.83125 0.5421875
1 0.3203125 0.1203125 0.48125 0.1203125 0.48125 0.2671875 0.3203125 0.2671875
1 0.3203125 0.8703125 0.4671875 0.8703125 0.4671875 0.996875 0.3203125 0.996875
1 0.0453125 0.6921875 0.25 0.6921875 0.25 0.8734375 0.0453125 0.8734375
1 0.0875 0.81875 0.265625 0.81875 0.265625 0.9890625 0.0875 0.9890625
1 0.009375 0.209375 0.1875 0.209375 0.1875 0.3515625 0.009375 0.3515625
1 0.046875 0.0546875 0.2109375 0.0546875 0.2109375 0.1390625 0.046875 0.1390625
1 0.4109375 0.0359375 0.625 0.0359375 0.625 0.20625 0.4109375 0.20625
1 0.70625 0.1234375 0.8453125 0.1234375 0.8453125 0.2375 0.70625 0.2375
1 0.840625 0.0953125 0.9921875 0.0953125 0.9921875 0.225 0.840625 0.225
1 0.6265625 0.3421875 0.7515625 0.3421875 0.7515625 0.471875 0.6265625 0.471875
1 0.63125 0.096875 0.7515625 0.096875 0.7515625 0.2125 0.63125 0.2125
1 0.421875 0.2546875 0.5640625 0.2546875 0.5640625 0.4203125 0.421875 0.4203125
1 0.275 0.29375 0.3953125 0.29375 0.3953125 0.4234375 0.275 0.4234375
1 0.390625 0.43125 0.56875 0.43125 0.56875 0.609375 0.390625 0.609375
1 0.721875 0.65 0.8484375 0.65 0.8484375 0.775 0.721875 0.775
0 0.675 0.3890625 0.7125 0.3890625 0.7125 0.4296875 0.675 0.4296875
0 0.45625 0.5015625 0.5078125 0.5015625 0.5078125 0.5515625 0.45625 0.5515625
0 0.3515625 0.51875 0.4 0.51875 0.4 0.5703125 0.3515625 0.5703125
0 0.284375 0.6265625 0.3296875 0.6265625 0.3296875 0.671875 0.284375 0.671875
0 0.39375 0.6734375 0.45 0.6734375 0.45 0.725 0.39375 0.725
0 0.5890625 0.625 0.6375 0.625 0.6375 0.6734375 0.5890625 0.6734375
0 0.73125 0.58125 0.784375 0.58125 0.784375 0.634375 0.73125 0.634375
0 0.771875 0.690625 0.8140625 0.690625 0.8140625 0.734375 0.771875 0.734375
0 0.9015625 0.4203125 0.965625 0.4203125 0.965625 0.46875 0.9015625 0.46875
0 0.8921875 0.1234375 0.946875 0.1234375 0.946875 0.1609375 0.8921875 0.1609375
0 0.7546875 0.153125 0.7953125 0.153125 0.7953125 0.1890625 0.7546875 0.1890625
0 0.665625 0.134375 0.70625 0.134375 0.70625 0.1703125 0.665625 0.1703125
0 0.484375 0.084375 0.546875 0.084375 0.546875 0.134375 0.484375 0.134375
0 0.3828125 0.1640625 0.425 0.1640625 0.425 0.2046875 0.3828125 0.2046875
0 0.103125 0.075 0.1484375 0.075 0.1484375 0.0984375 0.103125 0.0984375
0 0.05625 0.2390625 0.1234375 0.2390625 0.1234375 0.3015625 0.05625 0.3015625
0 0.203125 0.453125 0.2625 0.453125 0.2625 0.503125 0.203125 0.503125
0 0.3171875 0.340625 0.353125 0.340625 0.353125 0.38125 0.3171875 0.38125
0 0.46875 0.3125 0.521875 0.3125 0.521875 0.3625 0.46875 0.3625
0 0.11875 0.74375 0.1859375 0.74375 0.1859375 0.80625 0.11875 0.80625
0 0.3734375 0.915625 0.4140625 0.915625 0.4140625 0.95625 0.3734375 0.95625
0 0.140625 0.8734375 0.1984375 0.8734375 0.1984375 0.93125 0.140625 0.93125