1 0.146875 0.353125 0.39375 0.353125 0.39375 0.56875 0.146875 0.56875
1 0.2953125 0.446875 0.5234375 0.446875 0.5234375 0.665625 0.2953125 0.665625
1 0.2359375 0.5265625 0.428125 0.5265625 0.428125 0.728125 0.2359375 0.728125
1 0.3359375 0.6140625 0.5328125 0.6140625 0.5328125 0.8125 0.3359375 0.8125
1 0.540625 0.61875 0.7390625 0.61875 0.7390625 0.8171875 0.540625 0.8171875
1 0.6609375 0.5921875 0.909375 0.5921875 0.909375 0.8390625 0.6609375 0.8390625
1 0.853125 0.50625 1 0.50625 1 0.7234375 0.853125 0.7234375
1 0.375 0.125 0.575 0.125 0.575 0.315625 0.375 0.315625
1 0.2953125 0.8484375 0.4765625 0.8484375 0.4765625 1 0.2953125 1
1 0.0484375 0.6015625 0.284375 0.6015625 0.284375 0.8359375 0.0484375 0.8359375
1 0.0609375 0.734375 0.284375 0.734375 0.284375 0.953125 0.0609375 0.953125
1 0.05625 0.125 0.271875 0.125 0.271875 0.315625 0.05625 0.315625
1 0.1234375 0.0109375 0.3078125 0.0109375 0.3078125 0.115625 0.1234375 0.115625
1 0.4703125 0.0671875 0.7296875 0.0671875 0.7296875 0.296875 0.4703125 0.296875
1 0.765625 0.2359375 0.9359375 0.2359375 0.9359375 0.3875 0.765625 0.3875
1 0.9 0.2453125 1 0.2453125 1 0.4109375 0.9 0.4109375
1 0.659375 0.4234375 0.81875 0.4234375 0.81875 0.5875 0.659375 0.5875
1 0.69375 0.1890625 0.8453125 0.1890625 0.8453125 0.3375 0.69375 0.3375
1 0.4578125 0.2828125 0.6453125 0.2828125 0.6453125 0.4875 0.4578125 0.4875
1 0.315625 0.2796875 0.4703125 0.2796875 0.4703125 0.4421875 0.315625 0.4421875
1 0.40625 0.44375 0.63125 0.44375 0.63125 0.671875 0.40625 0.671875
1 0.721875 0.746875 0.8828125 0.746875 0.8828125 0.9078125 0.721875 0.9078125
0 0.7203125 0.4828125 0.76875 0.4828125 0.76875 0.534375 0.7203125 0.534375
0 0.4875 0.5328125 0.5515625 0.5328125 0.5515625 0.596875 0.4875 0.596875
0 0.3796875 0.5203125 0.4421875 0.5203125 0.4421875 0.584375 0.3796875 0.584375
0 0.3015625 0.6046875 0.359375 0.6046875 0.359375 0.6625 0.3015625 0.6625
0 0.40625 0.68125 0.475 0.68125 0.475 0.746875 0.40625 0.746875
0 0.60625 0.6890625 0.6671875 0.6890625 0.6671875 0.75 0.60625 0.75
0 0.7515625 0.684375 0.81875 0.684375 0.81875 0.7515625 0.7515625 0.7515625
0 0.7828125 0.803125 0.8359375 0.803125 0.8359375 0.8578125 0.7828125 0.8578125
0 0.940625 0.5765625 1 0.5765625 1 0.6421875 0.940625 0.6421875
0 0.965625 0.2875 1 0.2875 1 0.340625 0.965625 0.340625
0 0.8265625 0.278125 0.8765625 0.278125 0.8765625 0.325 0.8265625 0.325
0 0.7390625 0.2359375 0.790625 0.2359375 0.790625 0.2828125 0.7390625 0.2828125
0 0.5625 0.1375 0.6375 0.1375 0.6375 0.2046875 0.5625 0.2046875
0 0.453125 0.1859375 0.5078125 0.1859375 0.5078125 0.2390625 0.453125 0.2390625
0 0.1875 0.021875 0.2390625 0.021875 0.2390625 0.059375 0.1875 0.059375
0 0.1140625 0.1671875 0.1984375 0.1671875 0.1984375 0.2484375 0.1140625 0.2484375
0 0.240625 0.415625 0.3140625 0.415625 0.3140625 0.48125 0.240625 0.48125
0 0.36875 0.3390625 0.415625 0.3390625 0.415625 0.3890625 0.36875 0.3890625
0 0.5203125 0.353125 0.5875 0.353125 0.5875 0.41875 0.5203125 0.41875
0 0.1203125 0.671875 0.2046875 0.671875 0.2046875 0.753125 0.1203125 0.753125
0 0.3609375 0.909375 0.4109375 0.909375 0.4109375 0.959375 0.3609375 0.959375
0 0.13125 0.8046875 0.203125 0.8046875 0.203125 0.8765625 0.13125 0.8765625