1 0.1453125 0.36875 0.38125 0.36875 0.38125 0.5546875 0.1453125 0.5546875
1 0.2984375 0.4421875 0.5140625 0.4421875 0.5140625 0.6328125 0.2984375 0.6328125
1 0.24375 0.53125 0.4234375 0.53125 0.4234375 0.7109375 0.24375 0.7109375
1 0.346875 0.6046875 0.5328125 0.6046875 0.5328125 0.7796875 0.346875 0.7796875
1 0.55 0.5796875 0.7359375 0.5796875 0.7359375 0.7546875 0.55 0.7546875
1 0.6703125 0.5359375 0.903125 0.5359375 0.903125 0.7515625 0.6703125 0.7515625
1 0.8515625 0.41875 1 0.41875 1 0.6125 0.8515625 0.6125
1 0.35625 0.1046875 0.5453125 0.1046875 0.5453125 0.271875 0.35625 0.271875
1 0.31875 0.8484375 0.490625 0.8484375 0.490625 0.99375 0.31875 0.99375
1 0.046875 0.6359375 0.2859375 0.6359375 0.2859375 0.8421875 0.046875 0.8421875
1 0.084375 0.7671875 0.29375 0.7671875 0.29375 0.959375 0.084375 0.959375
1 0.040625 0.1515625 0.246875 0.1515625 0.246875 0.315625 0.040625 0.315625
1 0.0953125 0.003125 0.275 0.003125 0.275 0.1078125 0.0953125 0.1078125
1 0.45 0.0328125 0.6953125 0.0328125 0.6953125 0.23125 0.45 0.23125
1 0.746875 0.159375 0.9078125 0.159375 0.9078125 0.2921875 0.746875 0.2921875
1 0.8796875 0.1484375 1 0.1484375 1 0.296875 0.8796875 0.296875
1 0.6546875 0.365625 0.8046875 0.365625 0.8046875 0.5109375 0.6546875 0.5109375
1 0.6734375 0.1234375 0.815625 0.1234375 0.815625 0.2546875 0.6734375 0.2546875
1 0.45 0.2515625 0.6234375 0.2515625 0.6234375 0.434375 0.45 0.434375
1 0.3046875 0.2703125 0.45 0.2703125 0.45 0.415625 0.3046875 0.415625
1 0.4078125 0.4234375 0.6203125 0.4234375 0.6203125 0.6234375 0.4078125 0.6234375
1 0.7328125 0.6828125 0.884375 0.6828125 0.884375 0.8234375 0.7328125 0.8234375
0 0.7109375 0.41875 0.75625 0.41875 0.75625 0.4640625 0.7109375 0.4640625
0 0.4859375 0.5015625 0.5453125 0.5015625 0.5453125 0.5578125 0.4859375 0.5578125
0 0.378125 0.5046875 0.4359375 0.5046875 0.4359375 0.5609375 0.378125 0.5609375
0 0.30625 0.6015625 0.3609375 0.6015625 0.3609375 0.653125 0.30625 0.653125
0 0.4140625 0.6640625 0.4796875 0.6640625 0.4796875 0.721875 0.4140625 0.721875
0 0.6109375 0.640625 0.6703125 0.640625 0.6703125 0.696875 0.6109375 0.696875
0 0.7546875 0.615625 0.81875 0.615625 0.81875 0.6765625 0.7546875 0.6765625
0 0.790625 0.73125 0.84375 0.73125 0.84375 0.7796875 0.790625 0.7796875
0 0.9359375 0.4796875 1 0.4796875 1 0.5375 0.9359375 0.5375
0 0.9421875 0.184375 1 0.184375 1 0.2296875 0.9421875 0.2296875
0 0.803125 0.1953125 0.8515625 0.1953125 0.8515625 0.2359375 0.803125 0.2359375
0 0.715625 0.1640625 0.7640625 0.1640625 0.7640625 0.20625 0.715625 0.20625
0 0.534375 0.090625 0.6078125 0.090625 0.6078125 0.15 0.534375 0.15
0 0.4296875 0.15625 0.4796875 0.15625 0.4796875 0.2015625 0.4296875 0.2015625
0 0.15625 0.03125 0.20625 0.03125 0.20625 0.0609375 0.15625 0.0609375
0 0.0953125 0.1875 0.175 0.1875 0.175 0.2578125 0.0953125 0.2578125
0 0.234375 0.4203125 0.303125 0.4203125 0.303125 0.478125 0.234375 0.478125
0 0.3546875 0.3234375 0.3984375 0.3234375 0.3984375 0.36875 0.3546875 0.36875
0 0.50625 0.315625 0.5703125 0.315625 0.5703125 0.3734375 0.50625 0.3734375
0 0.13125 0.696875 0.2109375 0.696875 0.2109375 0.7671875 0.13125 0.7671875
0 0.38125 0.9 0.4296875 0.9 0.4296875 0.9453125 0.38125 0.9453125
0 0.1484375 0.828125 0.2171875 0.828125 0.2171875 0.89375 0.1484375 0.89375