1 0.1421875 0.325 0.3796875 0.325 0.3796875 0.5328125 0.1421875 0.5328125
1 0.2765625 0.4265625 0.5015625 0.4265625 0.5015625 0.6453125 0.2765625 0.6453125
1 0.196875 0.4890625 0.4046875 0.4890625 0.4046875 0.709375 0.196875 0.709375
1 0.2875 0.584375 0.4953125 0.584375 0.4953125 0.796875 0.2875 0.796875
1 0.4921875 0.603125 0.7078125 0.603125 0.7078125 0.825 0.4921875 0.825
1 0.6140625 0.590625 0.878125 0.590625 0.878125 0.859375 0.6140625 0.859375
1 0.8265625 0.528125 1 0.528125 1 0.75625 0.8265625 0.75625
1 0.396875 0.1109375 0.60625 0.1109375 0.60625 0.315625 0.396875 0.315625
1 0.21875 0.8125 0.4046875 0.8125 0.4046875 0.9921875 0.21875 0.9921875
1 0.0265625 0.5546875 0.2359375 0.5546875 0.2359375 0.7921875 0.0265625 0.7921875
1 0.03125 0.6828125 0.225 0.6828125 0.225 0.9109375 0.03125 0.9109375
1 0.0734375 0.078125 0.3015625 0.078125 0.3015625 0.290625 0.0734375 0.290625
1 0.1703125 0.0125 0.3578125 0.0125 0.3578125 0.0984375 0.1703125 0.0984375
1 0.503125 0.0640625 0.765625 0.0640625 0.765625 0.3078125 0.503125 0.3078125
1 0.7765625 0.2484375 0.9609375 0.2484375 0.9609375 0.421875 0.7765625 0.421875
1 0.9234375 0.284375 1 0.284375 1 0.4421875 0.9234375 0.4421875
1 0.64375 0.425 0.8171875 0.425 0.8171875 0.6046875 0.64375 0.6046875
1 0.7125 0.196875 0.878125 0.196875 0.878125 0.3640625 0.7125 0.3640625
1 0.4625 0.2765625 0.65 0.2765625 0.65 0.4828125 0.4625 0.4828125
1 0.321875 0.2609375 0.475 0.2609375 0.475 0.4234375 0.321875 0.4234375
1 0.378125 0.4234375 0.6203125 0.4234375 0.6203125 0.6703125 0.378125 0.6703125
1 0.6640625 0.7515625 0.83125 0.7515625 0.83125 0.9203125 0.6640625 0.9203125
0 0.7078125 0.49375 0.759375 0.49375 0.759375 0.5453125 0.7078125 0.5453125
0 0.465625 0.51875 0.5328125 0.51875 0.5328125 0.5890625 0.465625 0.5890625
0 0.3578125 0.496875 0.425 0.496875 0.425 0.565625 0.3578125 0.565625
0 0.26875 0.575 0.328125 0.575 0.328125 0.634375 0.26875 0.634375
0 0.3640625 0.659375 0.4328125 0.659375 0.4328125 0.7265625 0.3640625 0.7265625
0 0.5671875 0.6859375 0.625 0.6859375 0.625 0.7453125 0.5671875 0.7453125
0 0.7140625 0.69375 0.778125 0.69375 0.778125 0.7609375 0.7140625 0.7609375
0 0.7296875 0.8125 0.7796875 0.8125 0.7796875 0.865625 0.7296875 0.865625
0 0.9203125 0.60625 0.996875 0.60625 0.996875 0.671875 0.9203125 0.671875
0 0.9859375 0.3234375 1 0.3234375 1 0.375 0.9859375 0.375
0 0.8453125 0.3 0.8984375 0.3 0.8984375 0.35 0.8453125 0.35
0 0.7640625 0.2515625 0.815625 0.2515625 0.815625 0.2984375 0.7640625 0.2984375
0 0.5921875 0.1359375 0.678125 0.1359375 0.678125 0.2140625 0.5921875 0.2140625
0 0.4796875 0.1765625 0.5375 0.1765625 0.5375 0.2328125 0.4796875 0.2328125
0 0.2375 0.0171875 0.2875 0.0171875 0.2875 0.0328125 0.2375 0.0328125
0 0.140625 0.13125 0.2234375 0.13125 0.2234375 0.2125 0.140625 0.2125
0 0.23125 0.3828125 0.30625 0.3828125 0.30625 0.453125 0.23125 0.453125
0 0.375 0.3203125 0.4203125 0.3203125 0.4203125 0.3703125 0.375 0.3703125
0 0.5265625 0.3484375 0.5921875 0.3484375 0.5921875 0.4140625 0.5265625 0.4140625
0 0.078125 0.628125 0.1578125 0.628125 0.1578125 0.70625 0.078125 0.70625
0 0.284375 0.875 0.3390625 0.875 0.3390625 0.9328125 0.284375 0.9328125
0 0.065625 0.7546875 0.140625 0.7546875 0.140625 0.83125 0.065625 0.83125