1 0.09375 0.4546875 0.35 0.4546875 0.35 0.725 0.09375 0.725
1 0.253125 0.39375 0.503125 0.39375 0.503125 0.66875 0.253125 0.66875
1 0.2453125 0.5125 0.4828125 0.5125 0.4828125 0.78125 0.2453125 0.78125
1 0.3703125 0.4828125 0.6046875 0.4828125 0.6046875 0.7421875 0.3703125 0.7421875
1 0.515625 0.296875 0.7609375 0.296875 0.7609375 0.56875 0.515625 0.56875
1 0.5921875 0.1375 0.890625 0.1375 0.890625 0.4671875 0.5921875 0.4671875
1 0.6828125 0 0.9328125 0 0.9328125 0.2203125 0.6828125 0.2203125
1 0.1109375 0.1234375 0.3453125 0.1234375 0.3453125 0.378125 0.1109375 0.378125
1 0.478125 0.6875 0.684375 0.6875 0.684375 0.896875 0.478125 0.896875
1 0.15625 0.709375 0.43125 0.709375 0.43125 0.9578125 0.15625 0.9578125
1 0.25625 0.7875 0.5078125 0.7875 0.5078125 0.9390625 0.25625 0.9390625
1 0 0.390625 0.1296875 0.390625 0.1296875 0.646875 0 0.646875
1 0 0.2671875 0.0421875 0.2671875 0.0421875 0.446875 0 0.446875
1 0.153125 0 0.440625 0 0.440625 0.26875 0.153125 0.26875
1 0.4484375 0 0.6515625 0 0.6515625 0.0859375 0.4484375 0.0859375
1 0.4859375 0.09375 0.684375 0.09375 0.684375 0.3140625 0.4859375 0.3140625
1 0.371875 0 0.559375 0 0.559375 0.1203125 0.371875 0.1203125
1 0.271875 0.1671875 0.4875 0.1671875 0.4875 0.4140625 0.271875 0.4140625
1 0.1625 0.3171875 0.340625 0.3171875 0.340625 0.515625 0.1625 0.515625
1 0.3203125 0.2828125 0.59375 0.2828125 0.59375 0.5875 0.3203125 0.5875
1 0.7234375 0.25625 0.9125 0.25625 0.9125 0.465625 0.7234375 0.465625
0 0.5625 0.1703125 0.61875 0.1703125 0.61875 0.234375 0.5625 0.234375
0 0.4234375 0.39375 0.5015625 0.39375 0.5015625 0.48125 0.4234375 0.48125
0 0.3390625 0.484375 0.4140625 0.484375 0.4140625 0.56875 0.3390625 0.56875
0 0.334375 0.6140625 0.4015625 0.6140625 0.4015625 0.6890625 0.334375 0.6890625
0 0.45625 0.565625 0.53125 0.565625 0.53125 0.6484375 0.45625 0.6484375
0 0.603125 0.3984375 0.6703125 0.3984375 0.6703125 0.4734375 0.603125 0.4734375
0 0.70625 0.2640625 0.7796875 0.2640625 0.7796875 0.3453125 0.70625 0.3453125
0 0.796875 0.3234375 0.8546875 0.3234375 0.8546875 0.3890625 0.796875 0.3890625
0 0.778125 0.0171875 0.859375 0.0171875 0.859375 0.103125 0.778125 0.103125
0 0.515625 0 0.575 0 0.575 0.0015625 0.515625 0.0015625
0 0.43125 0 0.4875 0 0.4875 0.0484375 0.43125 0.0484375
0 0.2421875 0.0578125 0.334375 0.0578125 0.334375 0.1578125 0.2421875 0.1578125
0 0.1953125 0.2046875 0.2578125 0.2046875 0.2578125 0.275 0.1953125 0.275
0 0 0.4734375 0.0390625 0.4734375 0.0390625 0.5734375 0 0.5734375
0 0.178125 0.5328125 0.2625 0.5328125 0.2625 0.621875 0.178125 0.621875
0 0.2265625 0.390625 0.278125 0.390625 0.278125 0.4484375 0.2265625 0.4484375
0 0.3453125 0.2484375 0.41875 0.2484375 0.41875 0.3296875 0.3453125 0.3296875
0 0.2484375 0.803125 0.3390625 0.803125 0.3390625 0.9015625 0.2484375 0.9015625
0 0.55 0.765625 0.6140625 0.765625 0.6140625 0.8375 0.55 0.8375
0 0.33125 0.8859375 0.4125 0.8859375 0.4125 0.925 0.33125 0.925