1 0.175 0.2265625 0.4390625 0.2265625 0.4390625 0.45625 0.175 0.45625
1 0.2734375 0.34375 0.54375 0.34375 0.54375 0.59375 0.2734375 0.59375
1 0.184375 0.3984375 0.4265625 0.3984375 0.4265625 0.6234375 0.184375 0.6234375
1 0.2515625 0.503125 0.4984375 0.503125 0.4984375 0.73125 0.2515625 0.73125
1 0.459375 0.5703125 0.69375 0.5703125 0.69375 0.7890625 0.459375 0.7890625
1 0.5828125 0.5921875 0.8609375 0.5921875 0.8609375 0.85 0.5828125 0.85
1 0.8078125 0.5625 1 0.5625 1 0.7953125 0.8078125 0.7953125
1 0.475 0.06875 0.7234375 0.06875 0.7234375 0.296875 0.475 0.296875
1 0.1390625 0.709375 0.3484375 0.709375 0.3484375 0.9 0.1390625 0.9
1 0.0359375 0.4140625 0.240625 0.4140625 0.240625 0.6734375 0.0359375 0.6734375
1 0.0484375 0.55 0.1859375 0.55 0.1859375 0.7734375 0.0484375 0.7734375
1 0.16875 0 0.4140625 0 0.4140625 0.203125 0.16875 0.203125
1 0.3125 0 0.50625 0 0.50625 0.040625 0.3125 0.040625
1 0.5921875 0.053125 0.884375 0.053125 0.884375 0.3140625 0.5921875 0.3140625
1 0.834375 0.2796875 1 0.2796875 1 0.4640625 0.834375 0.4640625
1 0.9640625 0.3359375 1 0.3359375 1 0.525 0.9640625 0.525
1 0.653125 0.4203125 0.8578125 0.4203125 0.8578125 0.6109375 0.653125 0.6109375
1 0.7828125 0.2203125 0.96875 0.2203125 0.96875 0.390625 0.7828125 0.390625
1 0.49375 0.2390625 0.734375 0.2390625 0.734375 0.4671875 0.49375 0.4671875
1 0.36875 0.1953125 0.559375 0.1953125 0.559375 0.375 0.36875 0.375
1 0.3796875 0.375 0.6515625 0.375 0.6515625 0.6265625 0.3796875 0.6265625
1 0.6046875 0.740625 0.7890625 0.740625 0.7890625 0.9109375 0.6046875 0.9109375
0 0.73125 0.4953125 0.7875 0.4953125 0.7875 0.546875 0.73125 0.546875
0 0.4765625 0.471875 0.553125 0.471875 0.553125 0.5421875 0.4765625 0.5421875
0 0.371875 0.428125 0.4515625 0.428125 0.4515625 0.503125 0.371875 0.503125
0 0.2671875 0.484375 0.3359375 0.484375 0.3359375 0.5484375 0.2671875 0.5484375
0 0.3375 0.58125 0.4234375 0.58125 0.4234375 0.659375 0.3375 0.659375
0 0.5375 0.646875 0.6109375 0.646875 0.6109375 0.7140625 0.5375 0.7140625
0 0.6828125 0.6859375 0.759375 0.6859375 0.759375 0.7578125 0.6828125 0.7578125
0 0.6703125 0.8 0.7359375 0.8 0.7359375 0.8609375 0.6703125 0.8609375
0 0.9109375 0.6421875 0.996875 0.6421875 0.996875 0.7171875 0.9109375 0.7171875
0 0.9125 0.3375 0.971875 0.3375 0.971875 0.3890625 0.9125 0.3890625
0 0.84375 0.275 0.9015625 0.275 0.9015625 0.325 0.84375 0.325
0 0.6984375 0.134375 0.784375 0.134375 0.784375 0.2109375 0.6984375 0.2109375
0 0.571875 0.14375 0.6421875 0.14375 0.6421875 0.20625 0.571875 0.20625
0 0.240625 0.0359375 0.3375 0.0359375 0.3375 0.1234375 0.240625 0.1234375
0 0.275 0.2953125 0.359375 0.2953125 0.359375 0.3703125 0.275 0.3703125
0 0.434375 0.2625 0.490625 0.2625 0.490625 0.315625 0.434375 0.315625
0 0.578125 0.31875 0.6546875 0.31875 0.6546875 0.3890625 0.578125 0.3890625
0 0.0578125 0.496875 0.153125 0.496875 0.153125 0.5828125 0.0578125 0.5828125
0 0.2125 0.775 0.2765625 0.775 0.2765625 0.834375 0.2125 0.834375
0 0.0546875 0.61875 0.103125 0.61875 0.103125 0.6953125 0.0546875 0.6953125