1 0.1296875 0.41875 0.3265625 0.41875 0.3265625 0.5640625 0.1296875 0.5640625
1 0.28125 0.4625 0.465625 0.4625 0.465625 0.6359375 0.28125 0.6359375
1 0.228125 0.559375 0.384375 0.559375 0.384375 0.725 0.228125 0.725
1 0.334375 0.6171875 0.496875 0.6171875 0.496875 0.78125 0.334375 0.78125
1 0.5375 0.56875 0.69375 0.56875 0.69375 0.725 0.5375 0.725
1 0.6640625 0.5140625 0.8515625 0.5140625 0.8515625 0.696875 0.6640625 0.696875
1 0.834375 0.3703125 0.996875 0.3703125 0.996875 0.540625 0.834375 0.540625
1 0.315625 0.1140625 0.4859375 0.1140625 0.4859375 0.2734375 0.315625 0.2734375
1 0.3203125 0.8703125 0.465625 0.8703125 0.465625 1 0.3203125 1
1 0.046875 0.6953125 0.2484375 0.6953125 0.2484375 0.8703125 0.046875 0.8703125
1 0.09375 0.8265625 0.259375 0.8265625 0.259375 0.9828125 0.09375 0.9828125
1 0.009375 0.2078125 0.1875 0.2078125 0.1875 0.3515625 0.009375 0.3515625
1 0.046875 0.05 0.2125 0.05 0.2125 0.14375 0.046875 0.14375
1 0.4125 0.0359375 0.6234375 0.0359375 0.6234375 0.20625 0.4125 0.20625
1 0.7015625 0.11875 0.8484375 0.11875 0.8484375 0.2421875 0.7015625 0.2421875
1 0.840625 0.096875 0.9921875 0.096875 0.9921875 0.2234375 0.840625 0.2234375
1 0.621875 0.3375 0.75625 0.3375 0.75625 0.4765625 0.621875 0.4765625
1 0.6296875 0.0953125 0.7546875 0.0953125 0.7546875 0.215625 0.6296875 0.215625
1 0.41875 0.2515625 0.5671875 0.2515625 0.5671875 0.425 0.41875 0.425
1 0.2734375 0.2921875 0.396875 0.2921875 0.396875 0.4234375 0.2734375 0.4234375
1 0.3890625 0.4296875 0.5703125 0.4296875 0.5703125 0.6109375 0.3890625 0.6109375
1 0.7234375 0.6515625 0.8484375 0.6515625 0.8484375 0.771875 0.7234375 0.771875
0 0.6765625 0.3890625 0.7125 0.3890625 0.7125 0.428125 0.6765625 0.428125
0 0.45625 0.5015625 0.5078125 0.5015625 0.5078125 0.5515625 0.45625 0.5515625
0 0.3484375 0.51875 0.4015625 0.51875 0.4015625 0.571875 0.3484375 0.571875
0 0.284375 0.6265625 0.3296875 0.6265625 0.3296875 0.671875 0.284375 0.671875
0 0.39375 0.6734375 0.4515625 0.6734375 0.4515625 0.7265625 0.39375 0.7265625
0 0.5890625 0.625 0.6375 0.625 0.6375 0.6734375 0.5890625 0.6734375
0 0.73125 0.58125 0.7828125 0.58125 0.7828125 0.6328125 0.73125 0.6328125
0 0.771875 0.690625 0.8140625 0.690625 0.8140625 0.734375 0.771875 0.734375
0 0.9015625 0.421875 0.965625 0.421875 0.965625 0.4671875 0.9015625 0.4671875
0 0.8921875 0.1234375 0.946875 0.1234375 0.946875 0.1609375 0.8921875 0.1609375
0 0.753125 0.153125 0.796875 0.153125 0.796875 0.1875 0.753125 0.1875
0 0.665625 0.134375 0.70625 0.134375 0.70625 0.16875 0.665625 0.16875
0 0.484375 0.084375 0.546875 0.084375 0.546875 0.134375 0.484375 0.134375
0 0.3796875 0.1625 0.428125 0.1625 0.428125 0.2046875 0.3796875 0.2046875
0 0.103125 0.0765625 0.146875 0.0765625 0.146875 0.0984375 0.103125 0.0984375
0 0.05625 0.2390625 0.1234375 0.2390625 0.1234375 0.3 0.05625 0.3
0 0.203125 0.453125 0.2625 0.453125 0.2625 0.503125 0.203125 0.503125
0 0.3171875 0.340625 0.353125 0.340625 0.353125 0.38125 0.3171875 0.38125
0 0.46875 0.3140625 0.521875 0.3140625 0.521875 0.3625 0.46875 0.3625
0 0.11875 0.7453125 0.184375 0.7453125 0.184375 0.8046875 0.11875 0.8046875
0 0.371875 0.9140625 0.4140625 0.9140625 0.4140625 0.95625 0.371875 0.95625
0 0.1421875 0.875 0.196875 0.875 0.196875 0.9296875 0.1421875 0.9296875