0 257.28 135.175095 634.24 342.742533
0 266.88 553.512714 593.28 679.719039
0 327.04 469.588998 358.4 499.698732
0 426.88 499.698732 456.96 520.840377
0 430.72 477.276807 468.48 490.729962
0 442.24 504.823938 484.48 524.683941
0 465.92 461.901189 492.16 478.557768
0 530.56 563.122305 556.8 590.670117
0 616.96 478.557768 653.44 502.26133500000003
0 618.24 527.246544 654.72 550.950111
0 672.0 527.246544 698.24 561.200523
0 672.0 467.02639500000004 823.04 528.527505
0 746.88 598.357245 785.92 625.905057
0 821.76 503.542977 867.84 540.699699
0 871.68 204.36401400000003 997.76 276.756357
0 935.68 477.276807 969.6 498.41777099999996
0 964.48 447.166392 997.76 460.620228
