1 0.2515625 0.571875 0.5296875 0.571875 0.5296875 0.8796875 0.2515625 0.8796875
1 0.084375 0.4 0.3453125 0.4 0.3453125 0.6859375 0.084375 0.6859375
1 0.00625 0.5203125 0.209375 0.5203125 0.209375 0.821875 0.00625 0.821875
1 0.6046875 0.7078125 0.853125 0.7078125 0.853125 0.9375 0.6046875 0.9375
1 0.6515625 0.1953125 0.9109375 0.1953125 0.9109375 0.4828125 0.6515625 0.4828125
1 0.7625 0.1515625 0.928125 0.1515625 0.928125 0.3375 0.7625 0.3375
0 0.36875 0.690625 0.4265625 0.690625 0.4265625 0.7546875 0.36875 0.7546875
0 0.1953125 0.5140625 0.24375 0.5140625 0.24375 0.5703125 0.1953125 0.5703125
0 0.0171875 0.659375 0.0875 0.659375 0.0875 0.7359375 0.0171875 0.7359375
0 0.6859375 0.8203125 0.75 0.8203125 0.75 0.896875 0.6859375 0.896875
0 0.7375 0.309375 0.803125 0.309375 0.803125 0.3828125 0.7375 0.3828125