1 0.3390625 0.71875 0.5796875 0.71875 0.5796875 1 0.3390625 1
1 0.1265625 0.5484375 0.35 0.5484375 0.35 0.8078125 0.1265625 0.8078125
1 0.003125 0.6546875 0.265625 0.6546875 0.265625 0.9625 0.003125 0.9625
1 0.7265625 0.853125 0.934375 0.853125 0.934375 1 0.7265625 1
1 0.621875 0.328125 0.8734375 0.328125 0.8734375 0.63125 0.621875 0.63125
1 0.715625 0.29375 0.8609375 0.29375 0.8609375 0.475 0.715625 0.475
0 0.440625 0.83125 0.490625 0.83125 0.490625 0.8921875 0.440625 0.8921875
0 0.221875 0.6484375 0.2625 0.6484375 0.2625 0.7046875 0.221875 0.7046875
0 0.084375 0.79375 0.15 0.79375 0.15 0.8703125 0.084375 0.8703125
0 0.7875 0.9625 0.846875 0.9625 0.846875 1 0.7875 1
0 0.7078125 0.446875 0.771875 0.446875 0.771875 0.525 0.7078125 0.525