1 0.490625 0.6078125 0.7078125 0.6078125 0.7078125 0.85 0.490625 0.85
1 0.2359375 0.565625 0.446875 0.565625 0.446875 0.7828125 0.2359375 0.7828125
1 0.1515625 0.7375 0.41875 0.7375 0.41875 0.9765625 0.1515625 0.9765625
1 0.8828125 0.525 1 0.525 1 0.7859375 0.8828125 0.7859375
1 0.6140625 0.096875 0.825 0.096875 0.825 0.3296875 0.6140625 0.3296875
1 0.65 0.021875 0.7921875 0.021875 0.7921875 0.18125 0.65 0.18125
0 0.5828125 0.6984375 0.6265625 0.6984375 0.6265625 0.7484375 0.5828125 0.7484375
0 0.3265625 0.6484375 0.3609375 0.6484375 0.3609375 0.69375 0.3265625 0.69375
0 0.2578125 0.8515625 0.31875 0.8515625 0.31875 0.9171875 0.2578125 0.9171875
0 0.9375 0.63125 0.9890625 0.63125 0.9890625 0.6984375 0.9375 0.6984375
0 0.6859375 0.1921875 0.7421875 0.1921875 0.7421875 0.2546875 0.6859375 0.2546875