1 0.465625 0.684375 0.6453125 0.684375 0.6453125 0.8859375 0.465625 0.8859375
1 0.2125 0.634375 0.3859375 0.634375 0.3859375 0.8078125 0.2125 0.8078125
1 0.125 0.8015625 0.35625 0.8015625 0.35625 0.9984375 0.125 0.9984375
1 0.8609375 0.6140625 0.996875 0.6140625 0.996875 0.8421875 0.8609375 0.8421875
1 0.5859375 0.1734375 0.775 0.1734375 0.775 0.3828125 0.5859375 0.3828125
1 0.6296875 0.103125 0.7375 0.103125 0.7375 0.23125 0.6296875 0.23125
0 0.540625 0.7578125 0.5796875 0.7578125 0.5796875 0.8015625 0.540625 0.8015625
0 0.2875 0.696875 0.315625 0.696875 0.315625 0.7375 0.2875 0.7375
0 0.2171875 0.9015625 0.26875 0.9015625 0.26875 0.9515625 0.2171875 0.9515625
0 0.8984375 0.70625 0.9390625 0.70625 0.9390625 0.765625 0.8984375 0.765625
0 0.6515625 0.2609375 0.7 0.2609375 0.7 0.3140625 0.6515625 0.3140625