1 0.4609375 0.590625 0.715625 0.590625 0.715625 0.8546875 0.4609375 0.8546875
1 0.2015625 0.6296875 0.44375 0.6296875 0.44375 0.8703125 0.2015625 0.8703125
1 0.1625 0.8015625 0.45625 0.8015625 0.45625 0.9875 0.1625 0.9875
1 0.825 0.4078125 0.9703125 0.4078125 0.9703125 0.6796875 0.825 0.6796875
1 0.46875 0.075 0.715625 0.075 0.715625 0.3296875 0.46875 0.3296875
1 0.4875 0.0109375 0.653125 0.0109375 0.653125 0.184375 0.4875 0.184375
0 0.565625 0.6890625 0.6171875 0.6890625 0.6171875 0.74375 0.565625 0.74375
0 0.303125 0.721875 0.3453125 0.721875 0.3453125 0.7703125 0.303125 0.7703125
0 0.28125 0.9265625 0.3515625 0.9265625 0.3515625 0.98125 0.28125 0.98125
0 0.9 0.5171875 0.9609375 0.5171875 0.9609375 0.5875 0.9 0.5875
0 0.5578125 0.1796875 0.6234375 0.1796875 0.6234375 0.2484375 0.5578125 0.2484375