1 0.4609375 0.68125 0.65 0.68125 0.65 0.890625 0.4609375 0.890625
1 0.20625 0.628125 0.390625 0.628125 0.390625 0.8125 0.20625 0.8125
1 0.13125 0.809375 0.35 0.809375 0.35 0.9984375 0.13125 0.9984375
1 0.85625 0.6140625 0.9984375 0.6140625 0.9984375 0.8421875 0.85625 0.8421875
1 0.5921875 0.1796875 0.76875 0.1796875 0.76875 0.375 0.5921875 0.375
1 0.6296875 0.103125 0.7375 0.103125 0.7375 0.2328125 0.6296875 0.2328125
0 0.540625 0.7578125 0.5796875 0.7578125 0.5796875 0.8015625 0.540625 0.8015625
0 0.2875 0.6953125 0.315625 0.6953125 0.315625 0.7390625 0.2875 0.7390625
0 0.2171875 0.9015625 0.26875 0.9015625 0.26875 0.9515625 0.2171875 0.9515625
0 0.8984375 0.7078125 0.9375 0.7078125 0.9375 0.765625 0.8984375 0.765625
0 0.653125 0.2625 0.6984375 0.2625 0.6984375 0.3125 0.653125 0.3125