1 0.4625 0.68125 0.6484375 0.68125 0.6484375 0.8890625 0.4625 0.8890625
1 0.2078125 0.6296875 0.390625 0.6296875 0.390625 0.8125 0.2078125 0.8125
1 0.1234375 0.8015625 0.359375 0.8015625 0.359375 0.9984375 0.1234375 0.9984375
1 0.85625 0.6109375 0.9984375 0.6109375 0.9984375 0.84375 0.85625 0.84375
1 0.590625 0.178125 0.7703125 0.178125 0.7703125 0.3765625 0.590625 0.3765625
1 0.6234375 0.0984375 0.74375 0.0984375 0.74375 0.2359375 0.6234375 0.2359375
0 0.540625 0.7578125 0.5796875 0.7578125 0.5796875 0.8015625 0.540625 0.8015625
0 0.2875 0.696875 0.315625 0.696875 0.315625 0.7375 0.2875 0.7375
0 0.2171875 0.8984375 0.2703125 0.8984375 0.2703125 0.9546875 0.2171875 0.9546875
0 0.8984375 0.7078125 0.9390625 0.7078125 0.9390625 0.765625 0.8984375 0.765625
0 0.6515625 0.2609375 0.7 0.2609375 0.7 0.3140625 0.6515625 0.3140625