1 0.2015625 0.603125 0.490625 0.603125 0.490625 0.8953125 0.2015625 0.8953125
1 0.04375 0.425 0.315625 0.425 0.315625 0.6953125 0.04375 0.6953125
1 0 0.540625 0.175 0.540625 0.175 0.8296875 0 0.8296875
1 0.55 0.753125 0.80625 0.753125 0.80625 0.971875 0.55 0.971875
1 0.61875 0.2453125 0.8859375 0.2453125 0.8859375 0.515625 0.61875 0.515625
1 0.7359375 0.2 0.90625 0.2 0.90625 0.375 0.7359375 0.375
0 0.3234375 0.7171875 0.3828125 0.7171875 0.3828125 0.7765625 0.3234375 0.7765625
0 0.159375 0.53125 0.209375 0.53125 0.209375 0.5859375 0.159375 0.5859375
0 0 0.671875 0.0484375 0.671875 0.0484375 0.7453125 0 0.7453125
0 0.6328125 0.8609375 0.7 0.8609375 0.7 0.9328125 0.6328125 0.9328125
0 0.7078125 0.3515625 0.7765625 0.3515625 0.7765625 0.421875 0.7078125 0.421875