1 0.4578125 0.703125 0.6515625 0.703125 0.6515625 0.921875 0.4578125 0.921875
1 0.20625 0.6265625 0.3921875 0.6265625 0.3921875 0.81875 0.20625 0.81875
1 0.1140625 0.784375 0.3578125 0.784375 0.3578125 1 0.1140625 1
1 0.853125 0.671875 1 0.671875 1 0.9125 0.853125 0.9125
1 0.5953125 0.2046875 0.7984375 0.2046875 0.7984375 0.4328125 0.5953125 0.4328125
1 0.6453125 0.140625 0.7625 0.140625 0.7625 0.2796875 0.6453125 0.2796875
0 0.5375 0.784375 0.5796875 0.784375 0.5796875 0.83125 0.5375 0.83125
0 0.2875 0.6984375 0.31875 0.6984375 0.31875 0.7421875 0.2875 0.7421875
0 0.209375 0.8953125 0.2640625 0.8953125 0.2640625 0.95 0.209375 0.95
0 0.8953125 0.7671875 0.940625 0.7671875 0.940625 0.8328125 0.8953125 0.8328125
0 0.665625 0.3 0.71875 0.3 0.71875 0.3578125 0.665625 0.3578125