1 0 0.4890625 0.16875 0.4890625 0.16875 0.690625 0 0.690625
1 0.0734375 0.20625 0.325 0.20625 0.325 0.45625 0.0734375 0.45625
1 0.3859375 0.2984375 0.6 0.2984375 0.6 0.5296875 0.3859375 0.5296875
1 0.3953125 0.5671875 0.6625 0.5671875 0.6625 0.8421875 0.3953125 0.8421875
1 0.146875 0.6234375 0.3828125 0.6234375 0.3828125 0.878125 0.146875 0.878125
1 0.6359375 0.3390625 0.815625 0.3390625 0.815625 0.5296875 0.6359375 0.5296875
1 0.675 0.103125 0.91875 0.103125 0.91875 0.3578125 0.675 0.3578125
1 0.6265625 0.65 0.8875 0.65 0.8875 0.9 0.6265625 0.9
0 0.765625 0.1953125 0.8421875 0.1953125 0.8421875 0.2796875 0.765625 0.2796875
0 0.6921875 0.403125 0.746875 0.403125 0.746875 0.465625 0.6921875 0.465625
1 0.3296875 0.028125 0.525 0.028125 0.525 0.2328125 0.3296875 0.2328125