1 0.01875 0.328125 0.1875 0.328125 0.1875 0.5296875 0.01875 0.5296875
1 0.1734375 0.090625 0.4078125 0.090625 0.4078125 0.3234375 0.1734375 0.3234375
1 0.4546875 0.2421875 0.646875 0.2421875 0.646875 0.4671875 0.4546875 0.4671875
1 0.3828125 0.515625 0.621875 0.515625 0.621875 0.775 0.3828125 0.775
1 0.1421875 0.5171875 0.325 0.5171875 0.325 0.74375 0.1421875 0.74375
1 0.6921875 0.3390625 0.8453125 0.3390625 0.8453125 0.5140625 0.6921875 0.5140625
1 0.796875 0.1328125 0.9953125 0.1328125 0.9953125 0.3546875 0.796875 0.3546875
1 0.58125 0.6546875 0.821875 0.6546875 0.821875 0.875 0.58125 0.875
0 0.8703125 0.2140625 0.93125 0.2140625 0.93125 0.290625 0.8703125 0.290625
0 0.7375 0.39375 0.7859375 0.39375 0.7859375 0.45625 0.7375 0.45625
1 0.4765625 0 0.6609375 0 0.6609375 0.1640625 0.4765625 0.1640625