1 0.0203125 0.2890625 0.1578125 0.2890625 0.1578125 0.4390625 0.0203125 0.4390625
1 0.234375 0.1125 0.421875 0.1125 0.421875 0.2890625 0.234375 0.2890625
1 0.471875 0.325 0.6171875 0.325 0.6171875 0.503125 0.471875 0.503125
1 0.3375 0.5828125 0.5296875 0.5828125 0.5296875 0.7828125 0.3375 0.7828125
1 0.1 0.4984375 0.25625 0.4984375 0.25625 0.6953125 0.1 0.6953125
1 0.6765625 0.471875 0.8015625 0.471875 0.8015625 0.6140625 0.6765625 0.6140625
1 0.8171875 0.3046875 0.9875 0.3046875 0.9875 0.49375 0.8171875 0.49375
1 0.4953125 0.771875 0.7 0.771875 0.7 0.934375 0.4953125 0.934375
0 0.8796875 0.3765625 0.9296875 0.3765625 0.9296875 0.440625 0.8796875 0.440625
0 0.715625 0.5140625 0.75 0.5140625 0.75 0.565625 0.715625 0.565625
1 0.559375 0.0609375 0.6953125 0.0609375 0.6953125 0.2125 0.559375 0.2125