1 0.0328125 0.3609375 0.2015625 0.3609375 0.2015625 0.55 0.0328125 0.55
1 0.165625 0.1234375 0.40625 0.1234375 0.40625 0.3453125 0.165625 0.3453125
1 0.45625 0.271875 0.6625 0.271875 0.6625 0.490625 0.45625 0.490625
1 0.409375 0.546875 0.6625 0.546875 0.6625 0.7953125 0.409375 0.7953125
1 0.165625 0.5453125 0.365625 0.5453125 0.365625 0.76875 0.165625 0.76875
1 0.6953125 0.3609375 0.875 0.3609375 0.875 0.54375 0.6953125 0.54375
1 0.7890625 0.159375 1 0.159375 1 0.38125 0.7890625 0.38125
1 0.6140625 0.675 0.878125 0.675 0.878125 0.90625 0.6140625 0.90625
0 0.865625 0.2390625 0.9375 0.2390625 0.9375 0.3171875 0.865625 0.3171875
0 0.7515625 0.4203125 0.80625 0.4203125 0.80625 0.484375 0.7515625 0.484375
1 0.453125 0 0.6515625 0 0.6515625 0.1921875 0.453125 0.1921875