1 0.1234375 0.0796875 0.3359375 0.0796875 0.3359375 0.3171875 0.1234375 0.3171875
1 0.38125 0.10625 0.65625 0.10625 0.65625 0.40625 0.38125 0.40625
1 0.4328125 0.4296875 0.6703125 0.4296875 0.6703125 0.7 0.4328125 0.7
1 0.146875 0.5125 0.440625 0.5125 0.440625 0.8375 0.146875 0.8375
1 0.021875 0.2796875 0.28125 0.2796875 0.28125 0.5765625 0.021875 0.5765625
1 0.521875 0.6875 0.7203125 0.6875 0.7203125 0.909375 0.521875 0.909375
1 0.703125 0.665625 0.9609375 0.665625 0.9609375 0.9640625 0.703125 0.9640625
1 0.1734375 0.765625 0.453125 0.765625 0.453125 1 0.1734375 1
0 0.7921875 0.775 0.8765625 0.775 0.8765625 0.871875 0.7921875 0.871875
0 0.5875 0.75625 0.6484375 0.75625 0.6484375 0.828125 0.5875 0.828125
1 0.6859375 0.3078125 0.9 0.3078125 0.9 0.5484375 0.6859375 0.5484375