1 0.0234375 0.2421875 0.1890625 0.2421875 0.1890625 0.4203125 0.0234375 0.4203125
1 0.2515625 0.09375 0.4625 0.09375 0.4625 0.2953125 0.2515625 0.2953125
1 0.471875 0.3296875 0.640625 0.3296875 0.640625 0.5296875 0.471875 0.5296875
1 0.31875 0.5734375 0.53125 0.5734375 0.53125 0.7984375 0.31875 0.7984375
1 0.096875 0.4703125 0.2578125 0.4703125 0.2578125 0.6734375 0.096875 0.6734375
1 0.6734375 0.5015625 0.809375 0.5015625 0.809375 0.65625 0.6734375 0.65625
1 0.8265625 0.3578125 1 0.3578125 1 0.553125 0.8265625 0.553125
1 0.465625 0.7796875 0.6875 0.7796875 0.6875 0.9671875 0.465625 0.9671875
0 0.8890625 0.43125 0.94375 0.43125 0.94375 0.5 0.8890625 0.5
0 0.7140625 0.5484375 0.7546875 0.5484375 0.7546875 0.60625 0.7140625 0.60625
1 0.578125 0.075 0.7421875 0.075 0.7421875 0.253125 0.578125 0.253125