1 0.025 0.3375 0.190625 0.3375 0.190625 0.534375 0.025 0.534375
1 0.175 0.0890625 0.40625 0.0890625 0.40625 0.321875 0.175 0.321875
1 0.4578125 0.2265625 0.6546875 0.2265625 0.6546875 0.45625 0.4578125 0.45625
1 0.3953125 0.5046875 0.6390625 0.5046875 0.6390625 0.765625 0.3953125 0.765625
1 0.153125 0.5140625 0.34375 0.5140625 0.34375 0.746875 0.153125 0.746875
1 0.690625 0.309375 0.8640625 0.309375 0.8640625 0.5 0.690625 0.5
1 0.7953125 0.1015625 1 0.1015625 1 0.3328125 0.7953125 0.3328125
1 0.59375 0.625 0.8484375 0.625 0.8484375 0.8671875 0.59375 0.8671875
0 0.86875 0.184375 0.9375 0.184375 0.9375 0.265625 0.86875 0.265625
0 0.74375 0.371875 0.796875 0.371875 0.796875 0.4375 0.74375 0.4375
1 0.46875 0 0.659375 0 0.659375 0.1546875 0.46875 0.1546875