1 0.0140625 0.2828125 0.1640625 0.2828125 0.1640625 0.4453125 0.0140625 0.4453125
1 0.23125 0.1109375 0.425 0.1109375 0.425 0.290625 0.23125 0.290625
1 0.46875 0.321875 0.6203125 0.321875 0.6203125 0.5046875 0.46875 0.5046875
1 0.3359375 0.58125 0.5296875 0.58125 0.5296875 0.7859375 0.3359375 0.7859375
1 0.1078125 0.503125 0.25 0.503125 0.25 0.690625 0.1078125 0.690625
1 0.678125 0.471875 0.8 0.471875 0.8 0.6140625 0.678125 0.6140625
1 0.8234375 0.3109375 0.98125 0.3109375 0.98125 0.4890625 0.8234375 0.4890625
1 0.4953125 0.771875 0.7 0.771875 0.7 0.934375 0.4953125 0.934375
0 0.88125 0.378125 0.9296875 0.378125 0.9296875 0.440625 0.88125 0.440625
0 0.715625 0.5140625 0.7515625 0.5140625 0.7515625 0.5671875 0.715625 0.5671875
1 0.553125 0.05625 0.7015625 0.05625 0.7015625 0.2171875 0.553125 0.2171875