1 0.0203125 0.2875 0.159375 0.2875 0.159375 0.440625 0.0203125 0.440625
1 0.234375 0.1140625 0.421875 0.1140625 0.421875 0.2875 0.234375 0.2875
1 0.46875 0.3234375 0.6203125 0.3234375 0.6203125 0.503125 0.46875 0.503125
1 0.3375 0.5828125 0.5296875 0.5828125 0.5296875 0.7828125 0.3375 0.7828125
1 0.1078125 0.503125 0.25 0.503125 0.25 0.690625 0.1078125 0.690625
1 0.671875 0.4671875 0.80625 0.4671875 0.80625 0.6171875 0.671875 0.6171875
1 0.821875 0.309375 0.9828125 0.309375 0.9828125 0.4890625 0.821875 0.4890625
1 0.4921875 0.765625 0.703125 0.765625 0.703125 0.940625 0.4921875 0.940625
0 0.878125 0.3765625 0.93125 0.3765625 0.93125 0.440625 0.878125 0.440625
0 0.7140625 0.5140625 0.7515625 0.5140625 0.7515625 0.5671875 0.7140625 0.5671875
1 0.553125 0.0546875 0.7015625 0.0546875 0.7015625 0.2171875 0.553125 0.2171875