1 0.0671875 0.0125 0.2015625 0.0125 0.2015625 0.196875 0.0671875 0.196875
1 0.5828125 0.2328125 0.703125 0.2328125 0.703125 0.384375 0.5828125 0.384375
1 0.6421875 0.290625 0.7796875 0.290625 0.7796875 0.465625 0.6421875 0.465625
1 0.5453125 0.528125 0.6765625 0.528125 0.6765625 0.69375 0.5453125 0.69375
1 0.621875 0.5796875 0.746875 0.5796875 0.746875 0.74375 0.621875 0.74375
1 0.7265625 0.4578125 0.871875 0.4578125 0.871875 0.65 0.7265625 0.65
1 0.815625 0.5109375 0.971875 0.5109375 0.971875 0.696875 0.815625 0.696875
1 0.746875 0.7515625 0.934375 0.7515625 0.934375 0.9546875 0.746875 0.9546875
1 0.1296875 0.4640625 0.28125 0.4640625 0.28125 0.65625 0.1296875 0.65625
1 0.36875 0.775 0.4796875 0.775 0.4796875 0.915625 0.36875 0.915625
1 0.3375 0.86875 0.45625 0.86875 0.45625 1 0.3375 1
1 0.590625 0.8375 0.746875 0.8375 0.746875 1 0.590625 1
1 0.7234375 0.91875 0.896875 0.91875 0.896875 1 0.7234375 1
1 0.284375 0.71875 0.378125 0.71875 0.378125 0.8421875 0.284375 0.8421875
1 0.55 0.953125 0.6953125 0.953125 0.6953125 1 0.55 1
1 0.7140625 0.2453125 0.85 0.2453125 0.85 0.4265625 0.7140625 0.4265625
1 0.16875 0.2421875 0.284375 0.2421875 0.284375 0.4046875 0.16875 0.4046875
1 0.23125 0.275 0.3359375 0.275 0.3359375 0.44375 0.23125 0.44375
1 0.2515625 0.296875 0.4078125 0.296875 0.4078125 0.5078125 0.2515625 0.5078125
1 0.446875 0.3796875 0.5796875 0.3796875 0.5796875 0.5421875 0.446875 0.5421875
1 0.35 0.2796875 0.4625 0.2796875 0.4625 0.4359375 0.35 0.4359375
1 0.434375 0.3 0.5328125 0.3 0.5328125 0.428125 0.434375 0.428125
1 0.475 0.090625 0.5703125 0.090625 0.5703125 0.2015625 0.475 0.2015625
1 0.875 0.2328125 0.99375 0.2328125 0.99375 0.3578125 0.875 0.3578125
1 0.021875 0.5484375 0.1125 0.5484375 0.1125 0.753125 0.021875 0.753125
0 0.0578125 0.5703125 0.1625 0.5703125 0.1625 0.75 0.0578125 0.75
0 0.0828125 0.8140625 0.228125 0.8140625 0.228125 0.971875 0.0828125 0.971875