1 0.040625 0.0375 0.16875 0.0375 0.16875 0.203125 0.040625 0.203125
1 0.5640625 0.1625 0.678125 0.1625 0.678125 0.2953125 0.5640625 0.2953125
1 0.628125 0.2078125 0.7609375 0.2078125 0.7609375 0.3609375 0.628125 0.3609375
1 0.5625 0.46875 0.6890625 0.46875 0.6890625 0.6109375 0.5625 0.6109375
1 0.6421875 0.5046875 0.7625 0.5046875 0.7625 0.6484375 0.6421875 0.6484375
1 0.73125 0.3609375 0.8703125 0.3609375 0.8703125 0.53125 0.73125 0.53125
1 0.821875 0.3984375 0.9734375 0.3984375 0.9734375 0.5578125 0.821875 0.5578125
1 0.784375 0.6546875 0.965625 0.6546875 0.965625 0.8265625 0.784375 0.8265625
1 0.153125 0.484375 0.2984375 0.484375 0.2984375 0.653125 0.153125 0.653125
1 0.4171875 0.7515625 0.525 0.7515625 0.525 0.875 0.4171875 0.875
1 0.4 0.853125 0.5125 0.853125 0.5125 0.9828125 0.4 0.9828125
1 0.6453125 0.771875 0.7953125 0.771875 0.7953125 0.9390625 0.6453125 0.9390625
1 0.784375 0.8265625 0.95 0.8265625 0.95 1 0.784375 1
1 0.3296875 0.7125 0.41875 0.7125 0.41875 0.8203125 0.3296875 0.8203125
1 0.6171875 0.896875 0.7578125 0.896875 0.7578125 1 0.6171875 1
1 0.971875 0.1859375 1 0.1859375 1 0.3109375 0.971875 0.3109375
1 0.69375 0.15 0.8234375 0.15 0.8234375 0.309375 0.69375 0.309375
1 0.1640625 0.253125 0.275 0.253125 0.275 0.3984375 0.1640625 0.3984375
1 0.2296875 0.2734375 0.328125 0.2734375 0.328125 0.4265625 0.2296875 0.4265625
1 0.253125 0.290625 0.403125 0.290625 0.403125 0.478125 0.253125 0.478125
1 0.4484375 0.3359375 0.5765625 0.3359375 0.5765625 0.478125 0.4484375 0.478125
1 0.34375 0.25625 0.4515625 0.25625 0.4515625 0.39375 0.34375 0.39375
1 0.4265625 0.259375 0.51875 0.259375 0.51875 0.371875 0.4265625 0.371875
1 0.4390625 0.0390625 0.53125 0.0390625 0.53125 0.134375 0.4390625 0.134375
1 0.84375 0.10625 0.9578125 0.10625 0.9578125 0.209375 0.84375 0.209375
1 0.0421875 0.59375 0.146875 0.59375 0.146875 0.7828125 0.0421875 0.7828125
0 0.096875 0.60625 0.1953125 0.60625 0.1953125 0.76875 0.096875 0.76875
0 0.146875 0.846875 0.2875 0.846875 0.2875 0.9828125 0.146875 0.9828125