1 0 0.090625 0.1078125 0.090625 0.1078125 0.240625 0 0.240625
1 0.515625 0.1125 0.621875 0.1125 0.621875 0.2328125 0.515625 0.2328125
1 0.5953125 0.15 0.69375 0.15 0.69375 0.278125 0.5953125 0.278125
1 0.5328125 0.4203125 0.6453125 0.4203125 0.6453125 0.55 0.5328125 0.55
1 0.61875 0.44375 0.715625 0.44375 0.715625 0.56875 0.61875 0.56875
1 0.7015625 0.2796875 0.815625 0.2796875 0.815625 0.4296875 0.7015625 0.4296875
1 0.7890625 0.296875 0.9234375 0.296875 0.9234375 0.4390625 0.7890625 0.4390625
1 0.771875 0.5671875 0.9234375 0.5671875 0.9234375 0.70625 0.771875 0.70625
1 0.140625 0.5234375 0.2515625 0.5234375 0.2515625 0.6625 0.140625 0.6625
1 0.4078125 0.7375 0.4953125 0.7375 0.4953125 0.8421875 0.4078125 0.8421875
1 0.3953125 0.840625 0.4890625 0.840625 0.4890625 0.9546875 0.3953125 0.9546875
1 0.6421875 0.7140625 0.7578125 0.7140625 0.7578125 0.8515625 0.6421875 0.8515625
1 0.7859375 0.7421875 0.9109375 0.7421875 0.9109375 0.896875 0.7859375 0.896875
1 0.3203125 0.715625 0.3875 0.715625 0.3875 0.8078125 0.3203125 0.8078125
1 0.6140625 0.8421875 0.7328125 0.8421875 0.7328125 0.971875 0.6140625 0.971875
1 0.93125 0.0578125 0.9984375 0.0578125 0.9984375 0.1734375 0.93125 0.1734375
1 0.65625 0.0796875 0.753125 0.0796875 0.753125 0.2109375 0.65625 0.2109375
1 0.1390625 0.2890625 0.215625 0.2890625 0.215625 0.409375 0.1390625 0.409375
1 0.1953125 0.2890625 0.2796875 0.2890625 0.2796875 0.434375 0.1953125 0.434375
1 0.228125 0.303125 0.3484375 0.303125 0.3484375 0.46875 0.228125 0.46875
1 0.4234375 0.3171875 0.51875 0.3171875 0.51875 0.428125 0.4234375 0.428125
1 0.303125 0.2484375 0.4015625 0.2484375 0.4015625 0.378125 0.303125 0.378125
1 0.390625 0.240625 0.4625 0.240625 0.4625 0.3359375 0.390625 0.3359375
1 0.3921875 0.0203125 0.4609375 0.0203125 0.4609375 0.0921875 0.3921875 0.0921875
1 0.7921875 0.0046875 0.890625 0.0046875 0.890625 0.084375 0.7921875 0.084375
1 0.0046875 0.659375 0.103125 0.659375 0.103125 0.8234375 0.0046875 0.8234375
0 0.090625 0.6546875 0.15625 0.6546875 0.15625 0.8015625 0.090625 0.8015625
0 0.146875 0.8859375 0.2640625 0.8859375 0.2640625 0.9984375 0.146875 0.9984375