1 0.0171875 0.3140625 0.059375 0.3140625 0.059375 0.4984375 0.0171875 0.4984375
1 0.34375 0.134375 0.5 0.134375 0.5 0.3046875 0.34375 0.3046875
1 0.43125 0.1453125 0.5859375 0.1453125 0.5859375 0.31875 0.43125 0.31875
1 0.5109375 0.4140625 0.6796875 0.4140625 0.6796875 0.596875 0.5109375 0.596875
1 0.5984375 0.4140625 0.75 0.4140625 0.75 0.5828125 0.5984375 0.5828125
1 0.5875 0.221875 0.7671875 0.221875 0.7671875 0.4234375 0.5875 0.4234375
1 0.671875 0.196875 0.865625 0.196875 0.865625 0.4046875 0.671875 0.4046875
1 0.790625 0.4484375 1 0.4484375 1 0.6609375 0.790625 0.6609375
1 0.2234375 0.653125 0.3953125 0.653125 0.3953125 0.8453125 0.2234375 0.8453125
1 0.5625 0.76875 0.6953125 0.76875 0.6953125 0.915625 0.5625 0.915625
1 0.6046875 0.8671875 0.7453125 0.8671875 0.7453125 1 0.6046875 1
1 0.753125 0.65 0.928125 0.65 0.928125 0.8421875 0.753125 0.8421875
1 0.8921875 0.6203125 1 0.6203125 1 0.828125 0.8921875 0.828125
1 0.4765625 0.7890625 0.584375 0.7890625 0.584375 0.9125 0.4765625 0.9125
1 0.79375 0.778125 0.9671875 0.778125 0.9671875 0.9640625 0.79375 0.9640625
1 0.4484375 0.0578125 0.603125 0.0578125 0.603125 0.234375 0.4484375 0.234375
1 0.1046875 0.4484375 0.2359375 0.4484375 0.2359375 0.6046875 0.1046875 0.6046875
1 0.153125 0.4265625 0.303125 0.4265625 0.303125 0.6078125 0.153125 0.6078125
1 0.1875 0.4109375 0.38125 0.4109375 0.38125 0.6328125 0.1875 0.6328125
1 0.365625 0.365625 0.509375 0.365625 0.509375 0.521875 0.365625 0.521875
1 0.2265625 0.3421875 0.3828125 0.3421875 0.3828125 0.51875 0.2265625 0.51875
1 0.3 0.315625 0.4140625 0.315625 0.4140625 0.4453125 0.3 0.4453125
1 0.190625 0.109375 0.290625 0.109375 0.290625 0.215625 0.190625 0.215625
1 0.1734375 0.8359375 0.3453125 0.8359375 0.3453125 1 0.1734375 1
0 0.246875 0.815625 0.38125 0.815625 0.38125 0.9890625 0.246875 0.9890625
0 0.409375 0.9875 0.56875 0.9875 0.56875 1 0.409375 1