1 0.0125 0.2296875 0.06875 0.2296875 0.06875 0.40625 0.0125 0.40625
1 0.403125 0.0859375 0.5421875 0.0859375 0.5421875 0.23125 0.403125 0.23125
1 0.490625 0.0984375 0.628125 0.0984375 0.628125 0.25 0.490625 0.25
1 0.5328125 0.3734375 0.6734375 0.3734375 0.6734375 0.521875 0.5328125 0.521875
1 0.6140625 0.365625 0.7546875 0.365625 0.7546875 0.51875 0.6140625 0.51875
1 0.634375 0.1796875 0.7953125 0.1796875 0.7953125 0.359375 0.634375 0.359375
1 0.7171875 0.1578125 0.9046875 0.1578125 0.9046875 0.34375 0.7171875 0.34375
1 0.7953125 0.4109375 1 0.4109375 1 0.603125 0.7953125 0.603125
1 0.19375 0.5890625 0.3578125 0.5890625 0.3578125 0.765625 0.19375 0.765625
1 0.5265625 0.71875 0.64375 0.71875 0.64375 0.84375 0.5265625 0.84375
1 0.546875 0.8140625 0.6828125 0.8140625 0.6828125 0.9578125 0.546875 0.9578125
1 0.7359375 0.6125 0.890625 0.6125 0.890625 0.775 0.7359375 0.775
1 0.8734375 0.5828125 1 0.5828125 1 0.778125 0.8734375 0.778125
1 0.4296875 0.7296875 0.5359375 0.7296875 0.5359375 0.8453125 0.4296875 0.8453125
1 0.7546875 0.7390625 0.9140625 0.7390625 0.9140625 0.8984375 0.7546875 0.8984375
1 0.7703125 0 0.875 0 0.875 0.0421875 0.7703125 0.0421875
1 0.5140625 0.0046875 0.6671875 0.0046875 0.6671875 0.1734375 0.5140625 0.1734375
1 0.1078125 0.38125 0.2296875 0.38125 0.2296875 0.525 0.1078125 0.525
1 0.16875 0.3671875 0.2921875 0.3671875 0.2921875 0.5265625 0.16875 0.5265625
1 0.20625 0.3609375 0.3671875 0.3609375 0.3671875 0.54375 0.20625 0.54375
1 0.3875 0.3109375 0.51875 0.3109375 0.51875 0.4484375 0.3875 0.4484375
1 0.2546875 0.2875 0.3875 0.2875 0.3875 0.4359375 0.2546875 0.4359375
1 0.328125 0.2546875 0.4359375 0.2546875 0.4359375 0.3734375 0.328125 0.3734375
1 0.25 0.0484375 0.3453125 0.0484375 0.3453125 0.1421875 0.25 0.1421875
1 0.115625 0.7703125 0.2734375 0.7703125 0.2734375 0.9609375 0.115625 0.9609375
0 0.1984375 0.75 0.3140625 0.75 0.3140625 0.9109375 0.1984375 0.9109375
0 0.334375 0.9328125 0.48125 0.9328125 0.48125 0.9953125 0.334375 0.9953125