1 0.0203125 0.2421875 0.0765625 0.2421875 0.0765625 0.4265625 0.0203125 0.4265625
1 0.3921875 0 0.5390625 0 0.5390625 0.1703125 0.3921875 0.1703125
1 0.48125 0 0.625 0 0.625 0.1703125 0.48125 0.1703125
1 0.540625 0.2640625 0.6890625 0.2640625 0.6890625 0.434375 0.540625 0.434375
1 0.621875 0.2390625 0.7703125 0.2390625 0.7703125 0.4171875 0.621875 0.4171875
1 0.63125 0.0453125 0.8 0.0453125 0.8 0.2515625 0.63125 0.2515625
1 0.7109375 0.0015625 0.9078125 0.0015625 0.9078125 0.2203125 0.7109375 0.2203125
1 0.80625 0.234375 1 0.234375 1 0.4640625 0.80625 0.4640625
1 0.2171875 0.54375 0.3890625 0.54375 0.3890625 0.746875 0.2171875 0.746875
1 0.55625 0.615625 0.6796875 0.615625 0.6796875 0.7609375 0.55625 0.7609375
1 0.5828125 0.7046875 0.7265625 0.7046875 0.7265625 0.8703125 0.5828125 0.8703125
1 0.759375 0.459375 0.921875 0.459375 0.921875 0.65 0.759375 0.65
1 0.8953125 0.4015625 1 0.4015625 1 0.6234375 0.8953125 0.6234375
1 0.4609375 0.646875 0.5734375 0.646875 0.5734375 0.78125 0.4609375 0.78125
1 0.7859375 0.5828125 0.9515625 0.5828125 0.9515625 0.7703125 0.7859375 0.7703125
1 0.4984375 0 0.659375 0 0.659375 0.0890625 0.4984375 0.0890625
1 0.11875 0.359375 0.246875 0.359375 0.246875 0.5234375 0.11875 0.5234375
1 0.1765625 0.3328125 0.309375 0.3328125 0.309375 0.5125 0.1765625 0.5125
1 0.2140625 0.3125 0.384375 0.3125 0.384375 0.525 0.2140625 0.525
1 0.390625 0.23125 0.5296875 0.23125 0.5296875 0.3921875 0.390625 0.3921875
1 0.2578125 0.234375 0.396875 0.234375 0.396875 0.4046875 0.2578125 0.4046875
1 0.328125 0.1921875 0.4421875 0.1921875 0.4421875 0.328125 0.328125 0.328125
1 0.2375 0.0015625 0.3375 0.0015625 0.3375 0.1125 0.2375 0.1125
1 0.15 0.740625 0.3171875 0.740625 0.3171875 0.959375 0.15 0.959375
0 0.23125 0.7109375 0.3546875 0.7109375 0.3546875 0.8921875 0.23125 0.8921875
0 0.3765625 0.8625 0.528125 0.8625 0.528125 0.9453125 0.3765625 0.9453125