1 0.003125 0.09375 0.103125 0.09375 0.103125 0.2375 0.003125 0.2375
1 0.521875 0.115625 0.615625 0.115625 0.615625 0.228125 0.521875 0.228125
1 0.590625 0.1484375 0.6984375 0.1484375 0.6984375 0.2796875 0.590625 0.2796875
1 0.5375 0.4234375 0.640625 0.4234375 0.640625 0.5453125 0.5375 0.5453125
1 0.61875 0.44375 0.715625 0.44375 0.715625 0.56875 0.61875 0.56875
1 0.703125 0.28125 0.8140625 0.28125 0.8140625 0.428125 0.703125 0.428125
1 0.79375 0.3015625 0.91875 0.3015625 0.91875 0.4359375 0.79375 0.4359375
1 0.7703125 0.565625 0.925 0.565625 0.925 0.7078125 0.7703125 0.7078125
1 0.1375 0.5203125 0.2546875 0.5203125 0.2546875 0.6640625 0.1375 0.6640625
1 0.4078125 0.7375 0.4953125 0.7375 0.4953125 0.8421875 0.4078125 0.8421875
1 0.396875 0.8421875 0.4875 0.8421875 0.4875 0.953125 0.396875 0.953125
1 0.6375 0.7125 0.7609375 0.7125 0.7609375 0.8546875 0.6375 0.8546875
1 0.78125 0.7390625 0.915625 0.7390625 0.915625 0.9 0.78125 0.9
1 0.3171875 0.715625 0.3890625 0.715625 0.3890625 0.809375 0.3171875 0.809375
1 0.615625 0.8421875 0.73125 0.8421875 0.73125 0.9703125 0.615625 0.9703125
1 0.928125 0.0578125 0.996875 0.0578125 0.996875 0.1734375 0.928125 0.1734375
1 0.653125 0.0765625 0.75625 0.0765625 0.75625 0.215625 0.653125 0.215625
1 0.1328125 0.284375 0.2203125 0.284375 0.2203125 0.4125 0.1328125 0.4125
1 0.2015625 0.2921875 0.2734375 0.2921875 0.2734375 0.43125 0.2015625 0.43125
1 0.228125 0.3046875 0.346875 0.3046875 0.346875 0.4671875 0.228125 0.4671875
1 0.41875 0.3125 0.5234375 0.3125 0.5234375 0.4328125 0.41875 0.4328125
1 0.3109375 0.253125 0.3953125 0.253125 0.3953125 0.3734375 0.3109375 0.3734375
1 0.3890625 0.2390625 0.4640625 0.2390625 0.4640625 0.3375 0.3890625 0.3375
1 0.3890625 0.0171875 0.465625 0.0171875 0.465625 0.096875 0.3890625 0.096875
1 0.7921875 0.003125 0.890625 0.003125 0.890625 0.0875 0.7921875 0.0875
1 0 0.65625 0.1078125 0.65625 0.1078125 0.8265625 0 0.8265625
0 0.0890625 0.653125 0.1578125 0.653125 0.1578125 0.803125 0.0890625 0.803125
0 0.146875 0.8875 0.2640625 0.8875 0.2640625 0.9984375 0.146875 0.9984375