1 0 0.090625 0.1078125 0.090625 0.1078125 0.240625 0 0.240625
1 0.51875 0.1125 0.61875 0.1125 0.61875 0.23125 0.51875 0.23125
1 0.596875 0.1515625 0.6921875 0.1515625 0.6921875 0.2765625 0.596875 0.2765625
1 0.5390625 0.425 0.6390625 0.425 0.6390625 0.5453125 0.5390625 0.5453125
1 0.61875 0.4421875 0.7171875 0.4421875 0.7171875 0.5703125 0.61875 0.5703125
1 0.703125 0.2796875 0.8140625 0.2796875 0.8140625 0.4296875 0.703125 0.4296875
1 0.7859375 0.2953125 0.925 0.2953125 0.925 0.4421875 0.7859375 0.4421875
1 0.7671875 0.5625 0.928125 0.5625 0.928125 0.709375 0.7671875 0.709375
1 0.1390625 0.5203125 0.2546875 0.5203125 0.2546875 0.6640625 0.1390625 0.6640625
1 0.4109375 0.7390625 0.4921875 0.7390625 0.4921875 0.8421875 0.4109375 0.8421875
1 0.39375 0.840625 0.4921875 0.840625 0.4921875 0.95625 0.39375 0.95625
1 0.64375 0.7171875 0.7546875 0.7171875 0.7546875 0.8484375 0.64375 0.8484375
1 0.7828125 0.740625 0.9140625 0.740625 0.9140625 0.8984375 0.7828125 0.8984375
1 0.315625 0.7140625 0.390625 0.7140625 0.390625 0.809375 0.315625 0.809375
1 0.615625 0.8421875 0.73125 0.8421875 0.73125 0.9703125 0.615625 0.9703125
1 0.928125 0.0578125 0.996875 0.0578125 0.996875 0.1734375 0.928125 0.1734375
1 0.6515625 0.0765625 0.7578125 0.0765625 0.7578125 0.215625 0.6515625 0.215625
1 0.1375 0.2875 0.2171875 0.2875 0.2171875 0.409375 0.1375 0.409375
1 0.2 0.290625 0.2734375 0.290625 0.2734375 0.4328125 0.2 0.4328125
1 0.234375 0.3078125 0.3421875 0.3078125 0.3421875 0.4640625 0.234375 0.4640625
1 0.4234375 0.3171875 0.51875 0.3171875 0.51875 0.428125 0.4234375 0.428125
1 0.30625 0.2515625 0.3984375 0.2515625 0.3984375 0.3734375 0.30625 0.3734375
1 0.3890625 0.2390625 0.4640625 0.2390625 0.4640625 0.3375 0.3890625 0.3375
1 0.390625 0.01875 0.4625 0.01875 0.4625 0.09375 0.390625 0.09375
1 0.7875 0 0.89375 0 0.89375 0.090625 0.7875 0.090625
1 0.003125 0.659375 0.103125 0.659375 0.103125 0.825 0.003125 0.825
0 0.090625 0.6546875 0.15625 0.6546875 0.15625 0.8015625 0.090625 0.8015625
0 0.1484375 0.8875 0.2640625 0.8875 0.2640625 0.9984375 0.1484375 0.9984375