1 0.2453125 0.0828125 0.4125 0.0828125 0.4125 0.2578125 0.2453125 0.2578125
1 0.33125 0.0578125 0.4984375 0.0578125 0.4984375 0.234375 0.33125 0.234375
1 0.4421875 0.28125 0.6234375 0.28125 0.6234375 0.46875 0.4421875 0.46875
1 0.5265625 0.2484375 0.690625 0.2484375 0.690625 0.421875 0.5265625 0.421875
1 0.4953125 0.059375 0.6890625 0.059375 0.6890625 0.265625 0.4953125 0.265625
1 0.575 0 0.7796875 0 0.7796875 0.209375 0.575 0.209375
1 0.7234375 0.1828125 0.940625 0.1828125 0.940625 0.4078125 0.7234375 0.4078125
1 0.1890625 0.6359375 0.375 0.6359375 0.375 0.83125 0.1890625 0.83125
1 0.534375 0.6140625 0.6765625 0.6140625 0.6765625 0.7640625 0.534375 0.7640625
1 0.584375 0.690625 0.7390625 0.690625 0.7390625 0.8515625 0.584375 0.8515625
1 0.70625 0.40625 0.89375 0.40625 0.89375 0.6046875 0.70625 0.6046875
1 0.8390625 0.321875 0.975 0.321875 0.975 0.5328125 0.8390625 0.5328125
1 0.45 0.678125 0.5671875 0.678125 0.5671875 0.8015625 0.45 0.8015625
1 0.7609375 0.515625 0.9453125 0.515625 0.9453125 0.7078125 0.7609375 0.7078125
1 0.3390625 0 0.50625 0 0.50625 0.14375 0.3390625 0.14375
1 0.0484375 0.5 0.1921875 0.5 0.1921875 0.653125 0.0484375 0.653125
1 0.0921875 0.4515625 0.2609375 0.4515625 0.2609375 0.6328125 0.0921875 0.6328125
1 0.1265625 0.4109375 0.3375 0.4109375 0.3375 0.6359375 0.1265625 0.6359375
1 0.2953125 0.3015625 0.4484375 0.3015625 0.4484375 0.4625 0.2953125 0.4625
1 0.15625 0.3359375 0.325 0.3359375 0.325 0.5140625 0.15625 0.5140625
1 0.2234375 0.2890625 0.346875 0.2890625 0.346875 0.4203125 0.2234375 0.4203125
1 0.09375 0.1359375 0.2 0.1359375 0.2 0.246875 0.09375 0.246875
1 0.1640625 0.8359375 0.35 0.8359375 0.35 0.978125 0.1640625 0.978125
0 0.228125 0.796875 0.38125 0.796875 0.38125 0.965625 0.228125 0.965625
0 0.41875 0.8828125 0.584375 0.8828125 0.584375 0.953125 0.41875 0.953125