0 76.8 129.920256 89.6 151.040256
0 88.32 165.759744 106.88 188.16
0 96.64 131.199744 112.0 148.479744
0 105.6 185.600256 129.28 211.839744
0 114.56 148.479744 131.84 169.599744
0 124.16 195.84 138.88 215.679744
0 149.12 185.600256 163.84 201.60000000000002
0 417.92 235.52025600000002 426.88 245.12025599999998
0 423.04 346.880256 517.12 426.24
0 432.0 247.68 440.32 258.560256
0 439.04 262.400256 450.56 273.920256
0 451.2 393.59999999999997 468.48 413.43974399999996
0 847.36 243.84 885.76 283.520256
0 874.24 227.840256 904.32 242.55974399999997
0 874.24 135.03974399999998 976.0 213.12
0 878.08 192.0 941.44 234.24
0 891.52 248.960256 912.64 278.4
0 917.76 232.959744 977.28 262.400256
