0 508.024832 317.84250799999995 608.99328 433.060398
0 0.0 51.649082 44.521472 137.467126
0 2.384896 455.30886799999996 60.422144 504.574924
0 62.012416 150.97477 140.720128 232.02523
0 71.553024 596.749236 144.695296 683.360856
0 96.99328 502.19113200000004 182.06208 567.348624
0 97.788928 308.30734 174.111744 373.464832
0 104.943616 233.613914 182.856704 318.63685
0 170.9312 543.5107039999999 273.490944 644.425076
0 277.466112 85.022936 354.583552 152.56422
0 297.341952 285.263762 358.55872 371.875382
0 300.521472 172.429664 341.0688 194.678134
0 334.707712 377.438074 418.980864 451.336392
0 364.12416 0.0 443.62752 75.487768
0 378.43456 551.456422 435.677184 608.6681960000001
0 390.360064 711.967126 488.148992 765.2056580000001
0 438.856704 185.938074 488.148992 235.997706
0 496.099328 73.898318 548.571136 123.163608
0 502.459392 697.6636080000001 546.18624 735.0107039999999
0 532.670464 105.682722 577.987584 148.59097799999998
0 539.826176 36.551988 603.428864 87.406728
0 542.211072 170.045872 597.863424 220.105504
0 601.043968 39.730122 678.956032 108.860856
0 624.893952 456.898318 662.260736 496.62844
0 707.577856 512.520642 800.595968 584.82951
0 731.428864 104.887614 796.6208 143.029052
0 768.794624 148.59097799999998 853.863424 224.078746
0 773.56544 42.113914 873.739264 128.7263
0 822.06208 588.802752 911.106048 678.593272
0 864.198656 80.255352 952.446976 148.59097799999998
0 927.801344 158.92125399999998 982.658048 205.80275200000003
