0 0.0 272.835625 5.12 290.7685
0 0.0 317.027275 10.24 347.76945
0 0.0 293.970825 31.36 320.2296
0 0.0 78.13615 76.16 288.20707500000003
0 0.0 468.176 78.72 539.2666
0 46.72 514.2889 61.44 541.82875
0 242.56 94.147775 309.12 171.643025
0 435.2 277.9592 461.44 299.0944
0 444.8 296.532975 458.88 346.48837499999996
0 499.84 284.36385 529.92 330.47675
0 611.2 414.37737500000003 613.76 435.51257499999997
0 768.64 413.0963 935.04 582.818075
0 832.64 566.80645 1023.36 650.7070749999999
0 852.48 83.8999 953.6 149.22675
0 945.92 89.0242 986.24 149.22675
