0 540.121181 640.0 601.629429 758.4
0 0.0 284.8 69.83743299999999 447.36
0 47.412493999999995 232.32 136.471596 389.76
0 106.99878 172.8 189.010005 347.52
0 154.411957 240.64 245.393021 389.76
0 241.549097 298.88 322.27833100000004 449.28
0 255.644168 116.48 370.97281599999997 284.8
0 276.787799 270.72 358.79902400000003 378.88
0 294.087506 805.76 372.894778 898.56
0 301.135383 364.8 386.990532 478.72
0 336.37408500000004 401.92 661.856369 791.68
0 358.79902400000003 277.76 458.75061 428.16
0 551.653636 888.32 635.587506 977.28
0 556.779551 304.0 647.760615 426.24
0 602.270083 207.36 682.359346 354.56
0 647.760615 942.08 682.359346 1023.36
0 665.700976 805.76 682.359346 888.32
