1 0.0609375 0.1375 0.3515625 0.1375 0.3515625 0.4625 0.0609375 0.4625
1 0.225 0.1421875 0.6171875 0.1421875 0.6171875 0.6203125 0.225 0.6203125
1 0.4484375 0.25 0.7953125 0.25 0.7953125 0.675 0.4484375 0.675
1 0.5859375 0.3453125 0.971875 0.3453125 0.971875 0.815625 0.5859375 0.815625
1 0.625 0.1 0.9109375 0.1 0.9109375 0.4421875 0.625 0.4421875
1 0.3859375 0.0234375 0.7359375 0.0234375 0.7359375 0.428125 0.3859375 0.428125
1 0.321875 0 0.5921875 0 0.5921875 0.2953125 0.321875 0.2953125
0 0.14375 0.2421875 0.2671875 0.2421875 0.2671875 0.3765625 0.14375 0.3765625
0 0.3546875 0.2734375 0.5109375 0.2734375 0.5109375 0.46875 0.3546875 0.46875
0 0.4953125 0.140625 0.63125 0.140625 0.63125 0.3015625 0.4953125 0.3015625
0 0.4171875 0.0578125 0.5390625 0.0578125 0.5390625 0.2046875 0.4171875 0.2046875
0 0.55 0.3359375 0.70625 0.3359375 0.70625 0.53125 0.55 0.53125
0 0.684375 0.2015625 0.81875 0.2015625 0.81875 0.3640625 0.684375 0.3640625
0 0.6984375 0.496875 0.821875 0.496875 0.821875 0.65 0.6984375 0.65