1 0.0734375 0.4234375 0.3546875 0.4234375 0.3546875 0.6859375 0.0734375 0.6859375
1 0.2609375 0.2859375 0.6296875 0.2859375 0.6296875 0.6859375 0.2609375 0.6859375
1 0.496875 0.240625 0.8375 0.240625 0.8375 0.6109375 0.496875 0.6109375
1 0.6921875 0.215625 1 0.215625 1 0.61875 0.6921875 0.61875
1 0.5140625 0.0625 0.778125 0.0625 0.778125 0.3421875 0.5140625 0.3421875
1 0.28125 0.128125 0.6140625 0.128125 0.6140625 0.4578125 0.28125 0.4578125
1 0.1734375 0.1765625 0.440625 0.1765625 0.440625 0.4171875 0.1734375 0.4171875
0 0.1578125 0.5046875 0.284375 0.5046875 0.284375 0.6203125 0.1578125 0.6203125
0 0.3734375 0.3875 0.5234375 0.3875 0.5234375 0.55625 0.3734375 0.55625
0 0.3796875 0.21875 0.5125 0.21875 0.5125 0.35625 0.3796875 0.35625
0 0.2546875 0.2125 0.3703125 0.2125 0.3703125 0.3359375 0.2546875 0.3359375
0 0.5796875 0.3203125 0.725 0.3203125 0.725 0.484375 0.5796875 0.484375
0 0.5765625 0.1484375 0.7078125 0.1484375 0.7078125 0.2921875 0.5765625 0.2921875
0 0.8015625 0.35625 0.9171875 0.35625 0.9171875 0.490625 0.8015625 0.490625