1 0.0375 0.3 0.265625 0.3 0.265625 0.55 0.0375 0.55
1 0.2578125 0.20625 0.528125 0.20625 0.528125 0.5859375 0.2578125 0.5859375
1 0.4859375 0.1890625 0.75625 0.1890625 0.75625 0.5578125 0.4859375 0.5578125
1 0.6765625 0.2046875 0.9625 0.2046875 0.9625 0.5984375 0.6765625 0.5984375
1 0.5921875 0.0109375 0.796875 0.0109375 0.796875 0.28125 0.5921875 0.28125
1 0.334375 0.0359375 0.6140625 0.0359375 0.6140625 0.3703125 0.334375 0.3703125
1 0.2328125 0.06875 0.453125 0.06875 0.453125 0.2984375 0.2328125 0.2984375
0 0.1015625 0.3765625 0.2078125 0.3765625 0.2078125 0.4890625 0.1015625 0.4890625
0 0.346875 0.303125 0.45625 0.303125 0.45625 0.4625 0.346875 0.4625
0 0.4265625 0.1328125 0.5234375 0.1328125 0.5234375 0.2609375 0.4265625 0.2609375
0 0.3078125 0.096875 0.4078125 0.096875 0.4078125 0.225 0.3078125 0.225
0 0.559375 0.2640625 0.6765625 0.2640625 0.6765625 0.4296875 0.559375 0.4296875
0 0.63125 0.09375 0.734375 0.09375 0.734375 0.234375 0.63125 0.234375
0 0.75 0.334375 0.8484375 0.334375 0.8484375 0.4734375 0.75 0.4734375