1 0.053125 0.3734375 0.2734375 0.3734375 0.2734375 0.578125 0.053125 0.578125
1 0.2703125 0.315625 0.5421875 0.315625 0.5421875 0.65 0.2703125 0.65
1 0.5171875 0.3453125 0.7546875 0.3453125 0.7546875 0.64375 0.5171875 0.64375
1 0.70625 0.3859375 0.9734375 0.3859375 0.9734375 0.715625 0.70625 0.715625
1 0.590625 0.159375 0.7921875 0.159375 0.7921875 0.3953125 0.590625 0.3953125
1 0.34375 0.1671875 0.6015625 0.1671875 0.6015625 0.434375 0.34375 0.434375
1 0.2328125 0.1703125 0.4421875 0.1703125 0.4421875 0.353125 0.2328125 0.353125
0 0.11875 0.4421875 0.215625 0.4421875 0.215625 0.5265625 0.11875 0.5265625
0 0.3609375 0.4015625 0.465625 0.4015625 0.465625 0.540625 0.3609375 0.540625
0 0.425 0.240625 0.5203125 0.240625 0.5203125 0.3515625 0.425 0.3515625
0 0.30625 0.190625 0.39375 0.190625 0.39375 0.2921875 0.30625 0.2921875
0 0.5765625 0.396875 0.6828125 0.396875 0.6828125 0.5359375 0.5765625 0.5359375
0 0.6359375 0.234375 0.7265625 0.234375 0.7265625 0.35 0.6359375 0.35
0 0.778125 0.4953125 0.859375 0.4953125 0.859375 0.60625 0.778125 0.60625