1 0.1046875 0.5078125 0.40625 0.5078125 0.40625 0.821875 0.1046875 0.821875
1 0.2390625 0.28125 0.646875 0.28125 0.646875 0.7203125 0.2390625 0.7203125
1 0.4234375 0.1328125 0.825 0.1328125 0.825 0.5640625 0.4234375 0.5640625
1 0.6015625 0.0171875 1 0.0171875 1 0.4765625 0.6015625 0.4765625
1 0.3765625 0 0.6734375 0 0.6734375 0.3109375 0.3765625 0.3109375
1 0.18125 0.11875 0.5671875 0.11875 0.5671875 0.5265625 0.18125 0.5265625
1 0.1046875 0.2421875 0.3875 0.2421875 0.3875 0.534375 0.1046875 0.534375
0 0.1953125 0.596875 0.3328125 0.596875 0.3328125 0.740625 0.1953125 0.740625
0 0.35625 0.39375 0.5265625 0.39375 0.5265625 0.578125 0.35625 0.578125
0 0.3 0.2421875 0.4421875 0.2421875 0.4421875 0.39375 0.3 0.39375
0 0.1703125 0.2875 0.315625 0.2875 0.315625 0.4421875 0.1703125 0.4421875
0 0.5125 0.2359375 0.690625 0.2359375 0.690625 0.4296875 0.5125 0.4296875
0 0.45 0.0890625 0.603125 0.0890625 0.603125 0.253125 0.45 0.253125
0 0.7265625 0.18125 0.875 0.18125 0.875 0.3421875 0.7265625 0.3421875