1 0.0546875 0.3765625 0.271875 0.3765625 0.271875 0.575 0.0546875 0.575
1 0.275 0.31875 0.5375 0.31875 0.5375 0.6453125 0.275 0.6453125
1 0.515625 0.34375 0.75625 0.34375 0.75625 0.64375 0.515625 0.64375
1 0.7078125 0.3875 0.971875 0.3875 0.971875 0.7140625 0.7078125 0.7140625
1 0.596875 0.1640625 0.7859375 0.1640625 0.7859375 0.390625 0.596875 0.390625
1 0.3484375 0.171875 0.596875 0.171875 0.596875 0.43125 0.3484375 0.43125
1 0.2328125 0.171875 0.4421875 0.171875 0.4421875 0.3515625 0.2328125 0.3515625
0 0.11875 0.440625 0.2171875 0.440625 0.2171875 0.528125 0.11875 0.528125
0 0.3609375 0.4015625 0.465625 0.4015625 0.465625 0.540625 0.3609375 0.540625
0 0.425 0.240625 0.5203125 0.240625 0.5203125 0.3515625 0.425 0.3515625
0 0.3078125 0.1921875 0.3921875 0.1921875 0.3921875 0.290625 0.3078125 0.290625
0 0.5796875 0.3984375 0.6796875 0.3984375 0.6796875 0.534375 0.5796875 0.534375
0 0.634375 0.2328125 0.728125 0.2328125 0.728125 0.3515625 0.634375 0.3515625
0 0.7796875 0.4953125 0.859375 0.4953125 0.859375 0.60625 0.7796875 0.60625