1 0.0390625 0.2203125 0.30625 0.2203125 0.30625 0.50625 0.0390625 0.50625
1 0.2296875 0.18125 0.5765625 0.18125 0.5765625 0.6140625 0.2296875 0.6140625
1 0.4609375 0.2375 0.7796875 0.2375 0.7796875 0.6359375 0.4609375 0.6359375
1 0.625 0.3 0.9734375 0.3 0.9734375 0.734375 0.625 0.734375
1 0.6109375 0.075 0.859375 0.075 0.859375 0.3765625 0.6109375 0.3765625
1 0.3609375 0.04375 0.675 0.04375 0.675 0.403125 0.3609375 0.403125
1 0.271875 0.0359375 0.5265625 0.0359375 0.5265625 0.3015625 0.271875 0.3015625
0 0.1140625 0.3078125 0.2328125 0.3078125 0.2328125 0.434375 0.1140625 0.434375
0 0.34375 0.296875 0.484375 0.296875 0.484375 0.478125 0.34375 0.478125
0 0.4578125 0.14375 0.5828125 0.14375 0.5828125 0.2921875 0.4578125 0.2921875
0 0.3625 0.0828125 0.471875 0.0828125 0.471875 0.215625 0.3625 0.215625
0 0.553125 0.31875 0.690625 0.31875 0.690625 0.496875 0.553125 0.496875
0 0.659375 0.1625 0.7828125 0.1625 0.7828125 0.3171875 0.659375 0.3171875
0 0.725 0.44375 0.834375 0.44375 0.834375 0.5859375 0.725 0.5859375