1 0.0578125 0.378125 0.26875 0.378125 0.26875 0.5734375 0.0578125 0.5734375
1 0.284375 0.325 0.5296875 0.325 0.5296875 0.6390625 0.284375 0.6390625
1 0.5140625 0.340625 0.759375 0.340625 0.759375 0.646875 0.5140625 0.646875
1 0.709375 0.3875 0.96875 0.3875 0.96875 0.7140625 0.709375 0.7140625
1 0.5984375 0.1671875 0.784375 0.1671875 0.784375 0.3875 0.5984375 0.3875
1 0.34375 0.1671875 0.6015625 0.1671875 0.6015625 0.434375 0.34375 0.434375
1 0.2359375 0.1734375 0.440625 0.1734375 0.440625 0.35 0.2359375 0.35
0 0.11875 0.440625 0.2171875 0.440625 0.2171875 0.528125 0.11875 0.528125
0 0.3640625 0.403125 0.4625 0.403125 0.4625 0.5375 0.3640625 0.5375
0 0.428125 0.2421875 0.5171875 0.2421875 0.5171875 0.3484375 0.428125 0.3484375
0 0.3046875 0.1890625 0.3953125 0.1890625 0.3953125 0.29375 0.3046875 0.29375
0 0.5765625 0.396875 0.6828125 0.396875 0.6828125 0.5359375 0.5765625 0.5359375
0 0.634375 0.234375 0.728125 0.234375 0.728125 0.35 0.634375 0.35
0 0.775 0.49375 0.8640625 0.49375 0.8640625 0.609375 0.775 0.609375