1 0.015625 0.4328125 0.2984375 0.4328125 0.2984375 0.7171875 0.015625 0.7171875
1 0.2015625 0.2703125 0.5796875 0.2703125 0.5796875 0.7 0.2015625 0.7
1 0.446875 0.215625 0.7796875 0.215625 0.7796875 0.596875 0.446875 0.596875
1 0.6390625 0.1671875 0.99375 0.1671875 0.99375 0.590625 0.6390625 0.590625
1 0.4640625 0.03125 0.7390625 0.03125 0.7390625 0.3390625 0.4640625 0.3390625
1 0.2296875 0.1125 0.5703125 0.1125 0.5703125 0.471875 0.2296875 0.471875
1 0.1265625 0.1796875 0.3921875 0.1796875 0.3921875 0.4375 0.1265625 0.4375
0 0.1015625 0.521875 0.2234375 0.521875 0.2234375 0.640625 0.1015625 0.640625
0 0.31875 0.3828125 0.46875 0.3828125 0.46875 0.559375 0.31875 0.559375
0 0.3328125 0.2140625 0.4640625 0.2140625 0.4640625 0.359375 0.3328125 0.359375
0 0.20625 0.2203125 0.3234375 0.2203125 0.3234375 0.3515625 0.20625 0.3515625
0 0.525 0.2953125 0.675 0.2953125 0.675 0.4703125 0.525 0.4703125
0 0.5328125 0.128125 0.6609375 0.128125 0.6609375 0.2765625 0.5328125 0.2765625
0 0.7453125 0.3171875 0.8640625 0.3171875 0.8640625 0.45625 0.7453125 0.45625