1 0.2921875 0.390625 0.521875 0.390625 0.521875 0.6640625 0.2921875 0.6640625
1 0.3953125 0.328125 0.6796875 0.328125 0.6796875 0.6296875 0.3953125 0.6296875
1 0.4984375 0.5 0.7625 0.5 0.7625 0.8125 0.4984375 0.8125
1 0.2515625 0.60625 0.553125 0.60625 0.553125 0.9640625 0.2515625 0.9640625
1 0.071875 0.553125 0.3234375 0.553125 0.3234375 0.8625 0.071875 0.8625
1 0.14375 0.33125 0.390625 0.33125 0.390625 0.6359375 0.14375 0.6359375
1 0.28125 0.1671875 0.54375 0.1671875 0.54375 0.4625 0.28125 0.4625
1 0.5484375 0.2578125 0.8015625 0.2578125 0.8015625 0.5515625 0.5484375 0.5515625
1 0.3828125 0.13125 0.6546875 0.13125 0.6546875 0.3828125 0.3828125 0.3828125
1 0.5890625 0.61875 0.8359375 0.61875 0.8359375 0.9078125 0.5890625 0.9078125
1 0.6328125 0.3390625 0.8875 0.3390625 0.8875 0.621875 0.6328125 0.621875