1 0.2640625 0.3453125 0.56875 0.3453125 0.56875 0.678125 0.2640625 0.678125
1 0.4015625 0.3640625 0.721875 0.3640625 0.721875 0.7109375 0.4015625 0.7109375
1 0.3859375 0.5421875 0.7296875 0.5421875 0.7296875 0.915625 0.3859375 0.915625
1 0.1 0.521875 0.465625 0.521875 0.465625 0.91875 0.1 0.91875
1 0 0.371875 0.3015625 0.371875 0.3015625 0.7375 0 0.7375
1 0.15625 0.2390625 0.4625 0.2390625 0.4625 0.571875 0.15625 0.571875
1 0.3640625 0.159375 0.6953125 0.159375 0.6953125 0.5203125 0.3640625 0.5203125
1 0.58125 0.3875 0.871875 0.3875 0.871875 0.703125 0.58125 0.703125
1 0.5140625 0.1921875 0.796875 0.1921875 0.796875 0.5 0.5140625 0.5
1 0.4265625 0.690625 0.7328125 0.690625 0.7328125 1 0.4265625 1
1 0.615625 0.4875 0.915625 0.4875 0.915625 0.8125 0.615625 0.8125