1 0.3328125 0.4109375 0.50625 0.4109375 0.50625 0.6265625 0.3328125 0.6265625
1 0.4015625 0.303125 0.6359375 0.303125 0.6359375 0.534375 0.4015625 0.534375
1 0.5546875 0.41875 0.778125 0.41875 0.778125 0.6828125 0.5546875 0.6828125
1 0.3953125 0.625 0.6265625 0.625 0.6265625 0.9046875 0.3953125 0.9046875
1 0.19375 0.6390625 0.4078125 0.6390625 0.4078125 0.909375 0.19375 0.909375
1 0.1828125 0.409375 0.375 0.409375 0.375 0.6578125 0.1828125 0.6578125
1 0.234375 0.190625 0.459375 0.190625 0.459375 0.434375 0.234375 0.434375
1 0.5140625 0.1765625 0.7125 0.1765625 0.7125 0.409375 0.5140625 0.409375
1 0.30625 0.134375 0.534375 0.134375 0.534375 0.296875 0.30625 0.296875
1 0.675 0.4984375 0.88125 0.4984375 0.88125 0.740625 0.675 0.740625
1 0.621875 0.228125 0.8109375 0.228125 0.8109375 0.4328125 0.621875 0.4328125