1 0.325 0.3796875 0.5109375 0.3796875 0.5109375 0.59375 0.325 0.59375
1 0.4109375 0.284375 0.6296875 0.284375 0.6296875 0.4828125 0.4109375 0.4828125
1 0.559375 0.390625 0.76875 0.390625 0.76875 0.628125 0.559375 0.628125
1 0.3875 0.6015625 0.609375 0.6015625 0.609375 0.8578125 0.3875 0.8578125
1 0.1890625 0.625 0.3859375 0.625 0.3859375 0.8671875 0.1890625 0.8671875
1 0.1890625 0.3953125 0.3640625 0.3953125 0.3640625 0.61875 0.1890625 0.61875
1 0.246875 0.175 0.4609375 0.175 0.4609375 0.39375 0.246875 0.39375
1 0.5296875 0.1546875 0.7109375 0.1546875 0.7109375 0.353125 0.5296875 0.353125
1 0.31875 0.1109375 0.5421875 0.1109375 0.5421875 0.25625 0.31875 0.25625
1 0.6796875 0.4671875 0.8671875 0.4671875 0.8671875 0.68125 0.6796875 0.68125
1 0.625 0.190625 0.8203125 0.190625 0.8203125 0.3875 0.625 0.3875