1 0.2734375 0.3984375 0.496875 0.3984375 0.496875 0.6359375 0.2734375 0.6359375
1 0.3296875 0.2671875 0.609375 0.2671875 0.609375 0.525 0.3296875 0.525
1 0.5015625 0.35625 0.759375 0.35625 0.759375 0.628125 0.5015625 0.628125
1 0.35625 0.584375 0.6515625 0.584375 0.6515625 0.8953125 0.35625 0.8953125
1 0.175 0.6609375 0.4203125 0.6609375 0.4203125 0.934375 0.175 0.934375
1 0.1265625 0.43125 0.36875 0.43125 0.36875 0.696875 0.1265625 0.696875
1 0.159375 0.203125 0.4171875 0.203125 0.4171875 0.4578125 0.159375 0.4578125
1 0.421875 0.121875 0.671875 0.121875 0.671875 0.3765625 0.421875 0.3765625
1 0.2125 0.1140625 0.4828125 0.1140625 0.4828125 0.3203125 0.2125 0.3203125
1 0.6296875 0.4078125 0.8703125 0.4078125 0.8703125 0.659375 0.6296875 0.659375
1 0.5296875 0.1421875 0.778125 0.1421875 0.778125 0.384375 0.5296875 0.384375