1 0.2984375 0.284375 0.5203125 0.284375 0.5203125 0.54375 0.2984375 0.54375
1 0.396875 0.1828125 0.6796875 0.1828125 0.6796875 0.475 0.396875 0.475
1 0.49375 0.315625 0.7765625 0.315625 0.7765625 0.6390625 0.49375 0.6390625
1 0.2625 0.4984375 0.55625 0.4984375 0.55625 0.840625 0.2625 0.840625
1 0.0671875 0.4890625 0.3421875 0.4890625 0.3421875 0.8140625 0.0671875 0.8140625
1 0.14375 0.2625 0.3921875 0.2625 0.3921875 0.5609375 0.14375 0.5609375
1 0.2703125 0.0515625 0.5484375 0.0515625 0.5484375 0.3546875 0.2703125 0.3546875
1 0.5484375 0.075 0.7984375 0.075 0.7984375 0.359375 0.5484375 0.359375
1 0.384375 0.003125 0.64375 0.003125 0.64375 0.228125 0.384375 0.228125
1 0.5890625 0.4125 0.8484375 0.4125 0.8484375 0.7078125 0.5890625 0.7078125
1 0.64375 0.140625 0.8765625 0.140625 0.8765625 0.3953125 0.64375 0.3953125