1 0.334375 0.3859375 0.5015625 0.3859375 0.5015625 0.5859375 0.334375 0.5859375
1 0.409375 0.28125 0.6328125 0.28125 0.6328125 0.4859375 0.409375 0.4859375
1 0.565625 0.396875 0.7609375 0.396875 0.7609375 0.621875 0.565625 0.621875
1 0.3875 0.6 0.6109375 0.6 0.6109375 0.859375 0.3875 0.859375
1 0.196875 0.63125 0.378125 0.63125 0.378125 0.8609375 0.196875 0.8609375
1 0.1875 0.39375 0.365625 0.39375 0.365625 0.61875 0.1875 0.61875
1 0.253125 0.1796875 0.4546875 0.1796875 0.4546875 0.3875 0.253125 0.3875
1 0.525 0.15 0.715625 0.15 0.715625 0.359375 0.525 0.359375
1 0.3171875 0.1078125 0.5453125 0.1078125 0.5453125 0.259375 0.3171875 0.259375
1 0.68125 0.4703125 0.8640625 0.4703125 0.8640625 0.6796875 0.68125 0.6796875
1 0.625 0.190625 0.8203125 0.190625 0.8203125 0.3875 0.625 0.3875