1 0.3359375 0.3875 0.5015625 0.3875 0.5015625 0.584375 0.3359375 0.584375
1 0.4078125 0.2796875 0.6328125 0.2796875 0.6328125 0.4875 0.4078125 0.4875
1 0.55625 0.3890625 0.7703125 0.3890625 0.7703125 0.6296875 0.55625 0.6296875
1 0.3875 0.6015625 0.609375 0.6015625 0.609375 0.8578125 0.3875 0.8578125
1 0.1859375 0.621875 0.390625 0.621875 0.390625 0.8703125 0.1859375 0.8703125
1 0.1859375 0.3921875 0.36875 0.3921875 0.36875 0.6203125 0.1859375 0.6203125
1 0.2453125 0.1734375 0.4609375 0.1734375 0.4609375 0.39375 0.2453125 0.39375
1 0.525 0.1484375 0.715625 0.1484375 0.715625 0.359375 0.525 0.359375
1 0.3203125 0.1140625 0.540625 0.1140625 0.540625 0.253125 0.3203125 0.253125
1 0.675 0.4640625 0.871875 0.4640625 0.871875 0.684375 0.675 0.684375
1 0.6328125 0.1953125 0.8125 0.1953125 0.8125 0.38125 0.6328125 0.38125