1 0.2625 0.29375 0.490625 0.29375 0.490625 0.5625 0.2625 0.5625
1 0.3453125 0.1671875 0.6046875 0.1671875 0.6046875 0.43125 0.3453125 0.43125
1 0.49375 0.2296875 0.753125 0.2296875 0.753125 0.53125 0.49375 0.53125
1 0.33125 0.4796875 0.603125 0.4796875 0.603125 0.803125 0.33125 0.803125
1 0.1328125 0.5671875 0.3796875 0.5671875 0.3796875 0.86875 0.1328125 0.86875
1 0.125 0.35 0.3453125 0.35 0.3453125 0.6265625 0.125 0.6265625
1 0.1734375 0.1078125 0.4328125 0.1078125 0.4328125 0.390625 0.1734375 0.390625
1 0.459375 0.0171875 0.6796875 0.0171875 0.6796875 0.271875 0.459375 0.271875
1 0.25 0.025 0.503125 0.025 0.503125 0.234375 0.25 0.234375
1 0.6203125 0.2765625 0.8515625 0.2765625 0.8515625 0.5484375 0.6203125 0.5484375
1 0.55625 0.0203125 0.7921875 0.0203125 0.7921875 0.275 0.55625 0.275