1 0.3359375 0.0484375 0.675 0.0484375 0.675 0.3171875 0.3359375 0.3171875
0 0.471875 0.1703125 0.534375 0.1703125 0.534375 0.2234375 0.471875 0.2234375
1 0.2296875 0.528125 0.6546875 0.528125 0.6546875 0.9140625 0.2296875 0.9140625
1 0.1 0.434375 0.371875 0.434375 0.371875 0.6703125 0.1 0.6703125
1 0.0015625 0.559375 0.1625 0.559375 0.1625 0.715625 0.0015625 0.715625
1 0.0046875 0.0328125 0.165625 0.0328125 0.165625 0.1640625 0.0046875 0.1640625
1 0.7875 0.040625 0.996875 0.040625 0.996875 0.2953125 0.7875 0.2953125
1 0.38125 0.3625 0.6984375 0.3625 0.6984375 0.603125 0.38125 0.603125
0 0.3984375 0.7 0.4640625 0.7 0.4640625 0.7546875 0.3984375 0.7546875
0 0.2109375 0.5234375 0.25625 0.5234375 0.25625 0.5640625 0.2109375 0.5640625
0 0.509375 0.4515625 0.565625 0.4515625 0.565625 0.496875 0.509375 0.496875
0 0.9140625 0.1390625 0.984375 0.1390625 0.984375 0.196875 0.9140625 0.196875
0 0.0625 0.0859375 0.090625 0.0859375 0.090625 0.1125 0.0625 0.1125