1 0.2765625 0.0015625 0.6609375 0.0015625 0.6609375 0.334375 0.2765625 0.334375
0 0.4328125 0.1515625 0.5015625 0.1515625 0.5015625 0.2109375 0.4328125 0.2109375
1 0.215625 0.484375 0.690625 0.484375 0.690625 0.934375 0.215625 0.934375
1 0.0828125 0.434375 0.3828125 0.434375 0.3828125 0.70625 0.0828125 0.70625
1 0 0.5828125 0.1828125 0.5828125 0.1828125 0.771875 0 0.771875
1 0 0.0671875 0.128125 0.0671875 0.128125 0.215625 0 0.215625
1 0.7234375 0 0.9734375 0 0.9734375 0.246875 0.7234375 0.246875
1 0.3640625 0.3265625 0.6953125 0.3265625 0.6953125 0.5921875 0.3640625 0.5921875
0 0.4078125 0.6875 0.4765625 0.6875 0.4765625 0.7484375 0.4078125 0.7484375
0 0.203125 0.5390625 0.2546875 0.5390625 0.2546875 0.5859375 0.203125 0.5859375
0 0.4953125 0.4234375 0.55625 0.4234375 0.55625 0.478125 0.4953125 0.478125
0 0.871875 0.0546875 0.9484375 0.0546875 0.9484375 0.125 0.871875 0.125
0 0.01875 0.1296875 0.05 0.1296875 0.05 0.1578125 0.01875 0.1578125