1 0.353125 0 0.740625 0 0.740625 0.2828125 0.353125 0.2828125
0 0.50625 0.065625 0.5796875 0.065625 0.5796875 0.140625 0.50625 0.140625
1 0.1359375 0.3703125 0.6328125 0.3703125 0.6328125 0.9046875 0.1359375 0.9046875
1 0.05625 0.3046875 0.3703125 0.3046875 0.3703125 0.6328125 0.05625 0.6328125
1 0 0.4515625 0.1390625 0.4515625 0.1390625 0.659375 0 0.659375
1 0.0578125 0 0.2421875 0 0.2421875 0.1046875 0.0578125 0.1046875
1 0.803125 0 0.996875 0 0.996875 0.23125 0.803125 0.23125
1 0.34375 0.2171875 0.70625 0.2171875 0.70625 0.5671875 0.34375 0.5671875
0 0.334375 0.6046875 0.409375 0.6046875 0.409375 0.6828125 0.334375 0.6828125
0 0.1859375 0.4328125 0.2390625 0.4328125 0.2390625 0.4875 0.1859375 0.4875
0 0.4921875 0.3515625 0.55625 0.3515625 0.55625 0.415625 0.4921875 0.415625
0 0.946875 0.0296875 0.9921875 0.0296875 0.9921875 0.10625 0.946875 0.10625
0 0.1265625 0 0.1609375 0 0.1609375 0.03125 0.1265625 0.03125