1 0.334375 0.046875 0.675 0.046875 0.675 0.31875 0.334375 0.31875
0 0.4703125 0.1703125 0.534375 0.1703125 0.534375 0.2234375 0.4703125 0.2234375
1 0.24375 0.5453125 0.640625 0.5453125 0.640625 0.8984375 0.24375 0.8984375
1 0.1046875 0.4390625 0.36875 0.4390625 0.36875 0.6640625 0.1046875 0.6640625
1 0 0.5578125 0.1640625 0.5578125 0.1640625 0.715625 0 0.715625
1 0.00625 0.034375 0.1625 0.034375 0.1625 0.1625 0.00625 0.1625
1 0.784375 0.0359375 0.9984375 0.0359375 0.9984375 0.2984375 0.784375 0.2984375
1 0.3890625 0.375 0.690625 0.375 0.690625 0.5890625 0.3890625 0.5890625
0 0.3984375 0.7 0.4640625 0.7 0.4640625 0.7546875 0.3984375 0.7546875
0 0.2109375 0.5234375 0.25625 0.5234375 0.25625 0.5640625 0.2109375 0.5640625
0 0.5109375 0.4515625 0.5640625 0.4515625 0.5640625 0.4953125 0.5109375 0.4953125
0 0.9140625 0.1359375 0.9859375 0.1359375 0.9859375 0.1984375 0.9140625 0.1984375
0 0.0609375 0.0859375 0.0921875 0.0859375 0.0921875 0.1125 0.0609375 0.1125