1 0.2078125 0.0359375 0.6296875 0.0359375 0.6296875 0.4046875 0.2078125 0.4046875
0 0.3765625 0.1984375 0.4578125 0.1984375 0.4578125 0.26875 0.3765625 0.26875
1 0.184375 0.5296875 0.684375 0.5296875 0.684375 0.9953125 0.184375 0.9953125
1 0.0390625 0.4765625 0.3703125 0.4765625 0.3703125 0.778125 0.0390625 0.778125
1 0 0.634375 0.16875 0.634375 0.16875 0.8375 0 0.8375
1 0 0.121875 0.0859375 0.121875 0.0859375 0.2875 0 0.2875
1 0.653125 0.046875 0.9390625 0.046875 0.9390625 0.3046875 0.653125 0.3046875
1 0.315625 0.3609375 0.678125 0.3609375 0.678125 0.6609375 0.315625 0.6609375
0 0.384375 0.7328125 0.4640625 0.7328125 0.4640625 0.8078125 0.384375 0.8078125
0 0.171875 0.5921875 0.228125 0.5921875 0.228125 0.646875 0.171875 0.646875
0 0.459375 0.4734375 0.525 0.4734375 0.525 0.53125 0.459375 0.53125
0 0.8109375 0.09375 0.9015625 0.09375 0.9015625 0.1765625 0.8109375 0.1765625