1 0.3296875 0.040625 0.6796875 0.040625 0.6796875 0.3265625 0.3296875 0.3265625
0 0.471875 0.1703125 0.534375 0.1703125 0.534375 0.221875 0.471875 0.221875
1 0.228125 0.525 0.65625 0.525 0.65625 0.9171875 0.228125 0.9171875
1 0.1 0.434375 0.371875 0.434375 0.371875 0.6703125 0.1 0.6703125
1 0 0.55625 0.16875 0.55625 0.16875 0.721875 0 0.721875
1 0.0046875 0.034375 0.1640625 0.034375 0.1640625 0.1625 0.0046875 0.1625
1 0.7796875 0.034375 0.9984375 0.034375 0.9984375 0.3015625 0.7796875 0.3015625
1 0.3875 0.3703125 0.6921875 0.3703125 0.6921875 0.59375 0.3875 0.59375
0 0.4 0.7015625 0.4625 0.7015625 0.4625 0.753125 0.4 0.753125
0 0.2109375 0.5234375 0.25625 0.5234375 0.25625 0.5640625 0.2109375 0.5640625
0 0.509375 0.4515625 0.565625 0.4515625 0.565625 0.496875 0.509375 0.496875
0 0.9140625 0.1375 0.984375 0.1375 0.984375 0.196875 0.9140625 0.196875
0 0.0625 0.0859375 0.090625 0.0859375 0.090625 0.1109375 0.0625 0.1109375