1 0.353125 0 0.75625 0 0.75625 0.3109375 0.353125 0.3109375
0 0.515625 0.10625 0.5875 0.10625 0.5875 0.171875 0.515625 0.171875
1 0.2109375 0.41875 0.7125 0.41875 0.7125 0.9140625 0.2109375 0.9140625
1 0.10625 0.3421875 0.421875 0.3421875 0.421875 0.64375 0.10625 0.64375
1 0.03125 0.475 0.2078125 0.475 0.2078125 0.678125 0.03125 0.678125
1 0.05 0 0.23125 0 0.23125 0.1171875 0.05 0.1171875
1 0.8046875 0 1 0 1 0.2734375 0.8046875 0.2734375
1 0.4 0.278125 0.7453125 0.278125 0.7453125 0.575 0.4 0.575
0 0.4140625 0.6390625 0.4859375 0.6390625 0.4859375 0.7046875 0.4140625 0.7046875
0 0.2359375 0.459375 0.2890625 0.459375 0.2890625 0.509375 0.2359375 0.509375
0 0.5390625 0.3890625 0.603125 0.3890625 0.603125 0.446875 0.5390625 0.446875
0 0.9609375 0.078125 1 0.078125 1 0.153125 0.9609375 0.153125
0 0.115625 0.0203125 0.1484375 0.0203125 0.1484375 0.0515625 0.115625 0.0515625