0 0.0 635.52 58.21276 688.0
0 0.0 535.68 98.51364 618.24
0 0.0 686.72 112.58691999999999 784.64
0 0.0 291.2 298.09976 497.28
0 0.0 7.68 305.13640000000004 282.24
0 0.63988 936.32 79.32268 1009.92
0 479.774 322.56 569.33204 417.28
0 497.68588 219.52 603.87604 310.4
0 498.96495999999996 140.8 534.1488400000001 182.4
0 516.87684 136.96 574.44972 191.36
0 569.33204 172.16 624.9859600000001 238.72
0 608.99372 266.88 675.5222 303.36
0 624.9859600000001 299.52 679.36012 357.76
0 624.9859600000001 446.72 679.36012 497.28
0 635.22132 501.12 679.36012 565.76
0 639.05924 189.44 679.36012 234.88
0 640.9782 586.88 679.36012 665.6
0 644.17692 252.8 675.5222 280.32
