1 0.3015625 0.3546875 0.5265625 0.3546875 0.5265625 0.646875 0.3015625 0.646875
1 0.3890625 0.2984375 0.6125 0.2984375 0.6125 0.5828125 0.3890625 0.5828125
1 0.45 0.159375 0.6796875 0.159375 0.6796875 0.440625 0.45 0.440625
1 0.5671875 0.325 0.796875 0.325 0.796875 0.609375 0.5671875 0.609375
1 0.68125 0.49375 0.9 0.49375 0.9 0.765625 0.68125 0.765625
1 0.5859375 0.609375 0.8296875 0.609375 0.8296875 0.9125 0.5859375 0.9125
1 0.36875 0.590625 0.565625 0.590625 0.565625 0.8546875 0.36875 0.8546875
1 0.4609375 0.590625 0.65625 0.590625 0.65625 0.8328125 0.4609375 0.8328125
1 0.496875 0.73125 0.703125 0.73125 0.703125 0.9765625 0.496875 0.9765625
1 0.38125 0.9625 0.5328125 0.9625 0.5328125 1 0.38125 1
1 0.2140625 0.85 0.425 0.85 0.425 1 0.2140625 1
1 0 0.6890625 0.1796875 0.6890625 0.1796875 0.9421875 0 0.9421875
1 0.0359375 0.56875 0.2703125 0.56875 0.2703125 0.85625 0.0359375 0.85625