1 0.375 0.246875 0.578125 0.246875 0.578125 0.5078125 0.375 0.5078125
1 0.459375 0.18125 0.6703125 0.18125 0.6703125 0.4375 0.459375 0.4375
1 0.5296875 0.0421875 0.7421875 0.0421875 0.7421875 0.2875 0.5296875 0.2875
1 0.6359375 0.1875 0.8578125 0.1875 0.8578125 0.446875 0.6359375 0.446875
1 0.7421875 0.3453125 0.95625 0.3453125 0.95625 0.59375 0.7421875 0.59375
1 0.6453125 0.4703125 0.875 0.4703125 0.875 0.74375 0.6453125 0.74375
1 0.43125 0.4734375 0.609375 0.4734375 0.609375 0.7125 0.43125 0.7125
1 0.5328125 0.475 0.690625 0.475 0.690625 0.671875 0.5328125 0.671875
1 0.559375 0.609375 0.7359375 0.609375 0.7359375 0.8109375 0.559375 0.8109375
1 0.421875 0.8421875 0.5640625 0.8421875 0.5640625 0.9734375 0.421875 0.9734375
1 0.265625 0.75 0.4546875 0.75 0.4546875 0.984375 0.265625 0.984375
1 0.05625 0.6015625 0.221875 0.6015625 0.221875 0.8421875 0.05625 0.8421875
1 0.0953125 0.4890625 0.3125 0.4890625 0.3125 0.7390625 0.0953125 0.7390625