1 0.2578125 0.2890625 0.5234375 0.2890625 0.5234375 0.559375 0.2578125 0.559375
1 0.34375 0.2125 0.59375 0.2125 0.59375 0.4640625 0.34375 0.4640625
1 0.396875 0.0640625 0.6359375 0.0640625 0.6359375 0.3 0.396875 0.3
1 0.5140625 0.171875 0.784375 0.171875 0.784375 0.4359375 0.5140625 0.4359375
1 0.65 0.30625 0.9 0.30625 0.9 0.5484375 0.65 0.5484375
1 0.5703125 0.4453125 0.8453125 0.4453125 0.8453125 0.71875 0.5703125 0.71875
1 0.35 0.503125 0.5828125 0.503125 0.5828125 0.7421875 0.35 0.7421875
1 0.4484375 0.4765625 0.6625 0.4765625 0.6625 0.690625 0.4484375 0.690625
1 0.5015625 0.6015625 0.7203125 0.6015625 0.7203125 0.8125 0.5015625 0.8125
1 0.409375 0.8703125 0.5765625 0.8703125 0.5765625 0.996875 0.409375 0.996875
1 0.2390625 0.8109375 0.4640625 0.8109375 0.4640625 0.9984375 0.2390625 0.9984375
1 0.0046875 0.728125 0.20625 0.728125 0.20625 0.946875 0.0046875 0.946875
1 0.0296875 0.5921875 0.284375 0.5921875 0.284375 0.8421875 0.0296875 0.8421875