1 0.3234375 0.2875 0.5359375 0.2875 0.5359375 0.5421875 0.3234375 0.5421875
1 0.409375 0.2171875 0.621875 0.2171875 0.621875 0.4609375 0.409375 0.4609375
1 0.4671875 0.0703125 0.6859375 0.0703125 0.6859375 0.3109375 0.4671875 0.3109375
1 0.5875 0.2109375 0.80625 0.2109375 0.80625 0.4546875 0.5875 0.4546875
1 0.703125 0.3609375 0.9125 0.3609375 0.9125 0.59375 0.703125 0.59375
1 0.6109375 0.490625 0.84375 0.490625 0.84375 0.7515625 0.6109375 0.7515625
1 0.39375 0.509375 0.5796875 0.509375 0.5796875 0.7390625 0.39375 0.7390625
1 0.484375 0.49375 0.6703125 0.49375 0.6703125 0.703125 0.484375 0.703125
1 0.5234375 0.6265625 0.7203125 0.6265625 0.7203125 0.8359375 0.5234375 0.8359375
1 0.4078125 0.878125 0.5546875 0.878125 0.5546875 0.996875 0.4078125 0.996875
1 0.2421875 0.79375 0.44375 0.79375 0.44375 0.9984375 0.2421875 0.9984375
1 0.0265625 0.671875 0.196875 0.671875 0.196875 0.89375 0.0265625 0.89375
1 0.0609375 0.546875 0.2859375 0.546875 0.2859375 0.79375 0.0609375 0.79375