1 0.4109375 0.290625 0.54375 0.290625 0.54375 0.509375 0.4109375 0.509375
1 0.5140625 0.2609375 0.6515625 0.2609375 0.6515625 0.4671875 0.5140625 0.4671875
1 0.6203125 0.1515625 0.76875 0.1515625 0.76875 0.3484375 0.6203125 0.3484375
1 0.678125 0.3296875 0.825 0.3296875 0.825 0.53125 0.678125 0.53125
1 0.73125 0.5125 0.8703125 0.5125 0.8703125 0.7046875 0.73125 0.7046875
1 0.596875 0.6015625 0.75 0.6015625 0.75 0.81875 0.596875 0.81875
1 0.396875 0.5171875 0.5078125 0.5171875 0.5078125 0.71875 0.396875 0.71875
1 0.4828125 0.54375 0.60625 0.54375 0.60625 0.7171875 0.4828125 0.7171875
1 0.4671875 0.6859375 0.603125 0.6859375 0.603125 0.8546875 0.4671875 0.8546875
1 0.2734375 0.859375 0.371875 0.859375 0.371875 0.996875 0.2734375 0.996875
1 0.15 0.728125 0.2796875 0.728125 0.2796875 0.928125 0.15 0.928125
1 0.0015625 0.515625 0.0953125 0.515625 0.0953125 0.7171875 0.0015625 0.7171875
1 0.071875 0.4359375 0.2234375 0.4359375 0.2234375 0.6375 0.071875 0.6375