1 0.4046875 0.2875 0.55 0.2875 0.55 0.5125 0.4046875 0.5125
1 0.5140625 0.2609375 0.653125 0.2609375 0.653125 0.4671875 0.5140625 0.4671875
1 0.625 0.1546875 0.7640625 0.1546875 0.7640625 0.3453125 0.625 0.3453125
1 0.671875 0.3265625 0.8328125 0.3265625 0.8328125 0.5359375 0.671875 0.5359375
1 0.728125 0.5109375 0.875 0.5109375 0.875 0.7046875 0.728125 0.7046875
1 0.59375 0.6 0.753125 0.6 0.753125 0.8203125 0.59375 0.8203125
1 0.3921875 0.515625 0.5125 0.515625 0.5125 0.7203125 0.3921875 0.7203125
1 0.4828125 0.54375 0.60625 0.54375 0.60625 0.7171875 0.4828125 0.7171875
1 0.46875 0.6875 0.6015625 0.6875 0.6015625 0.853125 0.46875 0.853125
1 0.2734375 0.859375 0.371875 0.859375 0.371875 0.996875 0.2734375 0.996875
1 0.1515625 0.73125 0.2765625 0.73125 0.2765625 0.925 0.1515625 0.925
1 0.003125 0.5171875 0.09375 0.5171875 0.09375 0.715625 0.003125 0.715625
1 0.071875 0.4359375 0.221875 0.4359375 0.221875 0.6359375 0.071875 0.6359375