1 0.375 0.2859375 0.6375 0.2859375 0.6375 0.565625 0.375 0.565625
1 0.490625 0.328125 0.7375 0.328125 0.7375 0.5875 0.490625 0.5875
1 0.653125 0.30625 0.890625 0.30625 0.890625 0.55 0.653125 0.55
1 0.575 0.4734375 0.8421875 0.4734375 0.8421875 0.7453125 0.575 0.7453125
1 0.5171875 0.65625 0.7640625 0.65625 0.7640625 0.909375 0.5171875 0.909375
1 0.340625 0.6515625 0.6140625 0.6515625 0.6140625 0.934375 0.340625 0.934375
1 0.240625 0.465625 0.4703125 0.465625 0.4703125 0.7125 0.240625 0.7125
1 0.315625 0.5421875 0.528125 0.5421875 0.528125 0.7625 0.315625 0.7625
1 0.221875 0.6515625 0.4375 0.6515625 0.4375 0.871875 0.221875 0.871875
1 0 0.6796875 0.1484375 0.6796875 0.1484375 0.8546875 0 0.8546875
1 0 0.503125 0.15 0.503125 0.15 0.7421875 0 0.7421875
1 0 0.2421875 0.1328125 0.2421875 0.1328125 0.465625 0 0.465625
1 0.034375 0.215625 0.2859375 0.215625 0.2859375 0.4734375 0.034375 0.4734375