1 0.409375 0.2890625 0.5453125 0.2890625 0.5453125 0.5109375 0.409375 0.5109375
1 0.509375 0.2578125 0.65625 0.2578125 0.65625 0.4703125 0.509375 0.4703125
1 0.61875 0.15 0.7703125 0.15 0.7703125 0.35 0.61875 0.35
1 0.671875 0.3265625 0.83125 0.3265625 0.83125 0.5359375 0.671875 0.5359375
1 0.7234375 0.5078125 0.878125 0.5078125 0.878125 0.709375 0.7234375 0.709375
1 0.5921875 0.5984375 0.7546875 0.5984375 0.7546875 0.821875 0.5921875 0.821875
1 0.39375 0.515625 0.509375 0.515625 0.509375 0.7203125 0.39375 0.7203125
1 0.490625 0.5484375 0.5984375 0.5484375 0.5984375 0.7109375 0.490625 0.7109375
1 0.471875 0.6890625 0.5984375 0.6890625 0.5984375 0.8515625 0.471875 0.8515625
1 0.2703125 0.859375 0.3734375 0.859375 0.3734375 0.9984375 0.2703125 0.9984375
1 0.15 0.7296875 0.2796875 0.7296875 0.2796875 0.9265625 0.15 0.9265625
1 0 0.5125 0.103125 0.5125 0.103125 0.721875 0 0.721875
1 0.06875 0.4359375 0.225 0.4359375 0.225 0.6375 0.06875 0.6375