1 0.325 0.35625 0.5671875 0.35625 0.5671875 0.6609375 0.325 0.6609375
1 0.3921875 0.2859375 0.6375 0.2859375 0.6375 0.5890625 0.3921875 0.5890625
1 0.425 0.1421875 0.6671875 0.1421875 0.6671875 0.4359375 0.425 0.4359375
1 0.565625 0.2890625 0.8203125 0.2890625 0.8203125 0.596875 0.565625 0.596875
1 0.7078125 0.446875 0.9546875 0.446875 0.9546875 0.74375 0.7078125 0.74375
1 0.6484375 0.575 0.9140625 0.575 0.9140625 0.9 0.6484375 0.9
1 0.4375 0.5890625 0.6515625 0.5890625 0.6515625 0.8640625 0.4375 0.8640625
1 0.5359375 0.590625 0.7203125 0.590625 0.7203125 0.8203125 0.5359375 0.8203125
1 0.596875 0.721875 0.8 0.721875 0.8 0.965625 0.596875 0.965625
1 0.5234375 0.9671875 0.6875 0.9671875 0.6875 1 0.5234375 1
1 0.35 0.871875 0.5703125 0.871875 0.5703125 1 0.35 1
1 0.10625 0.7296875 0.3125 0.7296875 0.3125 1 0.10625 1
1 0.1203125 0.6046875 0.36875 0.6046875 0.36875 0.9046875 0.1203125 0.9046875