1 0.0625 0.046875 0.490625 0.046875 0.490625 0.5078125 0.0625 0.5078125
1 0.234375 0.165625 0.7609375 0.165625 0.7609375 0.7265625 0.234375 0.7265625
1 0.60625 0.2125 1 0.2125 1 0.6859375 0.60625 0.6859375
1 0.7046875 0.1015625 1 0.1015625 1 0.475 0.7046875 0.475
1 0.6546875 0 0.834375 0 0.834375 0.053125 0.6546875 0.053125
1 0.5515625 0.6546875 0.88125 0.6546875 0.88125 0.990625 0.5515625 0.990625
1 0.7078125 0.590625 1 0.590625 1 0.91875 0.7078125 0.91875
1 0.0328125 0.4046875 0.378125 0.4046875 0.378125 0.8359375 0.0328125 0.8359375
1 0.0140625 0.1640625 0.40625 0.1640625 0.40625 0.640625 0.0140625 0.640625
0 0.7 0.8015625 0.7609375 0.8015625 0.7609375 0.86875 0.7 0.86875
0 0.4671875 0.409375 0.55625 0.409375 0.55625 0.503125 0.4671875 0.503125
0 0.246875 0.2578125 0.3265625 0.2578125 0.3265625 0.340625 0.246875 0.340625
0 0.784375 0.421875 0.859375 0.421875 0.859375 0.5046875 0.784375 0.5046875
0 0.8375 0.265625 0.9078125 0.265625 0.9078125 0.3421875 0.8375 0.3421875
0 0.859375 0.7484375 0.93125 0.7484375 0.93125 0.825 0.859375 0.825
0 0.1421875 0.58125 0.209375 0.58125 0.209375 0.6546875 0.1421875 0.6546875
0 0.15625 0.3640625 0.2453125 0.3640625 0.2453125 0.459375 0.15625 0.459375