1 0.234375 0.00625 0.49375 0.00625 0.49375 0.3921875 0.234375 0.3921875
1 0.34375 0.2171875 0.625 0.2171875 0.625 0.6640625 0.34375 0.6640625
1 0.646875 0.378125 0.9140625 0.378125 0.9140625 0.778125 0.646875 0.778125
1 0.8 0.2921875 0.9984375 0.2921875 0.9984375 0.621875 0.8 0.621875
1 0.89375 0.003125 1 0.003125 1 0.19375 0.89375 0.19375
1 0.4 0.7265625 0.6046875 0.7265625 0.6046875 0.9984375 0.4 0.9984375
1 0.5578125 0.728125 0.790625 0.728125 0.790625 0.9984375 0.5578125 0.9984375
1 0 0.2765625 0.228125 0.2765625 0.228125 0.6484375 0 0.6484375
1 0.0921875 0.065625 0.3625 0.065625 0.3625 0.4828125 0.0921875 0.4828125
0 0.4890625 0.8484375 0.528125 0.8484375 0.528125 0.909375 0.4890625 0.909375
0 0.4640625 0.415625 0.51875 0.415625 0.51875 0.4953125 0.4640625 0.4953125
0 0.3375 0.1890625 0.3890625 0.1890625 0.3890625 0.25625 0.3375 0.25625
0 0.746875 0.5546875 0.7921875 0.5546875 0.7921875 0.6265625 0.746875 0.6265625
0 0.8734375 0.4390625 0.9125 0.4390625 0.9125 0.503125 0.8734375 0.503125
0 0.946875 0.0875 0.9734375 0.0875 0.9734375 0.140625 0.946875 0.140625
0 0.65625 0.871875 0.7046875 0.871875 0.7046875 0.9390625 0.65625 0.9390625
0 0.090625 0.4265625 0.128125 0.4265625 0.128125 0.4875 0.090625 0.4875
0 0.2015625 0.2453125 0.259375 0.2453125 0.259375 0.3265625 0.2015625 0.3265625