1 0.2359375 0.0078125 0.4921875 0.0078125 0.4921875 0.3921875 0.2359375 0.3921875
1 0.325 0.2078125 0.64375 0.2078125 0.64375 0.671875 0.325 0.671875
1 0.6484375 0.3796875 0.9109375 0.3796875 0.9109375 0.7765625 0.6484375 0.7765625
1 0.80625 0.296875 0.99375 0.296875 0.99375 0.61875 0.80625 0.61875
1 0.8921875 0.003125 0.996875 0.003125 0.996875 0.1953125 0.8921875 0.1953125
1 0.396875 0.7265625 0.60625 0.7265625 0.60625 0.9984375 0.396875 0.9984375
1 0.5671875 0.7375 0.7796875 0.7375 0.7796875 0.996875 0.5671875 0.996875
1 0 0.278125 0.2265625 0.278125 0.2265625 0.646875 0 0.646875
1 0.103125 0.071875 0.3515625 0.071875 0.3515625 0.478125 0.103125 0.478125
0 0.490625 0.85 0.5265625 0.85 0.5265625 0.9078125 0.490625 0.9078125
0 0.465625 0.415625 0.51875 0.415625 0.51875 0.4953125 0.465625 0.4953125
0 0.3375 0.1890625 0.3890625 0.1890625 0.3890625 0.25625 0.3375 0.25625
0 0.7484375 0.5546875 0.790625 0.5546875 0.790625 0.6265625 0.7484375 0.6265625
0 0.8734375 0.4390625 0.9140625 0.4390625 0.9140625 0.503125 0.8734375 0.503125
0 0.946875 0.0875 0.9734375 0.0875 0.9734375 0.140625 0.946875 0.140625
0 0.659375 0.871875 0.7015625 0.871875 0.7015625 0.9375 0.659375 0.9375
0 0.0890625 0.4265625 0.1296875 0.4265625 0.1296875 0.4875 0.0890625 0.4875
0 0.2046875 0.246875 0.2578125 0.246875 0.2578125 0.3265625 0.2046875 0.3265625