1 0.240625 0.009375 0.4875 0.009375 0.4875 0.3890625 0.240625 0.3890625
1 0.3328125 0.2109375 0.6359375 0.2109375 0.6359375 0.6703125 0.3328125 0.6703125
1 0.653125 0.3828125 0.90625 0.3828125 0.90625 0.775 0.653125 0.775
1 0.7859375 0.2859375 0.9984375 0.2859375 0.9984375 0.628125 0.7859375 0.628125
1 0.8875 0 0.9984375 0 0.9984375 0.196875 0.8875 0.196875
1 0.4109375 0.7328125 0.59375 0.7328125 0.59375 0.9953125 0.4109375 0.9953125
1 0.565625 0.734375 0.78125 0.734375 0.78125 0.9984375 0.565625 0.9984375
1 0 0.2859375 0.2109375 0.2859375 0.2109375 0.6390625 0 0.6390625
1 0.0921875 0.065625 0.3640625 0.065625 0.3640625 0.4828125 0.0921875 0.4828125
0 0.4890625 0.8484375 0.528125 0.8484375 0.528125 0.909375 0.4890625 0.909375
0 0.4640625 0.415625 0.51875 0.415625 0.51875 0.4953125 0.4640625 0.4953125
0 0.340625 0.190625 0.3859375 0.190625 0.3859375 0.2546875 0.340625 0.2546875
0 0.746875 0.5546875 0.7921875 0.5546875 0.7921875 0.6265625 0.746875 0.6265625
0 0.875 0.440625 0.9109375 0.440625 0.9109375 0.503125 0.875 0.503125
0 0.9453125 0.0875 0.975 0.0875 0.975 0.140625 0.9453125 0.140625
0 0.65625 0.871875 0.7046875 0.871875 0.7046875 0.9390625 0.65625 0.9390625
0 0.090625 0.4265625 0.128125 0.4265625 0.128125 0.4875 0.090625 0.4875
0 0.2046875 0.246875 0.2578125 0.246875 0.2578125 0.3265625 0.2046875 0.3265625