1 0.2953125 0.0296875 0.75625 0.0296875 0.75625 0.4703125 0.2953125 0.4703125
1 0.2203125 0.2015625 0.740625 0.2015625 0.740625 0.7703125 0.2203125 0.7703125
1 0.39375 0.5171875 0.8734375 0.5171875 0.8734375 1 0.39375 1
1 0.6125 0.5421875 0.9578125 0.5421875 0.9578125 0.9546875 0.6125 0.9546875
1 0.065625 0.6515625 0.4125 0.6515625 0.4125 1 0.065625 1
1 0.196875 0.75 0.5609375 0.75 0.5609375 1 0.196875 1
1 0 0.0453125 0.3828125 0.0453125 0.3828125 0.5171875 0 0.5171875
1 0.1265625 0.0140625 0.6125 0.0140625 0.6125 0.465625 0.1265625 0.465625
0 0.1984375 0.8140625 0.26875 0.8140625 0.26875 0.890625 0.1984375 0.890625
0 0.428125 0.45 0.525 0.45 0.525 0.5546875 0.428125 0.5546875
0 0.471875 0.19375 0.5578125 0.19375 0.5578125 0.284375 0.471875 0.284375
0 0.5765625 0.7328125 0.6609375 0.7328125 0.6609375 0.8234375 0.5765625 0.8234375
0 0.7515625 0.7171875 0.825 0.7171875 0.825 0.7984375 0.7515625 0.7984375
0 0.3140625 0.9328125 0.3984375 0.9328125 0.3984375 1 0.3140625 1
0 0.134375 0.234375 0.2046875 0.234375 0.2046875 0.3125 0.134375 0.3125
0 0.31875 0.1546875 0.4203125 0.1546875 0.4203125 0.2640625 0.31875 0.2640625