1 0.240625 0.0390625 0.496875 0.0390625 0.496875 0.4484375 0.240625 0.4484375
1 0.3375 0.2515625 0.6515625 0.2515625 0.6515625 0.746875 0.3375 0.746875
1 0.6625 0.4625 0.925 0.4625 0.925 0.8859375 0.6625 0.8859375
1 0.7921875 0.3828125 1 0.3828125 1 0.75 0.7921875 0.75
1 0.8875 0.109375 1 0.109375 1 0.31875 0.8875 0.31875
1 0.4265625 0.7828125 0.615625 0.7828125 0.615625 1 0.4265625 1
1 0.5828125 0.803125 0.8046875 0.803125 0.8046875 1 0.5828125 1
1 0.00625 0.2859375 0.2265625 0.2859375 0.2265625 0.665625 0.00625 0.665625
1 0.0921875 0.0765625 0.375 0.0765625 0.375 0.528125 0.0921875 0.528125
0 0.509375 0.909375 0.5484375 0.909375 0.5484375 0.9734375 0.509375 0.9734375
0 0.4734375 0.471875 0.53125 0.471875 0.53125 0.5578125 0.4734375 0.5578125
0 0.3453125 0.23125 0.3921875 0.23125 0.3921875 0.303125 0.3453125 0.303125
0 0.759375 0.6453125 0.80625 0.6453125 0.80625 0.7234375 0.759375 0.7234375
0 0.8859375 0.546875 0.921875 0.546875 0.921875 0.6140625 0.8859375 0.6140625
0 0.9484375 0.203125 0.978125 0.203125 0.978125 0.259375 0.9484375 0.259375
0 0.6765625 0.9515625 0.7265625 0.9515625 0.7265625 1 0.6765625 1
0 0.1 0.4390625 0.1390625 0.4390625 0.1390625 0.503125 0.1 0.503125
0 0.209375 0.271875 0.2640625 0.271875 0.2640625 0.3578125 0.209375 0.3578125