1 0.2640625 0 0.603125 0 0.603125 0.365625 0.2640625 0.365625
1 0.2859375 0.10625 0.7046875 0.10625 0.7046875 0.6703125 0.2859375 0.6703125
1 0.578125 0.325 0.9234375 0.325 0.9234375 0.803125 0.578125 0.803125
1 0.765625 0.26875 0.9984375 0.26875 0.9984375 0.6484375 0.765625 0.6484375
1 0.9484375 0.003125 1 0.003125 1 0.2203125 0.9484375 0.2203125
1 0.28125 0.6421875 0.5484375 0.6421875 0.5484375 0.971875 0.28125 0.971875
1 0.4484375 0.6734375 0.7140625 0.6734375 0.7140625 0.9546875 0.4484375 0.9546875
1 0 0.14375 0.28125 0.14375 0.28125 0.58125 0 0.58125
1 0.115625 0 0.4515625 0 0.4515625 0.43125 0.115625 0.43125
0 0.39375 0.7953125 0.4421875 0.7953125 0.4421875 0.8640625 0.39375 0.8640625
0 0.4640625 0.35625 0.534375 0.35625 0.534375 0.4515625 0.4640625 0.4515625
0 0.3953125 0.115625 0.459375 0.115625 0.459375 0.1984375 0.3953125 0.1984375
0 0.709375 0.5328125 0.7671875 0.5328125 0.7671875 0.6171875 0.709375 0.6171875
0 0.8578125 0.4328125 0.9140625 0.4328125 0.9140625 0.5109375 0.8578125 0.5109375
0 0.5515625 0.8375 0.6078125 0.8375 0.6078125 0.9171875 0.5515625 0.9171875
0 0.1 0.321875 0.153125 0.321875 0.153125 0.39375 0.1 0.39375
0 0.2484375 0.1546875 0.31875 0.1546875 0.31875 0.25 0.2484375 0.25