1 0.3515625 0.05 0.809375 0.05 0.809375 0.521875 0.3515625 0.521875
1 0.284375 0.2171875 0.7984375 0.2171875 0.7984375 0.8140625 0.284375 0.8140625
1 0.4703125 0.553125 0.9421875 0.553125 0.9421875 1 0.4703125 1
1 0.6859375 0.6078125 1 0.6078125 1 1 0.6859375 1
1 0.1453125 0.6359375 0.4859375 0.6359375 0.4859375 1 0.1453125 1
1 0.275 0.7515625 0.634375 0.7515625 0.634375 1 0.275 1
1 0.0125 0.021875 0.4359375 0.021875 0.4359375 0.5140625 0.0125 0.5140625
1 0.184375 0.0265625 0.66875 0.0265625 0.66875 0.4953125 0.184375 0.4953125
0 0.2765625 0.8078125 0.346875 0.8078125 0.346875 0.8875 0.2765625 0.8875
0 0.490625 0.4765625 0.5875 0.4765625 0.5875 0.5859375 0.490625 0.5859375
0 0.5234375 0.2265625 0.6078125 0.2265625 0.6078125 0.321875 0.5234375 0.321875
0 0.65 0.778125 0.7328125 0.778125 0.7328125 0.875 0.65 0.875
0 0.8234375 0.7875 0.896875 0.7875 0.896875 0.871875 0.8234375 0.871875
0 0.396875 0.940625 0.4796875 0.940625 0.4796875 1 0.396875 1
0 0.1890625 0.2203125 0.2578125 0.2203125 0.2578125 0.3 0.1890625 0.3
0 0.3703125 0.16875 0.4703125 0.16875 0.4703125 0.28125 0.3703125 0.28125