1 0.278125 0 0.6265625 0 0.6265625 0.3484375 0.278125 0.3484375
1 0.3 0.0734375 0.7265625 0.0734375 0.7265625 0.6546875 0.3 0.6546875
1 0.5890625 0.290625 0.9484375 0.290625 0.9484375 0.784375 0.5890625 0.784375
1 0.7546875 0.2203125 1 0.2203125 1 0.6421875 0.7546875 0.6421875
1 0.9546875 0 1 0 1 0.196875 0.9546875 0.196875
1 0.3046875 0.6234375 0.5578125 0.6234375 0.5578125 0.9578125 0.3046875 0.9578125
1 0.4546875 0.6375 0.740625 0.6375 0.740625 0.9359375 0.4546875 0.9359375
1 0.0046875 0.1234375 0.2921875 0.1234375 0.2921875 0.559375 0.0046875 0.559375
1 0.109375 0 0.4921875 0 0.4921875 0.4328125 0.109375 0.4328125
0 0.4078125 0.7703125 0.4625 0.7703125 0.4625 0.846875 0.4078125 0.846875
0 0.478125 0.3296875 0.5546875 0.3296875 0.5546875 0.43125 0.478125 0.43125
0 0.4140625 0.090625 0.4765625 0.090625 0.4765625 0.175 0.4140625 0.175
0 0.7234375 0.503125 0.7875 0.503125 0.7875 0.59375 0.7234375 0.59375
0 0.8765625 0.4046875 0.9296875 0.4046875 0.9296875 0.4828125 0.8765625 0.4828125
0 0.5640625 0.8109375 0.6296875 0.8109375 0.6296875 0.8984375 0.5640625 0.8984375
0 0.1171875 0.2984375 0.171875 0.2984375 0.171875 0.375 0.1171875 0.375
0 0.2640625 0.1296875 0.3390625 0.1296875 0.3390625 0.23125 0.2640625 0.23125