0 366.99975 488.999936 444.99975 579.999744
0 45.99975 492.000256 80.00025 522.000384
0 66.0 373.000192 110.00025 435.00032
0 84.99975 483.00032 147.0 547.00032
0 150.99975 476.000256 179.00025 508.000256
0 153.0 526.999552 171.99975 549.000192
0 201.0 645.999616 243.0 696.000512
0 201.99975 513.000448 257.00025 606.999552
0 228.99975 782.999552 291.0 832.0
0 306.99975 657.999872 365.00025 712.999936
0 357.0 844.99968 408.00000000000006 910.000128
0 500.00025 897.999872 534.0 945.999872
0 591.0 960.0 653.0002499999999 1022.999552
