1 0.365625 0.2703125 0.540625 0.2703125 0.540625 0.4421875 0.365625 0.4421875
1 0.61875 0.409375 0.8234375 0.409375 0.8234375 0.61875 0.61875 0.61875
1 0.3578125 0.5375 0.559375 0.5375 0.559375 0.7359375 0.3578125 0.7359375
1 0.0796875 0.2171875 0.2609375 0.2171875 0.2609375 0.3921875 0.0796875 0.3921875
1 0.6 0.021875 0.815625 0.021875 0.815625 0.2328125 0.6 0.2328125
1 0.440625 0.1859375 0.63125 0.1859375 0.63125 0.3796875 0.440625 0.3796875
1 0.3125 0.0109375 0.5671875 0.0109375 0.5671875 0.253125 0.3125 0.253125
1 0.0171875 0.55625 0.178125 0.55625 0.178125 0.7140625 0.0171875 0.7140625
1 0.20625 0.4671875 0.40625 0.4671875 0.40625 0.653125 0.20625 0.653125
1 0.2265625 0.403125 0.3859375 0.403125 0.3859375 0.553125 0.2265625 0.553125
1 0.071875 0.3859375 0.26875 0.3859375 0.26875 0.5734375 0.071875 0.5734375
1 0.6859375 0.2109375 0.8734375 0.2109375 0.8734375 0.3984375 0.6859375 0.3984375