1 0.56875 0.3625 0.746875 0.3625 0.746875 0.5390625 0.56875 0.5390625
1 0.490625 0.6484375 0.6953125 0.6484375 0.6953125 0.8515625 0.490625 0.8515625
1 0.2953125 0.428125 0.49375 0.428125 0.49375 0.625 0.2953125 0.625
1 0.515625 0.0640625 0.7171875 0.0640625 0.7171875 0.2640625 0.515625 0.2640625
1 0.846875 0.534375 1 0.534375 1 0.7484375 0.846875 0.7484375
1 0.6515625 0.4125 0.8546875 0.4125 0.8546875 0.6140625 0.6515625 0.6140625
1 0.7421875 0.2625 0.9859375 0.2625 0.9859375 0.5046875 0.7421875 0.5046875
1 0.196875 0.09375 0.3609375 0.09375 0.3609375 0.25625 0.196875 0.25625
1 0.3171875 0.259375 0.5171875 0.259375 0.5171875 0.4578125 0.3171875 0.4578125
1 0.4078125 0.2515625 0.58125 0.2515625 0.58125 0.425 0.4078125 0.425
1 0.34375 0.1015625 0.55625 0.1015625 0.55625 0.3125 0.34375 0.3125
1 0.709375 0.65625 0.9109375 0.65625 0.9109375 0.85625 0.709375 0.85625