1 0.4 0.2609375 0.5609375 0.2609375 0.5609375 0.4140625 0.4 0.4140625
1 0.6109375 0.4546875 0.7875 0.4546875 0.7875 0.6375 0.6109375 0.6375
1 0.328125 0.5296875 0.5046875 0.5296875 0.5046875 0.7 0.328125 0.7
1 0.128125 0.146875 0.3125 0.146875 0.3125 0.315625 0.128125 0.315625
1 0.6875 0.0703125 0.88125 0.0703125 0.88125 0.25625 0.6875 0.25625
1 0.4890625 0.1921875 0.6671875 0.1921875 0.6671875 0.371875 0.4890625 0.371875
1 0.4109375 0.0140625 0.6359375 0.0140625 0.6359375 0.215625 0.4109375 0.215625
1 0 0.4734375 0.1421875 0.4734375 0.1421875 0.6125 0 0.6125
1 0.19375 0.428125 0.38125 0.428125 0.38125 0.590625 0.19375 0.590625
1 0.2265625 0.35625 0.3890625 0.35625 0.3890625 0.5015625 0.2265625 0.5015625
1 0.078125 0.315625 0.2734375 0.315625 0.2734375 0.4921875 0.078125 0.4921875
1 0.7203125 0.2625 0.896875 0.2625 0.896875 0.4390625 0.7203125 0.4390625