1 0.503125 0.309375 0.6625 0.309375 0.6625 0.475 0.503125 0.475
1 0.6109375 0.6046875 0.7671875 0.6046875 0.7671875 0.7828125 0.6109375 0.7828125
1 0.3234375 0.5109375 0.4984375 0.5109375 0.4984375 0.6921875 0.3234375 0.6921875
1 0.321875 0.084375 0.4765625 0.084375 0.4765625 0.2328125 0.321875 0.2328125
1 0.834375 0.315625 1 0.315625 1 0.4921875 0.834375 0.4921875
1 0.6171875 0.315625 0.7671875 0.315625 0.7671875 0.4765625 0.6171875 0.4765625
1 0.603125 0.1171875 0.8234375 0.1171875 0.8234375 0.3234375 0.603125 0.3234375
1 0.065625 0.2796875 0.203125 0.2796875 0.203125 0.41875 0.065625 0.41875
1 0.25 0.35625 0.4328125 0.35625 0.4328125 0.5234375 0.25 0.5234375
1 0.3203125 0.3109375 0.465625 0.3109375 0.465625 0.446875 0.3203125 0.446875
1 0.2015625 0.2046875 0.3734375 0.2046875 0.3734375 0.3671875 0.2015625 0.3671875
1 0.7921875 0.5 0.940625 0.5 0.940625 0.6625 0.7921875 0.6625