1 0.5296875 0.3359375 0.6890625 0.3359375 0.6890625 0.4984375 0.5296875 0.4984375
1 0.6234375 0.625 0.8078125 0.625 0.8078125 0.8265625 0.6234375 0.8265625
1 0.3453125 0.515625 0.5296875 0.515625 0.5296875 0.703125 0.3453125 0.703125
1 0.3390625 0.0875 0.509375 0.0875 0.509375 0.2515625 0.3390625 0.2515625
1 0.85 0.3578125 1 0.3578125 1 0.5546875 0.85 0.5546875
1 0.63125 0.3390625 0.80625 0.3390625 0.80625 0.5234375 0.63125 0.5234375
1 0.6203125 0.1453125 0.8609375 0.1453125 0.8609375 0.3703125 0.6203125 0.3703125
1 0.084375 0.2609375 0.2328125 0.2609375 0.2328125 0.409375 0.084375 0.409375
1 0.2734375 0.35625 0.4609375 0.35625 0.4609375 0.528125 0.2734375 0.528125
1 0.34375 0.3171875 0.49375 0.3171875 0.49375 0.45625 0.34375 0.45625
1 0.2203125 0.1984375 0.4046875 0.1984375 0.4046875 0.3734375 0.2203125 0.3734375
1 0.8078125 0.540625 0.978125 0.540625 0.978125 0.7203125 0.8078125 0.7203125