1 0.4671875 0.184375 0.6453125 0.184375 0.6453125 0.375 0.4671875 0.375
1 0.515625 0.471875 0.69375 0.471875 0.69375 0.675 0.515625 0.675
1 0.2453125 0.4078125 0.4421875 0.4078125 0.4421875 0.615625 0.2453125 0.615625
1 0.33125 0 0.503125 0 0.503125 0.153125 0.33125 0.153125
1 0.796875 0.15 0.975 0.15 0.975 0.3515625 0.796875 0.3515625
1 0.58125 0.1796875 0.7484375 0.1796875 0.7484375 0.3640625 0.58125 0.3640625
1 0.5984375 0 0.840625 0 0.840625 0.2125 0.5984375 0.2125
1 0.0390625 0.209375 0.1921875 0.209375 0.1921875 0.3703125 0.0390625 0.3703125
1 0.2046875 0.2578125 0.40625 0.2578125 0.40625 0.4546875 0.2046875 0.4546875
1 0.2875 0.209375 0.4484375 0.209375 0.4484375 0.36875 0.2875 0.36875
1 0.1859375 0.1109375 0.3765625 0.1109375 0.3765625 0.303125 0.1859375 0.303125
1 0.7203125 0.3453125 0.8859375 0.3453125 0.8859375 0.53125 0.7203125 0.53125