1 0.4859375 0.2890625 0.6078125 0.2890625 0.6078125 0.4125 0.4859375 0.4125
1 0.6328125 0.54375 0.76875 0.54375 0.76875 0.7015625 0.6328125 0.7015625
1 0.34375 0.528125 0.4859375 0.528125 0.4859375 0.6703125 0.34375 0.6703125
1 0.2609375 0.1046875 0.3953125 0.1046875 0.3953125 0.225 0.2609375 0.225
1 0.803125 0.2046875 0.95625 0.2046875 0.95625 0.353125 0.803125 0.353125
1 0.5875 0.2578125 0.7203125 0.2578125 0.7203125 0.4 0.5875 0.4
1 0.55 0.0671875 0.740625 0.0671875 0.740625 0.2328125 0.55 0.2328125
1 0.0453125 0.3625 0.1609375 0.3625 0.1609375 0.4734375 0.0453125 0.4734375
1 0.24375 0.39375 0.3953125 0.39375 0.3953125 0.5171875 0.24375 0.5171875
1 0.3 0.3328125 0.4203125 0.3328125 0.4203125 0.434375 0.3 0.434375
1 0.16875 0.253125 0.315625 0.253125 0.315625 0.38125 0.16875 0.38125
1 0.790625 0.4 0.91875 0.4 0.91875 0.5390625 0.790625 0.5390625