1 0.48125 0.284375 0.6125 0.284375 0.6125 0.41875 0.48125 0.41875
1 0.6375 0.5484375 0.7640625 0.5484375 0.7640625 0.696875 0.6375 0.696875
1 0.3421875 0.525 0.4890625 0.525 0.4890625 0.671875 0.3421875 0.671875
1 0.2625 0.10625 0.39375 0.10625 0.39375 0.2234375 0.2625 0.2234375
1 0.80625 0.2078125 0.953125 0.2078125 0.953125 0.35 0.80625 0.35
1 0.5921875 0.2625 0.715625 0.2625 0.715625 0.39375 0.5921875 0.39375
1 0.5515625 0.0671875 0.7390625 0.0671875 0.7390625 0.23125 0.5515625 0.23125
1 0.0453125 0.3625 0.1609375 0.3625 0.1609375 0.4734375 0.0453125 0.4734375
1 0.240625 0.390625 0.3984375 0.390625 0.3984375 0.5203125 0.240625 0.5203125
1 0.296875 0.33125 0.421875 0.33125 0.421875 0.4359375 0.296875 0.4359375
1 0.16875 0.253125 0.315625 0.253125 0.315625 0.3828125 0.16875 0.3828125
1 0.7953125 0.4015625 0.915625 0.4015625 0.915625 0.5359375 0.7953125 0.5359375