1 0.4875 0.290625 0.6078125 0.290625 0.6078125 0.4109375 0.4875 0.4109375
1 0.6375 0.5484375 0.7640625 0.5484375 0.7640625 0.696875 0.6375 0.696875
1 0.3484375 0.53125 0.48125 0.53125 0.48125 0.665625 0.3484375 0.665625
1 0.2578125 0.1 0.4 0.1 0.4 0.2296875 0.2578125 0.2296875
1 0.80625 0.20625 0.953125 0.20625 0.953125 0.3515625 0.80625 0.3515625
1 0.5875 0.2578125 0.7203125 0.2578125 0.7203125 0.4 0.5875 0.4
1 0.55625 0.0734375 0.734375 0.0734375 0.734375 0.225 0.55625 0.225
1 0.0453125 0.3640625 0.159375 0.3640625 0.159375 0.471875 0.0453125 0.471875
1 0.2453125 0.3953125 0.39375 0.3953125 0.39375 0.515625 0.2453125 0.515625
1 0.2953125 0.3296875 0.4234375 0.3296875 0.4234375 0.4375 0.2953125 0.4375
1 0.165625 0.25 0.3171875 0.25 0.3171875 0.384375 0.165625 0.384375
1 0.790625 0.3984375 0.9203125 0.3984375 0.9203125 0.540625 0.790625 0.540625