1 0 0.2 0.7109375 0.2 0.7109375 1 0 1
1 0.0453125 0.0078125 0.721875 0.0078125 0.721875 0.6453125 0.0453125 0.6453125
1 0.296875 0.5046875 0.9734375 0.5046875 0.9734375 1 0.296875 1
1 0 0.2296875 0.3734375 0.2296875 0.3734375 0.940625 0 0.940625
1 0.3640625 0.2015625 1 0.2015625 1 1 0.3640625 1
1 0.621875 0.178125 1 0.178125 1 0.70625 0.621875 0.70625
0 0.259375 0.55625 0.428125 0.55625 0.428125 0.759375 0.259375 0.759375
0 0.571875 0.8078125 0.734375 0.8078125 0.734375 0.996875 0.571875 0.996875
0 0.65 0.590625 0.803125 0.590625 0.803125 0.76875 0.65 0.76875
0 0.915625 0.33125 1 0.33125 1 0.46875 0.915625 0.46875
0 0.240625 0.0671875 0.425 0.0671875 0.425 0.28125 0.240625 0.28125
0 0 0.4484375 0.0546875 0.4484375 0.0546875 0.640625 0 0.640625