1 0.121875 0.3515625 0.6625 0.3515625 0.6625 0.9515625 0.121875 0.9515625
1 0 0 0.503125 0 0.503125 0.5140625 0 0.5140625
1 0.509375 0.440625 0.9984375 0.440625 0.9984375 0.9828125 0.509375 0.9828125
1 0 0.44375 0.33125 0.44375 0.33125 0.996875 0 0.996875
1 0.428125 0.1296875 0.996875 0.1296875 0.996875 0.6609375 0.428125 0.6609375
1 0.53125 0 0.996875 0 0.996875 0.284375 0.53125 0.284375
0 0.340625 0.5875 0.4625 0.5875 0.4625 0.7203125 0.340625 0.7203125
0 0.7 0.628125 0.8234375 0.628125 0.8234375 0.746875 0.7 0.746875
0 0.665625 0.3890625 0.78125 0.3890625 0.78125 0.5 0.665625 0.5
0 0.7546875 0.0015625 0.8828125 0.0015625 0.8828125 0.075 0.7546875 0.075
0 0.1109375 0.159375 0.25 0.159375 0.25 0.29375 0.1109375 0.29375
0 0 0.6875 0.096875 0.6875 0.096875 0.84375 0 0.84375