1 0 0.134375 0.6953125 0.134375 0.6953125 0.9609375 0 0.9609375
1 0.05 0 0.7328125 0 0.7328125 0.4796875 0.05 0.4796875
1 0.2203125 0.36875 0.94375 0.36875 0.94375 0.978125 0.2203125 0.978125
1 0 0.171875 0.3671875 0.171875 0.3671875 0.84375 0 0.84375
1 0.3265625 0.0671875 0.99375 0.0671875 0.99375 0.853125 0.3265625 0.853125
1 0.6328125 0.0078125 0.996875 0.0078125 0.996875 0.490625 0.6328125 0.490625
0 0.225 0.4625 0.403125 0.4625 0.403125 0.65 0.225 0.65
0 0.5171875 0.65625 0.6828125 0.65625 0.6828125 0.8265625 0.5171875 0.8265625
0 0.61875 0.421875 0.7796875 0.421875 0.7796875 0.5859375 0.61875 0.5859375
0 0.925 0.11875 0.9921875 0.11875 0.9921875 0.2421875 0.925 0.2421875
0 0.265625 0 0.446875 0 0.446875 0.1671875 0.265625 0.1671875
0 0 0.4109375 0.03125 0.4109375 0.03125 0.5890625 0 0.5890625