1 0.1296875 0.359375 0.6546875 0.359375 0.6546875 0.94375 0.1296875 0.94375
1 0.0015625 0 0.4796875 0 0.4796875 0.4953125 0.0015625 0.4953125
1 0.5078125 0.4359375 0.9984375 0.4359375 0.9984375 0.9890625 0.5078125 0.9890625
1 0 0.446875 0.3265625 0.446875 0.3265625 0.9984375 0 0.9984375
1 0.4328125 0.134375 0.996875 0.134375 0.996875 0.65625 0.4328125 0.65625
1 0.5421875 0.0015625 0.9984375 0.0015625 0.9984375 0.2625 0.5421875 0.2625
0 0.340625 0.5890625 0.4625 0.5890625 0.4625 0.71875 0.340625 0.71875
0 0.703125 0.63125 0.8203125 0.63125 0.8203125 0.74375 0.703125 0.74375
0 0.665625 0.390625 0.78125 0.390625 0.78125 0.4984375 0.665625 0.4984375
0 0.7578125 0.0046875 0.8796875 0.0046875 0.8796875 0.071875 0.7578125 0.071875
0 0.115625 0.1640625 0.2453125 0.1640625 0.2453125 0.2890625 0.115625 0.2890625
0 0.0015625 0.690625 0.090625 0.690625 0.090625 0.840625 0.0015625 0.840625