1 0.1359375 0.25 0.925 0.25 0.925 0.99375 0.1359375 0.99375
1 0.0015625 0.125 0.490625 0.125 0.490625 0.8359375 0.0015625 0.8359375
1 0.4625 0.065625 1 0.065625 1 0.8296875 0.4625 0.8296875
1 0.1046875 0.546875 0.7234375 0.546875 0.7234375 0.9953125 0.1046875 0.9953125
1 0.2015625 0 0.978125 0 0.978125 0.65 0.2015625 0.65
1 0.190625 0 0.70625 0 0.70625 0.2890625 0.190625 0.2890625
0 0.45 0.5609375 0.63125 0.5609375 0.63125 0.7484375 0.45 0.7484375
0 0.7421875 0.334375 0.9078125 0.334375 0.9078125 0.50625 0.7421875 0.50625
0 0.5484375 0.1953125 0.7078125 0.1953125 0.7078125 0.359375 0.5484375 0.359375
0 0.0046875 0.41875 0.1765625 0.41875 0.1765625 0.60625 0.0046875 0.60625
0 0.275 0.8984375 0.4421875 0.8984375 0.4421875 0.9875 0.275 0.9875