1 0.03125 0.26875 0.715625 0.26875 0.715625 0.9921875 0.03125 0.9921875
1 0 0 0.5046875 0 0.5046875 0.6 0 0.6
1 0.4296875 0.2796875 0.975 0.2796875 0.975 0.9359375 0.4296875 0.9359375
1 0 0.4421875 0.3859375 0.4421875 0.3859375 1 0 1
1 0.3171875 0 0.996875 0 0.996875 0.6421875 0.3171875 0.6421875
1 0.4234375 0 0.9515625 0 0.9515625 0.246875 0.4234375 0.246875
0 0.30625 0.5546875 0.459375 0.5546875 0.459375 0.7171875 0.30625 0.7171875
0 0.6703125 0.5046875 0.8203125 0.5046875 0.8203125 0.653125 0.6703125 0.653125
0 0.6109375 0.28125 0.753125 0.28125 0.753125 0.421875 0.6109375 0.421875
0 0.03125 0.190625 0.203125 0.190625 0.203125 0.359375 0.03125 0.359375
0 0 0.7421875 0.109375 0.7421875 0.109375 0.921875 0 0.921875