1 0.1125 0.34375 0.671875 0.34375 0.671875 0.959375 0.1125 0.959375
1 0 0 0.490625 0 0.490625 0.5046875 0 0.5046875
1 0.5171875 0.4453125 0.996875 0.4453125 0.996875 0.978125 0.5171875 0.978125
1 0 0.44375 0.33125 0.44375 0.33125 0.996875 0 0.996875
1 0.4265625 0.125 0.9984375 0.125 0.9984375 0.665625 0.4265625 0.665625
1 0.5375 0 0.996875 0 0.996875 0.26875 0.5375 0.26875
0 0.34375 0.5921875 0.459375 0.5921875 0.459375 0.7171875 0.34375 0.7171875
0 0.7 0.628125 0.825 0.628125 0.825 0.7484375 0.7 0.7484375
0 0.6625 0.3859375 0.784375 0.3859375 0.784375 0.5015625 0.6625 0.5015625
0 0.753125 0 0.884375 0 0.884375 0.0796875 0.753125 0.0796875
0 0.109375 0.1578125 0.2515625 0.1578125 0.2515625 0.29375 0.109375 0.29375
0 0 0.6890625 0.090625 0.6890625 0.090625 0.840625 0 0.840625