1 0.009375 0.1375 0.7984375 0.1375 0.7984375 1 0.009375 1
1 0.103125 0.00625 0.834375 0.00625 0.834375 0.54375 0.103125 0.54375
1 0.25 0.4796875 0.9953125 0.4796875 0.9953125 1 0.25 1
1 0.0109375 0.1484375 0.45625 0.1484375 0.45625 0.8109375 0.0109375 0.8109375
1 0.35 0.178125 1 0.178125 1 0.99375 0.35 0.99375
1 0.68125 0.1671875 1 0.1671875 1 0.68125 0.68125 0.68125
0 0.2765625 0.490625 0.45625 0.490625 0.45625 0.6703125 0.2765625 0.6703125
0 0.5546875 0.7515625 0.7390625 0.7515625 0.7390625 0.934375 0.5546875 0.934375
0 0.6625 0.5453125 0.8421875 0.5453125 0.8421875 0.7234375 0.6625 0.7234375
0 0.9765625 0.3171875 1 0.3171875 1 0.4625 0.9765625 0.4625
0 0.31875 0.01875 0.528125 0.01875 0.528125 0.2140625 0.31875 0.2140625
0 0.0234375 0.340625 0.096875 0.340625 0.096875 0.51875 0.0234375 0.51875