1 0.01875 0.1203125 0.9109375 0.1203125 0.9109375 0.9828125 0.01875 0.9828125
1 0 0.05625 0.4828125 0.05625 0.4828125 0.8375 0 0.8375
1 0.4015625 0 0.9890625 0 0.9890625 0.76875 0.4015625 0.76875
1 0.003125 0.4578125 0.65625 0.4578125 0.65625 0.9859375 0.003125 0.9859375
1 0.134375 0 0.98125 0 0.98125 0.640625 0.134375 0.640625
1 0.165625 0 0.7140625 0 0.7140625 0.2734375 0.165625 0.2734375
0 0.378125 0.4984375 0.5625 0.4984375 0.5625 0.6953125 0.378125 0.6953125
0 0.6859375 0.234375 0.8734375 0.234375 0.8734375 0.434375 0.6859375 0.434375
0 0.509375 0.1109375 0.6921875 0.1109375 0.6921875 0.30625 0.509375 0.30625
0 0 0.3828125 0.140625 0.3828125 0.140625 0.6078125 0 0.6078125
0 0.1671875 0.846875 0.34375 0.846875 0.34375 0.959375 0.1671875 0.959375