1 0.2671875 0.253125 0.4640625 0.253125 0.4640625 0.45 0.2671875 0.45
1 0.378125 0.3953125 0.5765625 0.3953125 0.5765625 0.6 0.378125 0.6
1 0.465625 0.2890625 0.80625 0.2890625 0.80625 0.565625 0.465625 0.565625
1 0.453125 0.465625 0.8359375 0.465625 0.8359375 0.8546875 0.453125 0.8546875
1 0.1375 0.7265625 0.446875 0.7265625 0.446875 0.9984375 0.1375 0.9984375
1 0.884375 0.6265625 1 0.6265625 1 0.809375 0.884375 0.809375
1 0.7109375 0.15 0.8921875 0.15 0.8921875 0.3265625 0.7109375 0.3265625
1 0.8859375 0.1875 0.996875 0.1875 0.996875 0.3984375 0.8859375 0.3984375
1 0.121875 0.5671875 0.3390625 0.5671875 0.3390625 0.821875 0.121875 0.821875
1 0 0.740625 0.1609375 0.740625 0.1609375 0.9765625 0 0.9765625
1 0.2390625 0.1453125 0.4125 0.1453125 0.4125 0.3265625 0.2390625 0.3265625
1 0.246875 0 0.4421875 0 0.4421875 0.184375 0.246875 0.184375
1 0.040625 0.31875 0.2234375 0.31875 0.2234375 0.5125 0.040625 0.5125
1 0.0015625 0.403125 0.15 0.403125 0.15 0.5875 0.0015625 0.5875
1 0.884375 0.4671875 0.9984375 0.4671875 0.9984375 0.6765625 0.884375 0.6765625
1 0.58125 0.1578125 0.709375 0.1578125 0.709375 0.278125 0.58125 0.278125
1 0.50625 0.009375 0.65 0.009375 0.65 0.14375 0.50625 0.14375
1 0.1546875 0.06875 0.3 0.06875 0.3 0.2203125 0.1546875 0.2203125
1 0.79375 0.0015625 0.9453125 0.0015625 0.9453125 0.0875 0.79375 0.0875
0 0.3109375 0.0421875 0.371875 0.0421875 0.371875 0.1046875 0.3109375 0.1046875
0 0.1890625 0.0984375 0.246875 0.0984375 0.246875 0.159375 0.1890625 0.159375
0 0.1125 0.3984375 0.1515625 0.3984375 0.1515625 0.4328125 0.1125 0.4328125
0 0.0234375 0.4546875 0.0875 0.4546875 0.0875 0.5234375 0.0234375 0.5234375
0 0.3375 0.3296875 0.3953125 0.3296875 0.3953125 0.3984375 0.3375 0.3984375
0 0.59375 0.3875 0.6875 0.3875 0.6875 0.4609375 0.59375 0.4609375
0 0.4375 0.465625 0.509375 0.465625 0.509375 0.5453125 0.4375 0.5453125
0 0.5828125 0.6140625 0.6890625 0.6140625 0.6890625 0.7203125 0.5828125 0.7203125
0 0.9453125 0.528125 0.996875 0.528125 0.996875 0.596875 0.9453125 0.596875
0 0.9296875 0.684375 0.9859375 0.684375 0.9859375 0.75 0.9296875 0.75
0 0.246875 0.8453125 0.3328125 0.8453125 0.3328125 0.940625 0.246875 0.940625
0 0.1953125 0.6640625 0.2578125 0.6640625 0.2578125 0.7453125 0.1953125 0.7453125
0 0.028125 0.8203125 0.096875 0.8203125 0.096875 0.8875 0.028125 0.8875
0 0.296875 0.203125 0.346875 0.203125 0.346875 0.2578125 0.296875 0.2578125
0 0.559375 0.05625 0.6046875 0.05625 0.6046875 0.096875 0.559375 0.096875
0 0.6125 0.1859375 0.665625 0.1859375 0.665625 0.2375 0.6125 0.2375
0 0.7640625 0.2140625 0.8296875 0.2140625 0.8296875 0.2828125 0.7640625 0.2828125
0 0.9453125 0.253125 0.996875 0.253125 0.996875 0.325 0.9453125 0.325