1 0.2703125 0.25625 0.4625 0.25625 0.4625 0.4453125 0.2703125 0.4453125
1 0.384375 0.4 0.571875 0.4 0.571875 0.5953125 0.384375 0.5953125
1 0.465625 0.2875 0.80625 0.2875 0.80625 0.565625 0.465625 0.565625
1 0.459375 0.471875 0.8296875 0.471875 0.8296875 0.8484375 0.459375 0.8484375
1 0.1375 0.7265625 0.446875 0.7265625 0.446875 0.9984375 0.1375 0.9984375
1 0.8859375 0.628125 0.996875 0.628125 0.996875 0.80625 0.8859375 0.80625
1 0.70625 0.1453125 0.8984375 0.1453125 0.8984375 0.3328125 0.70625 0.3328125
1 0.875 0.1828125 0.996875 0.1828125 0.996875 0.403125 0.875 0.403125
1 0.1234375 0.5671875 0.3375 0.5671875 0.3375 0.8203125 0.1234375 0.8203125
1 0 0.7421875 0.15625 0.7421875 0.15625 0.9734375 0 0.9734375
1 0.24375 0.15 0.409375 0.15 0.409375 0.3234375 0.24375 0.3234375
1 0.246875 0 0.4421875 0 0.4421875 0.184375 0.246875 0.184375
1 0.0421875 0.321875 0.2203125 0.321875 0.2203125 0.509375 0.0421875 0.509375
1 0 0.3984375 0.153125 0.3984375 0.153125 0.590625 0 0.590625
1 0.8875 0.46875 0.9984375 0.46875 0.9984375 0.6734375 0.8875 0.6734375
1 0.5859375 0.1640625 0.7046875 0.1640625 0.7046875 0.271875 0.5859375 0.271875
1 0.5078125 0.009375 0.65 0.009375 0.65 0.1421875 0.5078125 0.1421875
1 0.1546875 0.06875 0.3 0.06875 0.3 0.2203125 0.1546875 0.2203125
1 0.79375 0.003125 0.94375 0.003125 0.94375 0.0875 0.79375 0.0875
0 0.3109375 0.040625 0.3734375 0.040625 0.3734375 0.1078125 0.3109375 0.1078125
0 0.1875 0.0984375 0.246875 0.0984375 0.246875 0.1609375 0.1875 0.1609375
0 0.1125 0.396875 0.153125 0.396875 0.153125 0.434375 0.1125 0.434375
0 0.0234375 0.4546875 0.0875 0.4546875 0.0875 0.5234375 0.0234375 0.5234375
0 0.334375 0.328125 0.396875 0.328125 0.396875 0.4 0.334375 0.4
0 0.5921875 0.384375 0.6890625 0.384375 0.6890625 0.4640625 0.5921875 0.4640625
0 0.4359375 0.4625 0.5109375 0.4625 0.5109375 0.546875 0.4359375 0.546875
0 0.5828125 0.6140625 0.6890625 0.6140625 0.6890625 0.721875 0.5828125 0.721875
0 0.946875 0.5296875 0.9953125 0.5296875 0.9953125 0.596875 0.946875 0.596875
0 0.928125 0.684375 0.9875 0.684375 0.9875 0.7515625 0.928125 0.7515625
0 0.2484375 0.846875 0.3328125 0.846875 0.3328125 0.940625 0.2484375 0.940625
0 0.196875 0.6671875 0.2546875 0.6671875 0.2546875 0.74375 0.196875 0.74375
0 0.0265625 0.8203125 0.0984375 0.8203125 0.0984375 0.8875 0.0265625 0.8875
0 0.2953125 0.2015625 0.3484375 0.2015625 0.3484375 0.259375 0.2953125 0.259375
0 0.5609375 0.0578125 0.603125 0.0578125 0.603125 0.09375 0.5609375 0.09375
0 0.6125 0.1859375 0.665625 0.1859375 0.665625 0.2375 0.6125 0.2375
0 0.7640625 0.2140625 0.8296875 0.2140625 0.8296875 0.2828125 0.7640625 0.2828125
0 0.94375 0.25 0.9984375 0.25 0.9984375 0.3265625 0.94375 0.3265625