1 0.1890625 0.2953125 0.478125 0.2953125 0.478125 0.5921875 0.1890625 0.5921875
1 0.3734375 0.3140625 0.6609375 0.3140625 0.6609375 0.6125 0.3734375 0.6125
1 0.34375 0.05625 0.815625 0.05625 0.815625 0.5375 0.34375 0.5375
1 0.46875 0.159375 1 0.159375 1 0.7421875 0.46875 0.7421875
1 0.4234375 0.621875 0.85625 0.621875 0.85625 0.9609375 0.4234375 0.9609375
1 0.89375 0.165625 1 0.165625 1 0.3859375 0.89375 0.3859375
1 0.421875 0 0.7078125 0 0.7078125 0.19375 0.421875 0.19375
1 0.5734375 0 0.8234375 0 0.8234375 0.1203125 0.5734375 0.1203125
1 0.30625 0.596875 0.65625 0.596875 0.65625 0.9625 0.30625 0.9625
1 0.3453125 0.85 0.6203125 0.85 0.6203125 0.9703125 0.3453125 0.9703125
1 0.096875 0.2625 0.3515625 0.2625 0.3515625 0.5265625 0.096875 0.5265625
1 0.0109375 0.134375 0.278125 0.134375 0.278125 0.428125 0.0109375 0.428125
1 0.0765625 0.51875 0.3515625 0.51875 0.3515625 0.803125 0.0765625 0.803125
1 0.1015625 0.61875 0.3609375 0.61875 0.3609375 0.890625 0.1015625 0.890625
1 0.78125 0.0453125 1 0.0453125 1 0.2953125 0.78125 0.2953125
1 0.3515625 0.059375 0.5234375 0.059375 0.5234375 0.234375 0.3515625 0.234375
1 0.1859375 0 0.39375 0 0.39375 0.20625 0.1859375 0.20625
1 0.021875 0.2890625 0.2 0.2890625 0.2 0.515625 0.021875 0.515625
0 0.071875 0.2203125 0.16875 0.2203125 0.16875 0.321875 0.071875 0.321875
0 0.025 0.353125 0.1171875 0.353125 0.1171875 0.4484375 0.025 0.4484375
0 0.184375 0.628125 0.2453125 0.628125 0.2453125 0.690625 0.184375 0.690625
0 0.1609375 0.7140625 0.2625 0.7140625 0.2625 0.8203125 0.1609375 0.8203125
0 0.29375 0.4015625 0.39375 0.4015625 0.39375 0.50625 0.29375 0.50625
0 0.5140625 0.2234375 0.646875 0.2234375 0.646875 0.3609375 0.5140625 0.3609375
0 0.459375 0.4078125 0.578125 0.4078125 0.578125 0.5328125 0.459375 0.5328125
0 0.6703125 0.3796875 0.8296875 0.3796875 0.8296875 0.5453125 0.6703125 0.5453125
0 0.8703125 0.0984375 0.9578125 0.0984375 0.9578125 0.1890625 0.8703125 0.1890625
0 0.965625 0.2125 1 0.2125 1 0.309375 0.965625 0.309375
0 0.596875 0.8015625 0.73125 0.8015625 0.73125 0.940625 0.596875 0.940625
0 0.4359375 0.7375 0.5359375 0.7375 0.5359375 0.8421875 0.4359375 0.8421875
0 0.1765625 0.35 0.259375 0.35 0.259375 0.4359375 0.1765625 0.4359375
0 0.2625 0.065625 0.321875 0.065625 0.321875 0.1265625 0.2625 0.1265625
0 0.3890625 0.1078125 0.4671875 0.1078125 0.4671875 0.1890625 0.3890625 0.1890625
0 0.5171875 0.0046875 0.61875 0.0046875 0.61875 0.109375 0.5171875 0.109375
0 0.6703125 0 0.7671875 0 0.7671875 0.0078125 0.6703125 0.0078125