1 0.2203125 0.309375 0.453125 0.309375 0.453125 0.5703125 0.2203125 0.5703125
1 0.3625 0.43125 0.609375 0.43125 0.609375 0.7109375 0.3625 0.7109375
1 0.4109375 0.26875 0.821875 0.26875 0.821875 0.6875 0.4109375 0.6875
1 0.453125 0.4390625 0.934375 0.4390625 0.934375 0.98125 0.453125 0.98125
1 0.2328125 0.7703125 0.596875 0.7703125 0.596875 1 0.2328125 1
1 0.9078125 0.6078125 1 0.6078125 1 0.8328125 0.9078125 0.8328125
1 0.6 0.1328125 0.8421875 0.1328125 0.8421875 0.4 0.6 0.4
1 0.7765625 0.1671875 0.95625 0.1671875 0.95625 0.4375 0.7765625 0.4375
1 0.178125 0.6421875 0.4375 0.6421875 0.4375 0.9609375 0.178125 0.9609375
1 0.1 0.8453125 0.3109375 0.8453125 0.3109375 1 0.1 1
1 0.1625 0.2140625 0.3671875 0.2140625 0.3671875 0.4484375 0.1625 0.4484375
1 0.1171875 0.0515625 0.365625 0.0515625 0.365625 0.3203125 0.1171875 0.3203125
1 0.0109375 0.3984375 0.253125 0.3984375 0.253125 0.6765625 0.0109375 0.6765625
1 0.009375 0.503125 0.1984375 0.503125 0.1984375 0.7484375 0.009375 0.7484375
1 0.86875 0.4546875 1 0.4546875 1 0.7 0.86875 0.7
1 0.484375 0.1796875 0.6453125 0.1796875 0.6453125 0.3546875 0.484375 0.3546875
1 0.36875 0.0515625 0.5484375 0.0515625 0.5484375 0.23125 0.36875 0.23125
1 0.0484375 0.14375 0.240625 0.14375 0.240625 0.3625 0.0484375 0.3625
0 0.1953125 0.121875 0.26875 0.121875 0.26875 0.209375 0.1953125 0.209375
0 0.09375 0.196875 0.165625 0.196875 0.165625 0.28125 0.09375 0.28125
0 0.1078125 0.5109375 0.15625 0.5109375 0.15625 0.5640625 0.1078125 0.5640625
0 0.0375 0.571875 0.1234375 0.571875 0.1234375 0.671875 0.0375 0.671875
0 0.303125 0.40625 0.3796875 0.40625 0.3796875 0.5 0.303125 0.5
0 0.5640625 0.4171875 0.6765625 0.4171875 0.6765625 0.5328125 0.5640625 0.5328125
0 0.4359375 0.521875 0.5328125 0.521875 0.5328125 0.6359375 0.4359375 0.6359375
0 0.6203125 0.6421875 0.7546875 0.6421875 0.7546875 0.79375 0.6203125 0.79375
0 0.9421875 0.5203125 1 0.5203125 1 0.6109375 0.9421875 0.6109375
0 0.971875 0.6796875 1 0.6796875 1 0.7625 0.971875 0.7625
0 0.3671875 0.928125 0.478125 0.928125 0.478125 1 0.3671875 1
0 0.2640625 0.759375 0.35 0.759375 0.35 0.86875 0.2640625 0.86875
0 0.1484375 0.9359375 0.2359375 0.9359375 0.2359375 1 0.1484375 1
0 0.2265625 0.2890625 0.2921875 0.2890625 0.2921875 0.3625 0.2265625 0.3625
0 0.4375 0.1078125 0.4890625 0.1078125 0.4890625 0.1609375 0.4375 0.1609375
0 0.525 0.228125 0.5875 0.228125 0.5875 0.2984375 0.525 0.2984375
0 0.6734375 0.225 0.7640625 0.225 0.7640625 0.328125 0.6734375 0.328125
0 0.859375 0.2421875 0.9359375 0.2421875 0.9359375 0.3421875 0.859375 0.3421875