1 0.2734375 0.2578125 0.4578125 0.2578125 0.4578125 0.44375 0.2734375 0.44375
1 0.3796875 0.396875 0.575 0.396875 0.575 0.5984375 0.3796875 0.5984375
1 0.465625 0.2875 0.80625 0.2875 0.80625 0.565625 0.465625 0.565625
1 0.4546875 0.4671875 0.834375 0.4671875 0.834375 0.853125 0.4546875 0.853125
1 0.14375 0.7328125 0.4421875 0.7328125 0.4421875 0.996875 0.14375 0.996875
1 0.8796875 0.625 0.9984375 0.625 0.9984375 0.809375 0.8796875 0.809375
1 0.7046875 0.1453125 0.8984375 0.1453125 0.8984375 0.3328125 0.7046875 0.3328125
1 0.878125 0.1828125 0.9984375 0.1828125 0.9984375 0.403125 0.878125 0.403125
1 0.1328125 0.575 0.328125 0.575 0.328125 0.8125 0.1328125 0.8125
1 0 0.746875 0.1515625 0.746875 0.1515625 0.9703125 0 0.9703125
1 0.2453125 0.1515625 0.40625 0.1515625 0.40625 0.3203125 0.2453125 0.3203125
1 0.2453125 0 0.4453125 0 0.4453125 0.1875 0.2453125 0.1875
1 0.0359375 0.315625 0.2265625 0.315625 0.2265625 0.515625 0.0359375 0.515625
1 0.003125 0.403125 0.15 0.403125 0.15 0.5875 0.003125 0.5875
1 0.8875 0.46875 0.9984375 0.46875 0.9984375 0.6734375 0.8875 0.6734375
1 0.58125 0.1578125 0.7109375 0.1578125 0.7109375 0.278125 0.58125 0.278125
1 0.50625 0.009375 0.65 0.009375 0.65 0.14375 0.50625 0.14375
1 0.1515625 0.0671875 0.303125 0.0671875 0.303125 0.2234375 0.1515625 0.2234375
1 0.79375 0.003125 0.94375 0.003125 0.94375 0.0875 0.79375 0.0875
0 0.3125 0.0421875 0.3703125 0.0421875 0.3703125 0.1046875 0.3125 0.1046875
0 0.1890625 0.0984375 0.246875 0.0984375 0.246875 0.159375 0.1890625 0.159375
0 0.1125 0.3984375 0.1515625 0.3984375 0.1515625 0.434375 0.1125 0.434375
0 0.021875 0.453125 0.0890625 0.453125 0.0890625 0.525 0.021875 0.525
0 0.3375 0.3296875 0.3953125 0.3296875 0.3953125 0.3984375 0.3375 0.3984375
0 0.59375 0.3859375 0.6875 0.3859375 0.6875 0.4625 0.59375 0.4625
0 0.4359375 0.4625 0.5109375 0.4625 0.5109375 0.546875 0.4359375 0.546875
0 0.5828125 0.6140625 0.690625 0.6140625 0.690625 0.721875 0.5828125 0.721875
0 0.9453125 0.528125 0.996875 0.528125 0.996875 0.596875 0.9453125 0.596875
0 0.9296875 0.684375 0.9875 0.684375 0.9875 0.75 0.9296875 0.75
0 0.246875 0.8453125 0.3328125 0.8453125 0.3328125 0.940625 0.246875 0.940625
0 0.19375 0.6640625 0.2578125 0.6640625 0.2578125 0.7453125 0.19375 0.7453125
0 0.028125 0.8203125 0.096875 0.8203125 0.096875 0.8875 0.028125 0.8875
0 0.296875 0.2046875 0.346875 0.2046875 0.346875 0.2578125 0.296875 0.2578125
0 0.5609375 0.0578125 0.603125 0.0578125 0.603125 0.09375 0.5609375 0.09375
0 0.6125 0.1875 0.6640625 0.1875 0.6640625 0.2359375 0.6125 0.2359375
0 0.7609375 0.2109375 0.8328125 0.2109375 0.8328125 0.2859375 0.7609375 0.2859375
0 0.94375 0.25 0.9984375 0.25 0.9984375 0.3265625 0.94375 0.3265625