1 0.3515625 0.0796875 0.6375 0.0796875 0.6375 0.390625 0.3515625 0.390625
1 0.35625 0.259375 0.65 0.259375 0.65 0.5796875 0.35625 0.5796875
1 0.446875 0.1921875 0.903125 0.1921875 0.903125 0.678125 0.446875 0.678125
1 0.2671875 0.3390625 0.828125 0.3390625 0.828125 0.9515625 0.2671875 0.9515625
1 0.01875 0.41875 0.3578125 0.41875 0.3578125 0.865625 0.01875 0.865625
1 0.6546875 0.7203125 0.8640625 0.7203125 0.8640625 0.9171875 0.6546875 0.9171875
1 0.7875 0.2140625 1 0.2140625 1 0.4921875 0.7875 0.4921875
1 0.8890625 0.346875 1 0.346875 1 0.6 0.8890625 0.6
1 0.0171875 0.2796875 0.3578125 0.2796875 0.3578125 0.659375 0.0171875 0.659375
1 0.015625 0.3796875 0.1125 0.3796875 0.1125 0.6765625 0.015625 0.6765625
1 0.3984375 0 0.65625 0 0.65625 0.2546875 0.3984375 0.2546875
1 0.4875 0 0.7640625 0 0.7640625 0.146875 0.4875 0.146875
1 0.128125 0.0265625 0.4015625 0.0265625 0.4015625 0.3265625 0.128125 0.3265625
1 0.053125 0.084375 0.29375 0.084375 0.29375 0.353125 0.053125 0.353125
1 0.7296875 0.58125 0.95625 0.58125 0.95625 0.846875 0.7296875 0.846875
1 0.7109375 0.1578125 0.890625 0.1578125 0.890625 0.3546875 0.7109375 0.3546875
1 0.7234375 0 0.928125 0 0.928125 0.209375 0.7234375 0.209375
1 0.3921875 0 0.6046875 0 0.6046875 0.103125 0.3921875 0.103125
0 0.5875 0 0.6765625 0 0.6765625 0.028125 0.5875 0.028125
0 0.45625 0 0.5421875 0 0.5421875 0.0140625 0.45625 0.0140625
0 0.2390625 0.1484375 0.2921875 0.1484375 0.2921875 0.2046875 0.2390625 0.2046875
0 0.1125 0.1484375 0.209375 0.1484375 0.209375 0.25625 0.1125 0.25625
0 0.440625 0.1953125 0.5328125 0.1953125 0.5328125 0.2984375 0.440625 0.2984375
0 0.6171875 0.3703125 0.7421875 0.3703125 0.7421875 0.5015625 0.6171875 0.5015625
0 0.440625 0.3640625 0.55 0.3640625 0.55 0.484375 0.440625 0.484375
0 0.459375 0.5625 0.6140625 0.5625 0.6140625 0.73125 0.459375 0.73125
0 0.8296875 0.671875 0.915625 0.671875 0.915625 0.76875 0.8296875 0.76875
0 0.73125 0.8015625 0.8171875 0.8015625 0.8171875 0.8984375 0.73125 0.8984375
0 0.0578125 0.6015625 0.1890625 0.6015625 0.1890625 0.7484375 0.0578125 0.7484375
0 0.1265625 0.41875 0.2296875 0.41875 0.2296875 0.5359375 0.1265625 0.5359375
0 0.4890625 0.065625 0.565625 0.065625 0.565625 0.15 0.4890625 0.15
0 0.7984375 0.0671875 0.8609375 0.0671875 0.8609375 0.134375 0.7984375 0.134375
0 0.759375 0.20625 0.8359375 0.20625 0.8359375 0.2890625 0.759375 0.2890625
0 0.859375 0.3046875 0.95625 0.3046875 0.95625 0.4125 0.859375 0.4125
0 0.984375 0.4359375 1 0.4359375 1 0.528125 0.984375 0.528125