1 0.228125 0.2625 0.4734375 0.2625 0.4734375 0.503125 0.228125 0.503125
1 0.3765625 0.3546875 0.6359375 0.3546875 0.6359375 0.615625 0.3765625 0.615625
1 0.4171875 0.1734375 0.8453125 0.1734375 0.8453125 0.55625 0.4171875 0.55625
1 0.46875 0.3328125 0.9734375 0.3328125 0.9734375 0.8328125 0.46875 0.8328125
1 0.2703125 0.715625 0.646875 0.715625 0.646875 0.990625 0.2703125 0.990625
1 0.928125 0.4328125 1 0.4328125 1 0.6484375 0.928125 0.6484375
1 0.59375 0.009375 0.8484375 0.009375 0.8484375 0.25625 0.59375 0.25625
1 0.7703125 0.0125 0.965625 0.0125 0.965625 0.265625 0.7703125 0.265625
1 0.2078125 0.6046875 0.4796875 0.6046875 0.4796875 0.9 0.2078125 0.9
1 0.1421875 0.825 0.3625 0.825 0.3625 0.996875 0.1421875 0.996875
1 0.165625 0.1796875 0.38125 0.1796875 0.38125 0.3953125 0.165625 0.3953125
1 0.1125 0.0234375 0.371875 0.0234375 0.371875 0.271875 0.1125 0.271875
1 0.0265625 0.3953125 0.2796875 0.3953125 0.2796875 0.65 0.0265625 0.65
1 0.0296875 0.5015625 0.2328125 0.5015625 0.2328125 0.7296875 0.0296875 0.7296875
1 0.8796875 0.284375 1 0.284375 1 0.51875 0.8796875 0.51875
1 0.4828125 0.084375 0.6515625 0.084375 0.6515625 0.24375 0.4828125 0.24375
1 0.3609375 0 0.5484375 0 0.5484375 0.1421875 0.3609375 0.1421875
1 0.0484375 0.1328125 0.25 0.1328125 0.25 0.334375 0.0484375 0.334375
0 0.1921875 0.0890625 0.2703125 0.0890625 0.2703125 0.16875 0.1921875 0.16875
0 0.0953125 0.184375 0.1734375 0.184375 0.1734375 0.2625 0.0953125 0.2625
0 0.1296875 0.4984375 0.178125 0.4984375 0.178125 0.5453125 0.1296875 0.5453125
0 0.0625 0.5703125 0.153125 0.5703125 0.153125 0.6625 0.0625 0.6625
0 0.315625 0.353125 0.3953125 0.353125 0.3953125 0.4390625 0.315625 0.4390625
0 0.5765625 0.309375 0.69375 0.309375 0.69375 0.4140625 0.5765625 0.4140625
0 0.4546875 0.4390625 0.55625 0.4390625 0.55625 0.546875 0.4546875 0.546875
0 0.64375 0.5234375 0.7859375 0.5234375 0.7859375 0.6625 0.64375 0.6625
0 0.95625 0.340625 1 0.340625 1 0.425 0.95625 0.425
0 0.9953125 0.49375 1 0.49375 1 0.575 0.9953125 0.575
0 0.409375 0.859375 0.528125 0.859375 0.528125 0.98125 0.409375 0.98125
0 0.296875 0.7140625 0.3890625 0.7140625 0.3890625 0.8140625 0.296875 0.8140625
0 0.1953125 0.9140625 0.2859375 0.9140625 0.2859375 0.99375 0.1953125 0.99375
0 0.234375 0.25 0.3015625 0.25 0.3015625 0.31875 0.234375 0.31875
0 0.43125 0.0265625 0.4859375 0.0265625 0.4859375 0.0765625 0.43125 0.0765625
0 0.525 0.1296875 0.590625 0.1296875 0.590625 0.19375 0.525 0.19375
0 0.671875 0.0953125 0.76875 0.0953125 0.76875 0.1921875 0.671875 0.1921875
0 0.8578125 0.078125 0.9375 0.078125 0.9375 0.1703125 0.8578125 0.1703125