1 0.275 0.184375 0.4921875 0.184375 0.4921875 0.4203125 0.275 0.4203125
1 0.3703125 0.328125 0.590625 0.328125 0.590625 0.5734375 0.3703125 0.5734375
1 0.4609375 0.209375 0.83125 0.209375 0.83125 0.5546875 0.4609375 0.5546875
1 0.4203125 0.3828125 0.8421875 0.3828125 0.8421875 0.8484375 0.4203125 0.8484375
1 0.090625 0.646875 0.4296875 0.646875 0.4296875 0.98125 0.090625 0.98125
1 0.853125 0.5734375 0.9890625 0.5734375 0.9890625 0.7796875 0.853125 0.7796875
1 0.7296875 0.0875 0.928125 0.0875 0.928125 0.3 0.7296875 0.3
1 0.8953125 0.1359375 1 0.1359375 1 0.36875 0.8953125 0.36875
1 0.09375 0.4953125 0.3375 0.4953125 0.3375 0.7953125 0.09375 0.7953125
1 0.0046875 0.6734375 0.1421875 0.6734375 0.1421875 0.9375 0.0046875 0.9375
1 0.259375 0.0796875 0.4515625 0.0796875 0.4515625 0.29375 0.259375 0.29375
1 0.28125 0 0.496875 0 0.496875 0.153125 0.28125 0.153125
1 0.04375 0.2484375 0.2453125 0.2484375 0.2453125 0.4796875 0.04375 0.4796875
1 0.0015625 0.334375 0.165625 0.334375 0.165625 0.55 0.0015625 0.55
1 0.8671875 0.4140625 1 0.4140625 1 0.646875 0.8671875 0.646875
1 0.60625 0.0984375 0.7453125 0.0984375 0.7453125 0.24375 0.60625 0.24375
1 0.54375 0 0.7015625 0 0.7015625 0.109375 0.54375 0.109375
1 0.1859375 0.003125 0.346875 0.003125 0.346875 0.1828125 0.1859375 0.1828125
1 0.834375 0 0.9953125 0 0.9953125 0.059375 0.834375 0.059375
0 0.3546875 0 0.4203125 0 0.4203125 0.0609375 0.3546875 0.0609375
0 0.2265625 0.0421875 0.290625 0.0421875 0.290625 0.1140625 0.2265625 0.1140625
0 0.1234375 0.34375 0.165625 0.34375 0.165625 0.384375 0.1234375 0.384375
0 0.0265625 0.3953125 0.0984375 0.3953125 0.0984375 0.4796875 0.0265625 0.4796875
0 0.35 0.275 0.4140625 0.275 0.4140625 0.35625 0.35 0.35625
0 0.5984375 0.33125 0.7015625 0.33125 0.7015625 0.425 0.5984375 0.425
0 0.4359375 0.409375 0.5171875 0.409375 0.5171875 0.5046875 0.4359375 0.5046875
0 0.5640625 0.559375 0.6796875 0.559375 0.6796875 0.6859375 0.5640625 0.6859375
0 0.9359375 0.48125 0.99375 0.48125 0.99375 0.5625 0.9359375 0.5625
0 0.90625 0.6390625 0.96875 0.6390625 0.96875 0.715625 0.90625 0.715625
0 0.20625 0.7890625 0.303125 0.7890625 0.303125 0.9015625 0.20625 0.9015625
0 0.175 0.609375 0.2453125 0.609375 0.2453125 0.703125 0.175 0.703125
0 0.0046875 0.7625 0.0703125 0.7625 0.0703125 0.8421875 0.0046875 0.8421875
0 0.3234375 0.146875 0.3796875 0.146875 0.3796875 0.2140625 0.3234375 0.2140625
0 0.6015625 0.003125 0.6515625 0.003125 0.6515625 0.053125 0.6015625 0.053125
0 0.640625 0.134375 0.6984375 0.134375 0.6984375 0.196875 0.640625 0.196875
0 0.7875 0.1625 0.859375 0.1625 0.859375 0.2453125 0.7875 0.2453125
0 0.9625 0.20625 1 0.20625 1 0.2875 0.9625 0.2875