1 0.2390625 0.2296875 0.4484375 0.2296875 0.4484375 0.4328125 0.2390625 0.4328125
1 0.340625 0.3703125 0.5453125 0.3703125 0.5453125 0.578125 0.340625 0.578125
1 0.4234375 0.2484375 0.790625 0.2484375 0.790625 0.55 0.4234375 0.55
1 0.39375 0.43125 0.796875 0.43125 0.796875 0.8328125 0.39375 0.8328125
1 0.0578125 0.6984375 0.39375 0.6984375 0.39375 0.990625 0.0578125 0.990625
1 0.8234375 0.5890625 0.95 0.5890625 0.95 0.7734375 0.8234375 0.7734375
1 0.684375 0.10625 0.89375 0.10625 0.89375 0.30625 0.684375 0.30625
1 0.8484375 0.1421875 0.9875 0.1421875 0.9875 0.371875 0.8484375 0.371875
1 0.0609375 0.5453125 0.296875 0.5453125 0.296875 0.8109375 0.0609375 0.8109375
1 0 0.7265625 0.1 0.7265625 0.1 0.9671875 0 0.9671875
1 0.2234375 0.125 0.4046875 0.125 0.4046875 0.309375 0.2234375 0.309375
1 0.2390625 0 0.45 0 0.45 0.171875 0.2390625 0.171875
1 0.00625 0.303125 0.2015625 0.303125 0.2015625 0.503125 0.00625 0.503125
1 0 0.38125 0.128125 0.38125 0.128125 0.584375 0 0.584375
1 0.8359375 0.4296875 0.9640625 0.4296875 0.9640625 0.640625 0.8359375 0.640625
1 0.5703125 0.13125 0.6984375 0.13125 0.6984375 0.246875 0.5703125 0.246875
1 0.503125 0 0.65625 0 0.65625 0.1203125 0.503125 0.1203125
1 0.1453125 0.0484375 0.303125 0.0484375 0.303125 0.209375 0.1453125 0.209375
1 0.7953125 0 0.9515625 0 0.9515625 0.0578125 0.7953125 0.0578125
0 0.309375 0.01875 0.378125 0.01875 0.378125 0.090625 0.309375 0.090625
0 0.1828125 0.0796875 0.246875 0.0796875 0.246875 0.146875 0.1828125 0.146875
0 0.0828125 0.3828125 0.1265625 0.3828125 0.1265625 0.4234375 0.0828125 0.4234375
0 0 0.4421875 0.0578125 0.4421875 0.0578125 0.515625 0 0.515625
0 0.3078125 0.30625 0.3765625 0.30625 0.3765625 0.3828125 0.3078125 0.3828125
0 0.5609375 0.353125 0.6640625 0.353125 0.6640625 0.4390625 0.5609375 0.4390625
0 0.3984375 0.4375 0.478125 0.4375 0.478125 0.5265625 0.3984375 0.5265625
0 0.528125 0.5828125 0.64375 0.5828125 0.64375 0.696875 0.528125 0.696875
0 0.903125 0.490625 0.9578125 0.490625 0.9578125 0.5609375 0.903125 0.5609375
0 0.8703125 0.6453125 0.9359375 0.6453125 0.9359375 0.715625 0.8703125 0.715625
0 0.175 0.8265625 0.2671875 0.8265625 0.2671875 0.925 0.175 0.925
0 0.140625 0.65 0.2046875 0.65 0.2046875 0.7296875 0.140625 0.7296875
0 0 0.80625 0.0359375 0.80625 0.0359375 0.878125 0 0.878125
0 0.28125 0.18125 0.340625 0.18125 0.340625 0.24375 0.28125 0.24375
0 0.5609375 0.03125 0.60625 0.03125 0.60625 0.06875 0.5609375 0.06875
0 0.5984375 0.1578125 0.6578125 0.1578125 0.6578125 0.2109375 0.5984375 0.2109375
0 0.7484375 0.1796875 0.81875 0.1796875 0.81875 0.253125 0.7484375 0.253125
0 0.9234375 0.2109375 0.98125 0.2109375 0.98125 0.2921875 0.9234375 0.2921875