0 0.0 0.0 179.2 85.119744
0 0.0 398.72025600000006 477.44 767.360256
0 6.4 259.839744 19.2 277.119744
0 39.04 279.680256 55.04 298.239744
0 99.84 74.88 124.16 107.52000000000001
0 124.16 123.519744 139.52 143.360256
0 332.8 224.64 454.4 286.719744
0 336.64 294.399744 360.96 303.99974399999996
0 380.8 281.600256 396.16 291.84000000000003
0 404.48 346.239744 416.0 356.480256
0 504.32 483.200256 886.4 764.7997439999999
0 538.24 100.47974400000001 880.64 359.679744
0 676.48 608.000256 713.6 645.12
