1 0 0 0.8546875 0 0.8546875 0.778125 0 0.778125
1 0.296875 0 0.9734375 0 0.9734375 0.5125 0.296875 0.5125
1 0 0.2578125 0.7171875 0.2578125 0.7171875 1 0 1
1 0.384375 0.275 0.9984375 0.275 0.9984375 0.965625 0.384375 0.965625
1 0.6234375 0.1671875 0.9984375 0.1671875 0.9984375 0.7890625 0.6234375 0.7890625
0 0.390625 0.315625 0.534375 0.315625 0.534375 0.4765625 0.390625 0.4765625
0 0.2453125 0.6875 0.4328125 0.6875 0.4328125 0.89375 0.2453125 0.89375
0 0 0.2890625 0.1078125 0.2890625 0.1078125 0.4390625 0 0.4390625
0 0.6296875 0.0609375 0.8125 0.0609375 0.8125 0.2609375 0.6296875 0.2609375
0 0.9328125 0.5078125 0.996875 0.5078125 0.996875 0.6734375 0.9328125 0.6734375
0 0.7484375 0.65625 0.909375 0.65625 0.909375 0.825 0.7484375 0.825