1 0.2171875 0.0046875 0.8328125 0.0046875 0.8328125 0.6609375 0.2171875 0.6609375
1 0.5796875 0 0.996875 0 0.996875 0.60625 0.5796875 0.60625
1 0 0.278125 0.46875 0.278125 0.46875 0.928125 0 0.928125
1 0.3359375 0.5671875 0.8390625 0.5671875 0.8390625 0.9984375 0.3359375 0.9984375
1 0.6234375 0.525 0.9984375 0.525 0.9984375 0.9984375 0.6234375 0.9984375
0 0.45625 0.3734375 0.553125 0.3734375 0.553125 0.484375 0.45625 0.484375
0 0.128125 0.6140625 0.2609375 0.6140625 0.2609375 0.753125 0.128125 0.753125
0 0.1375 0.0875 0.234375 0.0875 0.234375 0.19375 0.1375 0.19375
0 0.778125 0.325 0.8953125 0.325 0.8953125 0.4546875 0.778125 0.4546875
0 0.78125 0.86875 0.89375 0.86875 0.89375 0.9890625 0.78125 0.9890625
0 0.55 0.896875 0.665625 0.896875 0.665625 0.996875 0.55 0.996875