1 0.2265625 0.0125 0.825 0.0125 0.825 0.6546875 0.2265625 0.6546875
1 0.5875 0 0.9984375 0 0.9984375 0.603125 0.5875 0.603125
1 0 0.271875 0.478125 0.271875 0.478125 0.934375 0 0.934375
1 0.33125 0.5609375 0.84375 0.5609375 0.84375 0.9984375 0.33125 0.9984375
1 0.6328125 0.5328125 0.9984375 0.5328125 0.9984375 0.996875 0.6328125 0.996875
0 0.45625 0.371875 0.5546875 0.371875 0.5546875 0.484375 0.45625 0.484375
0 0.128125 0.6125 0.2609375 0.6125 0.2609375 0.7546875 0.128125 0.7546875
0 0.1375 0.0875 0.234375 0.0875 0.234375 0.19375 0.1375 0.19375
0 0.7734375 0.3203125 0.9 0.3203125 0.9 0.4578125 0.7734375 0.4578125
0 0.7828125 0.8703125 0.89375 0.8703125 0.89375 0.9875 0.7828125 0.9875
0 0.5484375 0.8921875 0.6703125 0.8921875 0.6703125 0.996875 0.5484375 0.996875