1 0.0171875 0.0015625 0.8953125 0.0015625 0.8953125 0.815625 0.0171875 0.815625
1 0.3359375 0.015625 1 0.015625 1 0.6015625 0.3359375 0.6015625
1 0.0109375 0.31875 0.7078125 0.31875 0.7078125 1 0.0109375 1
1 0.4015625 0.41875 1 0.41875 1 1 0.4015625 1
1 0.628125 0.315625 1 0.315625 1 0.928125 0.628125 0.928125
0 0.4140625 0.38125 0.55625 0.38125 0.55625 0.53125 0.4140625 0.53125
0 0.25 0.7234375 0.4390625 0.7234375 0.4390625 0.9171875 0.25 0.9171875
0 0.009375 0.2609375 0.134375 0.2609375 0.134375 0.4046875 0.009375 0.4046875
0 0.66875 0.1890625 0.8390625 0.1890625 0.8390625 0.3671875 0.66875 0.3671875
0 0.9421875 0.6828125 1 0.6828125 1 0.846875 0.9421875 0.846875
0 0.75625 0.80625 0.9109375 0.80625 0.9109375 0.95625 0.75625 0.95625