1 0.209375 0 0.903125 0 0.903125 0.675 0.209375 0.675
1 0.575 0 1 0 1 0.6140625 0.575 0.6140625
1 0.003125 0.1421875 0.5265625 0.1421875 0.5265625 0.925 0.003125 0.925
1 0.284375 0.475 0.821875 0.475 0.821875 0.971875 0.284375 0.971875
1 0.5390625 0.4265625 1 0.4265625 1 0.94375 0.5390625 0.94375
0 0.465625 0.309375 0.5796875 0.309375 0.5796875 0.4421875 0.465625 0.4421875
0 0.103125 0.5265625 0.2578125 0.5265625 0.2578125 0.7046875 0.103125 0.7046875
0 0.1953125 0.009375 0.3 0.009375 0.3 0.13125 0.1953125 0.13125
0 0.7859375 0.271875 0.9296875 0.271875 0.9296875 0.4359375 0.7859375 0.4359375
0 0.7140625 0.81875 0.8515625 0.81875 0.8515625 0.9265625 0.7140625 0.9265625
0 0.4859375 0.834375 0.6203125 0.834375 0.6203125 0.95 0.4859375 0.95