1 0.1125 0 1 0 1 0.7875 0.1125 0.7875
1 0.440625 0 0.990625 0 0.990625 0.7734375 0.440625 0.7734375
1 0 0 0.59375 0 0.59375 0.8359375 0 0.8359375
1 0.009375 0.328125 0.70625 0.328125 0.70625 0.984375 0.009375 0.984375
1 0.2484375 0.425 0.853125 0.425 0.853125 0.940625 0.2484375 0.940625
0 0.4328125 0.2578125 0.5875 0.2578125 0.5875 0.4296875 0.4328125 0.4296875
0 0.00625 0.34375 0.2078125 0.34375 0.2078125 0.5671875 0.00625 0.5671875
0 0.3625 0 0.509375 0 0.509375 0.0296875 0.3625 0.0296875
0 0.7046875 0.340625 0.8875 0.340625 0.8875 0.5453125 0.7046875 0.5453125
0 0.384375 0.85 0.546875 0.85 0.546875 0.915625 0.384375 0.915625
0 0.1890625 0.7796875 0.35 0.7796875 0.35 0.9515625 0.1890625 0.9515625