1 0.0578125 0 0.8515625 0 0.8515625 0.725 0.0578125 0.725
1 0.39375 0 1 0 1 0.496875 0.39375 0.496875
1 0 0.1984375 0.6265625 0.1984375 0.6265625 1 0 1
1 0.36875 0.3125 0.96875 0.3125 0.96875 0.940625 0.36875 0.940625
1 0.584375 0.18125 0.9921875 0.18125 0.9921875 0.8328125 0.584375 0.8328125
0 0.403125 0.28125 0.534375 0.28125 0.534375 0.4359375 0.403125 0.4359375
0 0.1734375 0.6359375 0.3515625 0.6359375 0.3515625 0.8421875 0.1734375 0.8421875
0 0.0109375 0.1953125 0.1328125 0.1953125 0.1328125 0.3359375 0.0109375 0.3359375
0 0.684375 0.0625 0.8515625 0.0625 0.8515625 0.253125 0.684375 0.253125
0 0.8703125 0.5484375 0.984375 0.5484375 0.984375 0.721875 0.8703125 0.721875
0 0.665625 0.6828125 0.815625 0.6828125 0.815625 0.84375 0.665625 0.84375