1 0.1921875 0 1 0 1 0.821875 0.1921875 0.821875
1 0.50625 0.15 1 0.15 1 0.890625 0.50625 0.890625
1 0 0 0.675 0 0.675 0.8125 0 0.8125
1 0.06875 0.4140625 0.771875 0.4140625 0.771875 0.9984375 0.06875 0.9984375
1 0.3046875 0.584375 0.90625 0.584375 0.90625 0.9921875 0.3046875 0.9921875
0 0.496875 0.35625 0.653125 0.35625 0.653125 0.5109375 0.496875 0.5109375
0 0.0703125 0.334375 0.2734375 0.334375 0.2734375 0.534375 0.0703125 0.534375
0 0.4265625 0 0.5734375 0 0.5734375 0.08125 0.4265625 0.08125
0 0.7625 0.5171875 0.9578125 0.5171875 0.9578125 0.709375 0.7625 0.709375
0 0.4421875 0.9484375 0.60625 0.9484375 0.60625 0.9890625 0.4421875 0.9890625
0 0.253125 0.8171875 0.4234375 0.8171875 0.4234375 0.98125 0.253125 0.98125