1 0.23125 0.0171875 0.8203125 0.0171875 0.8203125 0.6484375 0.23125 0.6484375
1 0.5921875 0 0.9984375 0 0.9984375 0.5984375 0.5921875 0.5984375
1 0 0.271875 0.4765625 0.271875 0.4765625 0.934375 0 0.934375
1 0.3515625 0.584375 0.8234375 0.584375 0.8234375 0.996875 0.3515625 0.996875
1 0.609375 0.515625 0.9984375 0.515625 0.9984375 0.9984375 0.609375 0.9984375
0 0.45625 0.375 0.553125 0.375 0.553125 0.4828125 0.45625 0.4828125
0 0.128125 0.6125 0.2609375 0.6125 0.2609375 0.7546875 0.128125 0.7546875
0 0.1421875 0.0921875 0.23125 0.0921875 0.23125 0.190625 0.1421875 0.190625
0 0.775 0.3234375 0.8984375 0.3234375 0.8984375 0.4546875 0.775 0.4546875
0 0.778125 0.8671875 0.896875 0.8671875 0.896875 0.990625 0.778125 0.990625
0 0.5484375 0.8953125 0.6671875 0.8953125 0.6671875 0.9984375 0.5484375 0.9984375