1 0.13125 0.0234375 0.7109375 0.0234375 0.7109375 0.5703125 0.13125 0.5703125
1 0.0078125 0.2234375 0.48125 0.2234375 0.48125 0.83125 0.0078125 0.83125
1 0.1953125 0.253125 0.778125 0.253125 0.778125 0.9359375 0.1953125 0.9359375
1 0.5171875 0.5171875 1 0.5171875 1 1 0.5171875 1
1 0.41875 0.0734375 0.9171875 0.0734375 0.9171875 0.5890625 0.41875 0.5890625
1 0.5296875 0.3015625 0.9125 0.3015625 0.9125 0.746875 0.5296875 0.746875
1 0.609375 0.7265625 0.984375 0.7265625 0.984375 1 0.609375 1
1 0.0578125 0.6421875 0.303125 0.6421875 0.303125 0.9203125 0.0578125 0.9203125
1 0.0140625 0.384375 0.178125 0.384375 0.178125 0.73125 0.0140625 0.73125
1 0.121875 0.6921875 0.40625 0.6921875 0.40625 1 0.121875 1
1 0.259375 0.8515625 0.4890625 0.8515625 0.4890625 1 0.259375 1
1 0.365625 0.553125 0.790625 0.553125 0.790625 1 0.365625 1
0 0.4234375 0.5546875 0.521875 0.5546875 0.521875 0.671875 0.4234375 0.671875
0 0.35 0.1828125 0.46875 0.1828125 0.46875 0.321875 0.35 0.321875
0 0.190625 0.4703125 0.2921875 0.4703125 0.2921875 0.5890625 0.190625 0.5890625
0 0.01875 0.5296875 0.0640625 0.5296875 0.0640625 0.621875 0.01875 0.621875
0 0.1203125 0.7578125 0.190625 0.7578125 0.190625 0.8390625 0.1203125 0.8390625
0 0.1890625 0.8671875 0.2453125 0.8671875 0.2453125 0.9296875 0.1890625 0.9296875
0 0.303125 0.9734375 0.346875 0.9734375 0.346875 1 0.303125 1
0 0.678125 0.7609375 0.76875 0.7609375 0.76875 0.865625 0.678125 0.865625
0 0.771875 0.959375 0.8765625 0.959375 0.8765625 1 0.771875 1
0 0.5125 0.759375 0.59375 0.759375 0.59375 0.85625 0.5125 0.85625
0 0.6421875 0.5078125 0.7265625 0.5078125 0.7265625 0.60625 0.6421875 0.60625
0 0.66875 0.175 0.7890625 0.175 0.7890625 0.315625 0.66875 0.315625