1 0.0421875 0.0421875 0.4046875 0.0421875 0.4046875 0.5125 0.0421875 0.5125
1 0.1171875 0.4421875 0.4015625 0.4421875 0.4015625 0.8890625 0.1171875 0.8890625
1 0.30625 0.3 0.659375 0.3 0.659375 0.7546875 0.30625 0.7546875
1 0.646875 0.3015625 0.9375 0.3015625 0.9375 0.6890625 0.646875 0.6890625
1 0.25 0 0.6375 0 0.6375 0.3296875 0.25 0.3296875
1 0.4875 0.1515625 0.7234375 0.1515625 0.7234375 0.4390625 0.4875 0.4390625
1 0.828125 0.4109375 0.9984375 0.4109375 0.9984375 0.784375 0.828125 0.784375
1 0.2921875 0.8265625 0.4609375 0.8265625 0.4609375 0.996875 0.2921875 0.996875
1 0.025 0.7109375 0.2296875 0.7109375 0.2296875 0.9625 0.025 0.9625
1 0.3734375 0.8109375 0.5828125 0.8109375 0.5828125 0.9984375 0.3734375 0.9984375
1 0.5421875 0.865625 0.7125 0.865625 0.7125 0.996875 0.5421875 0.996875
1 0.5375 0.4640625 0.79375 0.4640625 0.79375 0.8 0.5375 0.8
0 0.45 0.5109375 0.515625 0.5109375 0.515625 0.596875 0.45 0.596875
0 0.196875 0.2578125 0.2640625 0.2578125 0.2640625 0.3515625 0.196875 0.3515625
0 0.2453125 0.6171875 0.303125 0.6171875 0.303125 0.7015625 0.2453125 0.7015625
0 0.121875 0.821875 0.1703125 0.821875 0.1703125 0.8921875 0.121875 0.8921875
0 0.35 0.9140625 0.3875 0.9140625 0.3875 0.9734375 0.35 0.9734375
0 0.4484375 0.9625 0.4921875 0.9625 0.4921875 0.9984375 0.4484375 0.9984375
0 0.5859375 0.96875 0.6203125 0.96875 0.6203125 0.9953125 0.5859375 0.9953125
0 0.746875 0.49375 0.8015625 0.49375 0.8015625 0.5703125 0.746875 0.5703125
0 0.9375 0.5859375 0.990625 0.5859375 0.990625 0.66875 0.9375 0.66875
0 0.628125 0.621875 0.6765625 0.621875 0.6765625 0.6890625 0.628125 0.6890625
0 0.575 0.3171875 0.6234375 0.3171875 0.6234375 0.3828125 0.575 0.3828125
0 0.4140625 0.009375 0.4859375 0.009375 0.4859375 0.1078125 0.4140625 0.1078125