1 0 0.059375 0.403125 0.059375 0.403125 0.59375 0 0.59375
1 0.1140625 0.4625 0.45 0.4625 0.45 0.9640625 0.1140625 0.9640625
1 0.28125 0.2984375 0.6921875 0.2984375 0.6921875 0.8265625 0.28125 0.8265625
1 0.6203125 0.2921875 0.9578125 0.2921875 0.9578125 0.7375 0.6203125 0.7375
1 0.2 0.0140625 0.603125 0.0140625 0.603125 0.3890625 0.2 0.3890625
1 0.440625 0.1546875 0.7171875 0.1546875 0.7171875 0.4953125 0.440625 0.4953125
1 0.8109375 0.4078125 1 0.4078125 1 0.8125 0.8109375 0.8125
1 0.3328125 0.8515625 0.5203125 0.8515625 0.5203125 1 0.3328125 1
1 0.05625 0.7484375 0.284375 0.7484375 0.284375 1 0.05625 1
1 0.4125 0.8296875 0.6375 0.8296875 0.6375 1 0.4125 1
1 0.5828125 0.871875 0.7734375 0.871875 0.7734375 1 0.5828125 1
1 0.53125 0.4640625 0.8296875 0.4640625 0.8296875 0.853125 0.53125 0.853125
0 0.45625 0.5421875 0.5234375 0.5421875 0.5234375 0.6359375 0.45625 0.6359375
0 0.16875 0.2984375 0.25 0.2984375 0.25 0.4078125 0.16875 0.4078125
0 0.2625 0.6578125 0.3296875 0.6578125 0.3296875 0.753125 0.2625 0.753125
0 0.1640625 0.871875 0.2203125 0.871875 0.2203125 0.95 0.1640625 0.95
0 0.4015625 0.9515625 0.446875 0.9515625 0.446875 1 0.4015625 1
0 0.50625 0.9953125 0.553125 0.9953125 0.553125 1 0.50625 1
0 0.64375 0.9953125 0.6796875 0.9953125 0.6796875 1 0.64375 1
0 0.7453125 0.509375 0.8078125 0.509375 0.8078125 0.59375 0.7453125 0.59375
0 0.9390625 0.5875 1 0.5875 1 0.6859375 0.9390625 0.6859375
0 0.6421875 0.64375 0.6984375 0.64375 0.6984375 0.7203125 0.6421875 0.7203125
0 0.5515625 0.340625 0.609375 0.340625 0.609375 0.41875 0.5515625 0.41875
0 0.3546875 0.040625 0.4375 0.040625 0.4375 0.1515625 0.3546875 0.1515625