1 0.0609375 0.003125 0.534375 0.003125 0.534375 0.5046875 0.0609375 0.5046875
1 0.021875 0.34375 0.40625 0.34375 0.40625 0.85625 0.021875 0.85625
1 0.228125 0.2609375 0.7109375 0.2609375 0.7109375 0.8296875 0.228125 0.8296875
1 0.596875 0.4015625 0.95 0.4015625 0.95 0.84375 0.596875 0.84375
1 0.3125 0.0171875 0.775 0.0171875 0.775 0.409375 0.3125 0.409375
1 0.4890625 0.18125 0.8234375 0.18125 0.8234375 0.559375 0.4890625 0.559375
1 0.7296875 0.5546875 0.99375 0.5546875 0.99375 0.9671875 0.7296875 0.9671875
1 0.140625 0.7546875 0.3625 0.7546875 0.3625 0.9875 0.140625 0.9875
1 0 0.5671875 0.1640625 0.5671875 0.1640625 0.8671875 0 0.8671875
1 0.2171875 0.765625 0.484375 0.765625 0.484375 1 0.2171875 1
1 0.3796875 0.875 0.5890625 0.875 0.5890625 1 0.3796875 1
1 0.425 0.490625 0.7984375 0.490625 0.7984375 0.925 0.425 0.925
0 0.4171875 0.5171875 0.50625 0.5171875 0.50625 0.625 0.4171875 0.625
0 0.25 0.1921875 0.34375 0.1921875 0.34375 0.30625 0.25 0.30625
0 0.190625 0.5484375 0.2703125 0.5484375 0.2703125 0.6484375 0.190625 0.6484375
0 0.0140625 0.6984375 0.08125 0.6984375 0.08125 0.7828125 0.0140625 0.7828125
0 0.20625 0.8625 0.2625 0.8625 0.2625 0.934375 0.20625 0.934375
0 0.29375 0.9421875 0.346875 0.9421875 0.346875 0.9921875 0.29375 0.9921875
0 0.4265625 0.996875 0.4671875 0.996875 0.4671875 1 0.4265625 1
0 0.7109375 0.6046875 0.78125 0.6046875 0.78125 0.69375 0.7109375 0.69375
0 0.85625 0.7546875 0.9375 0.7546875 0.9375 0.85625 0.85625 0.85625
0 0.5625 0.684375 0.621875 0.684375 0.621875 0.7625 0.5625 0.7625
0 0.596875 0.375 0.6703125 0.375 0.6703125 0.4625 0.596875 0.4625
0 0.53125 0.034375 0.628125 0.034375 0.628125 0.153125 0.53125 0.153125