1 0.1390625 0.0125 0.71875 0.0125 0.71875 0.496875 0.1390625 0.496875
1 0 0.2171875 0.4421875 0.2171875 0.4421875 0.7546875 0 0.7546875
1 0.1546875 0.234375 0.746875 0.234375 0.746875 0.8609375 0.1546875 0.8609375
1 0.4765625 0.509375 0.921875 0.509375 0.921875 0.9859375 0.4765625 0.9859375
1 0.415625 0.0359375 0.9296875 0.0359375 0.9296875 0.5296875 0.415625 0.5296875
1 0.4984375 0.2609375 0.9 0.2609375 0.9 0.684375 0.4984375 0.684375
1 0.5359375 0.703125 0.9078125 0.703125 0.9078125 1 0.5359375 1
1 0 0.6046875 0.2421875 0.6046875 0.2421875 0.875 0 0.875
1 0 0.3546875 0.1359375 0.3546875 0.1359375 0.6765625 0 0.6765625
1 0.0421875 0.65 0.3421875 0.65 0.3421875 0.9625 0.0421875 0.9625
1 0.16875 0.8140625 0.396875 0.8140625 0.396875 1 0.16875 1
1 0.2859375 0.5109375 0.740625 0.5109375 0.740625 0.99375 0.2859375 0.99375
0 0.3765625 0.5078125 0.4890625 0.5078125 0.4890625 0.625 0.3765625 0.625
0 0.3609375 0.1484375 0.4765625 0.1484375 0.4765625 0.271875 0.3609375 0.271875
0 0.1578125 0.4359375 0.2609375 0.4359375 0.2609375 0.5453125 0.1578125 0.5453125
0 0 0.49375 0.021875 0.49375 0.021875 0.58125 0 0.58125
0 0.0484375 0.71875 0.1203125 0.71875 0.1203125 0.7953125 0.0484375 0.7953125
0 0.1046875 0.8265625 0.1625 0.8265625 0.1625 0.884375 0.1046875 0.884375
0 0.2078125 0.9296875 0.2515625 0.9296875 0.2515625 0.975 0.2078125 0.975
0 0.6171875 0.7109375 0.7078125 0.7109375 0.7078125 0.8078125 0.6171875 0.8078125
0 0.684375 0.9078125 0.7859375 0.9078125 0.7859375 1 0.684375 1
0 0.45 0.7171875 0.5265625 0.7171875 0.5265625 0.8 0.45 0.8
0 0.6109375 0.4578125 0.7015625 0.4578125 0.7015625 0.5546875 0.6109375 0.5546875
0 0.6875 0.13125 0.80625 0.13125 0.80625 0.259375 0.6875 0.259375