1 0 0.05 0.403125 0.05 0.403125 0.596875 0 0.596875
1 0.0625 0.4640625 0.3953125 0.4640625 0.3953125 0.9703125 0.0625 0.9703125
1 0.2515625 0.3359375 0.65625 0.3359375 0.65625 0.8625 0.2515625 0.8625
1 0.596875 0.371875 0.93125 0.371875 0.93125 0.81875 0.596875 0.81875
1 0.2046875 0.0328125 0.628125 0.0328125 0.628125 0.434375 0.2046875 0.434375
1 0.44375 0.2078125 0.7109375 0.2078125 0.7109375 0.5453125 0.44375 0.5453125
1 0.7765625 0.5046875 0.978125 0.5046875 0.978125 0.9125 0.7765625 0.9125
1 0.2515625 0.8734375 0.4375 0.8734375 0.4375 1 0.2515625 1
1 0 0.7296875 0.2109375 0.7296875 0.2109375 1 0 1
1 0.33125 0.8609375 0.5609375 0.8609375 0.5609375 1 0.33125 1
1 0.503125 0.9359375 0.6875 0.9359375 0.6875 1 0.503125 1
1 0.4890625 0.5265625 0.784375 0.5265625 0.784375 0.9171875 0.4890625 0.9171875
0 0.4171875 0.575 0.490625 0.575 0.490625 0.6765625 0.4171875 0.6765625
0 0.1625 0.296875 0.240625 0.296875 0.240625 0.4046875 0.1625 0.4046875
0 0.209375 0.6640625 0.278125 0.6640625 0.278125 0.759375 0.209375 0.759375
0 0.0859375 0.859375 0.1421875 0.859375 0.1421875 0.9390625 0.0859375 0.9390625
0 0.3140625 0.9734375 0.359375 0.9734375 0.359375 1 0.3140625 1
0 0.7140625 0.5859375 0.778125 0.5859375 0.778125 0.675 0.7140625 0.675
0 0.903125 0.6984375 0.9671875 0.6984375 0.9671875 0.7921875 0.903125 0.7921875
0 0.59375 0.7046875 0.65 0.7046875 0.65 0.7828125 0.59375 0.7828125
0 0.5421875 0.39375 0.5984375 0.39375 0.5984375 0.46875 0.5421875 0.46875
0 0.38125 0.0671875 0.4640625 0.0671875 0.4640625 0.18125 0.38125 0.18125