1 0.0796875 0.0109375 0.6375 0.0109375 0.6375 0.5578125 0.0796875 0.5578125
1 0.01875 0.2859375 0.4859375 0.2859375 0.4859375 0.871875 0.01875 0.871875
1 0.23125 0.2671875 0.7796875 0.2671875 0.7796875 0.9 0.23125 0.9
1 0.578125 0.4609375 1 0.4609375 1 0.99375 0.578125 0.99375
1 0.3453125 0.0484375 0.8609375 0.0484375 0.8609375 0.5203125 0.3453125 0.5203125
1 0.525 0.25 0.884375 0.25 0.884375 0.6578125 0.525 0.6578125
1 0.7125 0.653125 1 0.653125 1 1 0.7125 1
1 0.1484375 0.721875 0.3859375 0.721875 0.3859375 0.978125 0.1484375 0.978125
1 0.03125 0.4890625 0.2171875 0.4890625 0.2171875 0.828125 0.03125 0.828125
1 0.2203125 0.7515625 0.50625 0.7515625 0.50625 1 0.2203125 1
1 0.3828125 0.8953125 0.6015625 0.8953125 0.6015625 1 0.3828125 1
1 0.4375 0.540625 0.8390625 0.540625 0.8390625 1 0.4375 1
0 0.4453125 0.546875 0.546875 0.546875 0.546875 0.665625 0.4453125 0.665625
0 0.2984375 0.1921875 0.4046875 0.1921875 0.4046875 0.3203125 0.2984375 0.3203125
0 0.215625 0.5234375 0.3109375 0.5234375 0.3109375 0.6375 0.215625 0.6375
0 0.040625 0.63125 0.109375 0.63125 0.109375 0.7234375 0.040625 0.7234375
0 0.215625 0.834375 0.2796875 0.834375 0.2796875 0.9140625 0.215625 0.9140625
0 0.3 0.93125 0.3578125 0.93125 0.3578125 0.9890625 0.3 0.9890625
0 0.7328125 0.6953125 0.8203125 0.6953125 0.8203125 0.8 0.7328125 0.8
0 0.8734375 0.8796875 0.9625 0.8796875 0.9625 0.9875 0.8734375 0.9875
0 0.578125 0.7390625 0.65625 0.7390625 0.65625 0.8296875 0.578125 0.8296875
0 0.6390625 0.4515625 0.7171875 0.4515625 0.7171875 0.5421875 0.6390625 0.5421875
0 0.5890625 0.1 0.703125 0.1 0.703125 0.2359375 0.5890625 0.2359375