1 0.0453125 0.04375 0.4015625 0.04375 0.4015625 0.5109375 0.0453125 0.5109375
1 0.1171875 0.4421875 0.4015625 0.4421875 0.4015625 0.8890625 0.1171875 0.8890625
1 0.3046875 0.2984375 0.6625 0.2984375 0.6625 0.7578125 0.3046875 0.7578125
1 0.6453125 0.3015625 0.9390625 0.3015625 0.9390625 0.690625 0.6453125 0.690625
1 0.259375 0.0015625 0.628125 0.0015625 0.628125 0.315625 0.259375 0.315625
1 0.4828125 0.1484375 0.7265625 0.1484375 0.7265625 0.4421875 0.4828125 0.4421875
1 0.825 0.4109375 0.9984375 0.4109375 0.9984375 0.784375 0.825 0.784375
1 0.2921875 0.8265625 0.4609375 0.8265625 0.4609375 0.996875 0.2921875 0.996875
1 0.0265625 0.7125 0.2265625 0.7125 0.2265625 0.9625 0.0265625 0.9625
1 0.3734375 0.8140625 0.578125 0.8140625 0.578125 0.9984375 0.3734375 0.9984375
1 0.5390625 0.8609375 0.7140625 0.8609375 0.7140625 0.996875 0.5390625 0.996875
1 0.5359375 0.4625 0.7953125 0.4625 0.7953125 0.8015625 0.5359375 0.8015625
0 0.4546875 0.5125 0.5125 0.5125 0.5125 0.5953125 0.4546875 0.5953125
0 0.1953125 0.25625 0.265625 0.25625 0.265625 0.3515625 0.1953125 0.3515625
0 0.2453125 0.6171875 0.303125 0.6171875 0.303125 0.7015625 0.2453125 0.7015625
0 0.121875 0.821875 0.1703125 0.821875 0.1703125 0.8921875 0.121875 0.8921875
0 0.35 0.9140625 0.3875 0.9140625 0.3875 0.9734375 0.35 0.9734375
0 0.4484375 0.9625 0.4921875 0.9625 0.4921875 0.996875 0.4484375 0.996875
0 0.5859375 0.96875 0.6203125 0.96875 0.6203125 0.9953125 0.5859375 0.9953125
0 0.7484375 0.49375 0.8015625 0.49375 0.8015625 0.56875 0.7484375 0.56875
0 0.9328125 0.584375 0.9953125 0.584375 0.9953125 0.6703125 0.9328125 0.6703125
0 0.628125 0.621875 0.6765625 0.621875 0.6765625 0.6890625 0.628125 0.6890625
0 0.5734375 0.3171875 0.6234375 0.3171875 0.6234375 0.384375 0.5734375 0.384375
0 0.4140625 0.0109375 0.4859375 0.0109375 0.4859375 0.10625 0.4140625 0.10625