1 0.05 0.0484375 0.3984375 0.0484375 0.3984375 0.5078125 0.05 0.5078125
1 0.128125 0.4484375 0.390625 0.4484375 0.390625 0.8828125 0.128125 0.8828125
1 0.3046875 0.2984375 0.6625 0.2984375 0.6625 0.7578125 0.3046875 0.7578125
1 0.665625 0.3125 0.91875 0.3125 0.91875 0.678125 0.665625 0.678125
1 0.2546875 0 0.634375 0 0.634375 0.321875 0.2546875 0.321875
1 0.478125 0.1453125 0.73125 0.1453125 0.73125 0.4453125 0.478125 0.4453125
1 0.8390625 0.4140625 0.996875 0.4140625 0.996875 0.78125 0.8390625 0.78125
1 0.2890625 0.821875 0.4640625 0.821875 0.4640625 1 0.2890625 1
1 0.03125 0.7140625 0.221875 0.7140625 0.221875 0.959375 0.03125 0.959375
1 0.36875 0.80625 0.5875 0.80625 0.5875 0.9984375 0.36875 0.9984375
1 0.5390625 0.8609375 0.7140625 0.8609375 0.7140625 0.996875 0.5390625 0.996875
1 0.528125 0.45625 0.8046875 0.45625 0.8046875 0.8078125 0.528125 0.8078125
0 0.45 0.5109375 0.5171875 0.5109375 0.5171875 0.596875 0.45 0.596875
0 0.196875 0.2578125 0.2640625 0.2578125 0.2640625 0.3515625 0.196875 0.3515625
0 0.2453125 0.6171875 0.303125 0.6171875 0.303125 0.7015625 0.2453125 0.7015625
0 0.121875 0.821875 0.1703125 0.821875 0.1703125 0.8921875 0.121875 0.8921875
0 0.35 0.9140625 0.3875 0.9140625 0.3875 0.9734375 0.35 0.9734375
0 0.4484375 0.9625 0.4921875 0.9625 0.4921875 0.9984375 0.4484375 0.9984375
0 0.5859375 0.96875 0.6203125 0.96875 0.6203125 0.9953125 0.5859375 0.9953125
0 0.7484375 0.49375 0.8 0.49375 0.8 0.56875 0.7484375 0.56875
0 0.9359375 0.5859375 0.99375 0.5859375 0.99375 0.6703125 0.9359375 0.6703125
0 0.6296875 0.621875 0.6734375 0.621875 0.6734375 0.6875 0.6296875 0.6875
0 0.5703125 0.315625 0.6265625 0.315625 0.6265625 0.384375 0.5703125 0.384375
0 0.4140625 0.0109375 0.484375 0.0109375 0.484375 0.10625 0.4140625 0.10625