1 0 0.359375 0.49375 0.359375 0.49375 0.803125 0 0.803125
1 0.609375 0.58125 0.9578125 0.58125 0.9578125 0.8875 0.609375 0.8875
1 0.2859375 0.640625 0.7671875 0.640625 0.7671875 1 0.2859375 1
1 0.059375 0.58125 0.51875 0.58125 0.51875 0.9703125 0.059375 0.9703125
1 0.0921875 0.128125 0.415625 0.128125 0.415625 0.5015625 0.0921875 0.5015625
1 0.3203125 0.0296875 0.7421875 0.0296875 0.7421875 0.403125 0.3203125 0.403125
0 0.16875 0.2484375 0.2765625 0.2484375 0.2765625 0.3640625 0.16875 0.3640625
0 0.16875 0.51875 0.3125 0.51875 0.3125 0.6359375 0.16875 0.6359375
0 0.7546875 0.6953125 0.865625 0.6953125 0.865625 0.7828125 0.7546875 0.7828125
0 0.4609375 0.78125 0.59375 0.78125 0.59375 0.89375 0.4609375 0.89375
0 0.2359375 0.7109375 0.35625 0.7109375 0.35625 0.8203125 0.2359375 0.8203125
0 0.4890625 0.153125 0.625 0.153125 0.625 0.271875 0.4890625 0.271875