1 0.0640625 0.4 0.6625 0.4 0.6625 0.93125 0.0640625 0.93125
1 0.7140625 0.403125 1 0.403125 1 0.7609375 0.7140625 0.7609375
1 0.48125 0.5453125 1 0.5453125 1 1 0.48125 1
1 0.259375 0.5890625 0.778125 0.5890625 0.778125 1 0.259375 1
1 0.05 0.2 0.4390625 0.2 0.4390625 0.6203125 0.05 0.6203125
1 0.1828125 0.0140625 0.665625 0.0140625 0.665625 0.4296875 0.1828125 0.4296875
0 0.1484375 0.35 0.2765625 0.35 0.2765625 0.4828125 0.1484375 0.4828125
0 0.290625 0.5859375 0.453125 0.5859375 0.453125 0.728125 0.290625 0.728125
0 0.875 0.525 0.9984375 0.525 0.9984375 0.6296875 0.875 0.6296875
0 0.675 0.715625 0.8265625 0.715625 0.8265625 0.8484375 0.675 0.8484375
0 0.4484375 0.74375 0.5875 0.74375 0.5875 0.871875 0.4484375 0.871875
0 0.3671875 0.125 0.5234375 0.125 0.5234375 0.2671875 0.3671875 0.2671875