1 0.0453125 0.3296875 0.6125 0.3296875 0.6125 0.878125 0.0453125 0.878125
1 0.6796875 0.215625 1 0.215625 1 0.61875 0.6796875 0.61875
1 0.440625 0.378125 0.9859375 0.378125 0.9859375 0.9125 0.440625 0.9125
1 0.228125 0.484375 0.728125 0.484375 0.728125 0.9734375 0.228125 0.9734375
1 0.04375 0.153125 0.4046875 0.153125 0.4046875 0.584375 0.04375 0.584375
1 0.2 0 0.625 0 0.625 0.3328125 0.2 0.3328125
0 0.1296875 0.309375 0.253125 0.309375 0.253125 0.4515625 0.1296875 0.4515625
0 0.2671875 0.5265625 0.4109375 0.5265625 0.4109375 0.6609375 0.2671875 0.6609375
0 0.8515625 0.3453125 0.96875 0.3453125 0.96875 0.453125 0.8515625 0.453125
0 0.6359375 0.56875 0.7890625 0.56875 0.7890625 0.721875 0.6359375 0.721875
0 0.4140625 0.653125 0.5390625 0.653125 0.5390625 0.7828125 0.4140625 0.7828125
0 0.3640625 0.0390625 0.509375 0.0390625 0.509375 0.18125 0.3640625 0.18125