1 0.0515625 0.409375 0.503125 0.409375 0.503125 0.74375 0.0515625 0.74375
1 0.6828125 0.4921875 0.996875 0.4921875 0.996875 0.771875 0.6828125 0.771875
1 0.3875 0.603125 0.8359375 0.603125 0.8359375 0.95625 0.3875 0.95625
1 0.165625 0.6 0.571875 0.6 0.571875 0.9171875 0.165625 0.9171875
1 0.1234375 0.1484375 0.3953125 0.1484375 0.3953125 0.475 0.1234375 0.475
1 0.3296875 0 0.7 0 0.7 0.3203125 0.3296875 0.3203125
0 0.178125 0.25625 0.2734375 0.25625 0.2734375 0.3609375 0.178125 0.3609375
0 0.225 0.5234375 0.3515625 0.5234375 0.3515625 0.61875 0.225 0.61875
0 0.825 0.5984375 0.9203125 0.5984375 0.9203125 0.6640625 0.825 0.6640625
0 0.5515625 0.73125 0.671875 0.73125 0.671875 0.825 0.5515625 0.825
0 0.321875 0.7046875 0.4234375 0.7046875 0.4234375 0.7890625 0.321875 0.7890625
0 0.4796875 0.1109375 0.6 0.1109375 0.6 0.20625 0.4796875 0.20625