1 0.0015625 0.196875 0.5546875 0.196875 0.5546875 0.7796875 0.0015625 0.7796875
1 0.528125 0.65 0.9453125 0.65 0.9453125 1 0.528125 1
1 0.1796875 0.5546875 0.75 0.5546875 0.75 1 0.1796875 1
1 0.00625 0.41875 0.521875 0.41875 0.521875 0.959375 0.00625 0.959375
1 0.1875 0.0296875 0.590625 0.0296875 0.590625 0.496875 0.1875 0.496875
1 0.4421875 0.0546875 0.9265625 0.0546875 0.9265625 0.55625 0.4421875 0.55625
0 0.2921875 0.1625 0.4296875 0.1625 0.4296875 0.31875 0.2921875 0.31875
0 0.20625 0.40625 0.365625 0.40625 0.365625 0.5734375 0.20625 0.5734375
0 0.7078125 0.8328125 0.825 0.8328125 0.825 0.953125 0.7078125 0.953125
0 0.3890625 0.771875 0.5421875 0.771875 0.5421875 0.93125 0.3890625 0.93125
0 0.2078125 0.6125 0.3390625 0.6125 0.3390625 0.7515625 0.2078125 0.7515625
0 0.63125 0.2296875 0.784375 0.2296875 0.784375 0.3921875 0.63125 0.3921875