1 0.0046875 0.4125 0.521875 0.4125 0.521875 0.84375 0.0046875 0.84375
1 0.64375 0.453125 0.98125 0.453125 0.98125 0.796875 0.64375 0.796875
1 0.359375 0.571875 0.878125 0.571875 0.878125 1 0.359375 1
1 0.1390625 0.5984375 0.6078125 0.5984375 0.6078125 1 0.1390625 1
1 0.0484375 0.171875 0.384375 0.171875 0.384375 0.55625 0.0484375 0.55625
1 0.2375 0.0140625 0.66875 0.0140625 0.66875 0.3875 0.2375 0.3875
0 0.125 0.303125 0.240625 0.303125 0.240625 0.428125 0.125 0.428125
0 0.2015625 0.559375 0.346875 0.559375 0.346875 0.68125 0.2015625 0.68125
0 0.8078125 0.5796875 0.915625 0.5796875 0.915625 0.665625 0.8078125 0.665625
0 0.5484375 0.734375 0.6875 0.734375 0.6875 0.853125 0.5484375 0.853125
0 0.31875 0.734375 0.4359375 0.734375 0.4359375 0.8390625 0.31875 0.8390625
0 0.409375 0.1234375 0.5484375 0.1234375 0.5484375 0.2453125 0.409375 0.2453125