1 0.040625 0.396875 0.5125 0.396875 0.5125 0.7578125 0.040625 0.7578125
1 0.69375 0.50625 0.9984375 0.50625 0.9984375 0.7578125 0.69375 0.7578125
1 0.3984375 0.61875 0.8265625 0.61875 0.8265625 0.9390625 0.3984375 0.9390625
1 0.165625 0.6 0.571875 0.6 0.571875 0.9171875 0.165625 0.9171875
1 0.125 0.1484375 0.39375 0.1484375 0.39375 0.475 0.125 0.475
1 0.3296875 0 0.7 0 0.7 0.3203125 0.3296875 0.3203125
0 0.1796875 0.2578125 0.271875 0.2578125 0.271875 0.359375 0.1796875 0.359375
0 0.225 0.5234375 0.3515625 0.5234375 0.3515625 0.61875 0.225 0.61875
0 0.8234375 0.596875 0.921875 0.596875 0.921875 0.665625 0.8234375 0.665625
0 0.5515625 0.73125 0.6703125 0.73125 0.6703125 0.8234375 0.5515625 0.8234375
0 0.3203125 0.7 0.425 0.7 0.425 0.7921875 0.3203125 0.7921875
0 0.4796875 0.109375 0.6 0.109375 0.6 0.2078125 0.4796875 0.2078125