1 0.04375 0.4 0.509375 0.4 0.509375 0.753125 0.04375 0.753125
1 0.6828125 0.4921875 0.996875 0.4921875 0.996875 0.771875 0.6828125 0.771875
1 0.3890625 0.6046875 0.8359375 0.6046875 0.8359375 0.953125 0.3890625 0.953125
1 0.1640625 0.5984375 0.571875 0.5984375 0.571875 0.9203125 0.1640625 0.9203125
1 0.128125 0.15 0.3921875 0.15 0.3921875 0.471875 0.128125 0.471875
1 0.34375 0.0125 0.684375 0.0125 0.684375 0.3 0.34375 0.3
0 0.1796875 0.2578125 0.271875 0.2578125 0.271875 0.3609375 0.1796875 0.3609375
0 0.228125 0.5296875 0.3484375 0.5296875 0.3484375 0.6140625 0.228125 0.6140625
0 0.8234375 0.5984375 0.921875 0.5984375 0.921875 0.665625 0.8234375 0.665625
0 0.55 0.7265625 0.671875 0.7265625 0.671875 0.828125 0.55 0.828125
0 0.321875 0.703125 0.4234375 0.703125 0.4234375 0.7890625 0.321875 0.7890625
0 0.48125 0.1125 0.5984375 0.1125 0.5984375 0.20625 0.48125 0.20625