1 0 0.15 0.55625 0.15 0.55625 0.7125 0 0.7125
1 0.4296875 0.603125 0.871875 0.603125 0.871875 1 0.4296875 1
1 0.0859375 0.5203125 0.6796875 0.5203125 0.6796875 1 0.0859375 1
1 0 0.38125 0.4796875 0.38125 0.4796875 0.884375 0 0.884375
1 0.190625 0.0015625 0.6171875 0.0015625 0.6171875 0.415625 0.190625 0.415625
1 0.4640625 0.015625 0.9359375 0.015625 0.9359375 0.453125 0.4640625 0.453125
0 0.309375 0.1171875 0.4515625 0.1171875 0.4515625 0.2546875 0.309375 0.2546875
0 0.184375 0.3640625 0.3390625 0.3640625 0.3390625 0.5046875 0.184375 0.5046875
0 0.6140625 0.771875 0.7390625 0.771875 0.7390625 0.8859375 0.6140625 0.8859375
0 0.296875 0.715625 0.4640625 0.715625 0.4640625 0.86875 0.296875 0.86875
0 0.1453125 0.5609375 0.2859375 0.5609375 0.2859375 0.690625 0.1453125 0.690625
0 0.6390625 0.178125 0.7984375 0.178125 0.7984375 0.325 0.6390625 0.325