0 379.52 543.965105 429.44 606.11469
0 512.0 546.528404 567.04 640.712738
0 537.6 206.309712 557.44 217.201513
0 544.0 222.32742800000003 554.88 230.01595899999998
0 549.76 243.471059 557.44 255.00351400000002
0 885.12 443.37354799999997 898.56 454.906003
0 893.44 417.104002 907.52 431.199756
0 899.84 431.199756 914.56 447.21747200000004
0 901.12 390.83513899999997 912.64 402.367594
0 906.24 368.4102 922.24 381.223963
0 911.36 381.223963 927.36 398.52367
0 914.56 351.11049299999996 931.2 363.284285
0 931.2 339.578038 943.36 349.829185
0 932.48 352.39180100000004 944.64 364.565593
