0 0.0 42.88 153.60000000000002 277.76
0 0.0 298.24 171.519744 569.6
0 0.0 639.36 284.79974400000003 807.68
0 1.92 707.84 255.36 980.48
0 19.200000000000003 590.72 227.199744 721.92
0 117.12 0.0 472.32 242.56
0 126.080256 261.76 274.56 417.28
0 127.359744 466.56 238.07999999999998 611.84
0 193.92000000000002 350.72 577.280256 646.4
0 199.68 893.44 300.800256 1023.36
0 209.91974399999998 371.84 463.359744 681.6
0 246.399744 750.08 656.000256 893.44
0 267.519744 828.8 672.0 1023.36
0 424.959744 39.68 724.479744 244.48
0 433.91999999999996 200.32 636.800256 316.16
0 451.20000000000005 698.88 570.24 784.64
0 462.08025599999996 252.8 759.039744 517.12
0 561.2797439999999 494.08 767.360256 763.52
0 648.96 965.12 766.08 1022.72
