0 0.0 447.21747200000004 55.04 509.367057
0 20.48 267.177306 41.6 299.212738
0 23.68 389.55314799999996 52.48 409.415471
0 70.4 192.854612 101.12 233.219229
0 76.16 532.43265 122.88 581.1264520000001
0 86.4 405.571547 112.64 440.81024899999994
0 129.92 493.348658 154.88 520.899512
0 149.12 501.037872 172.8 524.744119
0 149.12 455.546657 179.84 483.097511
0 183.68 504.881796 209.92 527.306735
0 219.52 408.134163 240.64 435.685017
0 298.88 489.504734 316.16 498.474573
0 335.36 503.600488 359.04 519.618204
0 430.08 477.330942 446.08 492.06735000000003
0 481.28 528.588043 502.4 544.605759
0 483.84 627.258321 502.4 634.946852
0 507.52 527.306735 515.2 543.324451
0 516.48 542.043143 542.72 577.282528
0 529.92 528.588043 542.72 539.480527
0 536.32 598.426159 556.16 609.958614
0 537.6 640.712738 558.72 650.964568
0 558.72 629.8209370000001 571.52 645.838653
0 595.2 633.664861 627.2 656.0898
0 596.48 662.497023 616.32 682.359346
0 633.6 672.108199 657.28 682.359346
0 653.44 578.5638359999999 666.24 592.018936
