0 88.000512 723.999744 189.599744 767.199744
0 98.400256 618.399744 243.999744 765.5999999999999
0 234.399744 279.99974399999996 441.6 518.4000000000001
0 323.999744 144.0 430.399488 245.600256
0 344.000512 706.400256 512.0 767.199744
0 355.999744 218.39999999999998 536.000512 522.399744
0 357.600256 589.599744 521.6 732.0
0 442.399744 152.000256 561.599488 285.6
0 476.000256 2.4000000000000004 834.400256 198.399744
0 526.400512 181.599744 637.599744 320.00025600000004
0 544.0 207.999744 792.000512 464.00025600000004
0 825.6 0.0 1022.400512 605.600256
