0 308.337664 210.591439 416.427008 293.69
0 111.502336 522.495 143.36 588.518561
0 161.564672 507.696439 185.457664 536.155
0 172.942336 475.82356100000004 209.350656 509.97356099999996
0 288.995328 512.25 333.369344 557.7835610000001
0 333.369344 76.268561 482.417664 224.25143899999998
0 402.772992 152.536439 565.475328 276.615
0 479.004672 56.916439000000004 600.747008 201.48499999999999
0 579.129344 297.105 674.702336 365.40500000000003
0 593.92 154.813561 655.36 244.741439
0 623.502336 399.55499999999995 667.875328 441.673561
0 684.942336 390.44856100000004 730.452992 421.183561
0 689.492992 550.953561 744.107008 591.9335609999999
0 788.48 220.83643899999998 853.332992 266.37
0 799.857664 613.5614390000001 906.809344 681.861439
0 813.510656 549.815 914.772992 609.008561
0 888.604672 580.55 1011.484672 680.723561
