0 462.128656 433.600512 580.459748 519.199744
0 1.5992899999999999 765.599744 80.752892 874.399744
0 83.95079 675.999744 191.88752 765.599744
0 156.70791400000002 730.399744 244.656588 827.200512
0 159.906494 547.2 240.658704 627.999744
0 227.067126 892.000256 315.01511800000003 981.600256
0 239.06009600000002 698.399744 367.784186 814.400512
0 286.23199 1004.8 374.18066400000004 1023.200256
0 385.373648 761.6 510.100536 883.2
0 441.341296 649.6 571.664676 783.200256
0 514.897724 740.799488 670.00703 896.0
0 532.4878679999999 865.599488 681.200696 1023.200256
0 592.452718 488.800256 681.200696 563.2
