0 580.799488 187.88963600000002 716.000256 287.031976
0 92.000256 636.4267140000001 158.399488 681.200696
0 92.000256 486.114596 216.000512 654.816162
0 121.6 251.05306600000003 258.400256 339.801044
0 159.200256 382.975054 468.799488 622.0351499999999
0 446.399488 380.57646 562.400256 465.32723599999997
0 519.999488 313.41651 604.8 364.58628799999997
0 654.400512 5.596492 700.8 55.966966
0 672.799744 291.029178 843.200512 412.558168
0 678.4 104.73883199999999 712.800256 169.50087
0 739.999744 364.58628799999997 865.599488 496.508958
0 741.600256 145.51493 785.599488 185.491042
0 755.999744 53.568372000000004 784.0 90.347268
0 784.0 140.717742 828.8 177.495956
0 812.000256 177.495956 889.6 260.647442
0 867.2 1.5992899999999999 980.799488 94.34447000000002
0 999.199744 141.517046 1023.200256 206.279084
