0 202.88 546.560256 342.4 686.7202560000001
0 0.0 273.920256 110.72 389.120256
0 0.0 0.0 1023.36 562.5600000000001
0 67.2 717.440256 142.72 767.360256
0 105.6 258.560256 150.4 318.080256
0 195.84 345.6 241.92 389.120256
0 240.64 730.239744 320.0 767.360256
0 322.56 458.24025599999993 462.72 584.960256
0 389.76 624.639744 464.0 705.2797439999999
0 433.92 710.4000000000001 529.92 767.360256
0 450.56 591.36 547.2 726.399744
0 453.76 394.23974400000003 511.36 452.480256
0 456.32 464.64 499.84 534.399744
0 456.32 319.359744 565.76 415.359744
0 491.52 405.12 555.52 473.60025599999994
0 531.2 705.2797439999999 650.24 767.360256
0 534.4 606.080256 640.0 732.800256
0 555.52 437.120256 629.12 516.48
0 636.16 540.159744 772.48 704.000256
0 666.24 714.8797440000001 727.04 757.119744
0 695.68 672.0 786.56 766.08
0 734.08 514.5600000000001 812.16 566.4000000000001
0 780.16 557.439744 871.68 652.160256
0 784.0 469.76025599999997 843.52 519.039744
0 805.12 681.5999999999999 855.68 734.7202560000001
0 856.96 718.719744 908.16 766.08
0 887.04 597.12 938.88 665.600256
0 917.76 550.400256 969.6 611.199744
0 926.72 499.20000000000005 978.56 547.839744
0 931.2 685.4399999999999 981.12 734.7202560000001
0 949.76 731.52 997.12 767.360256
0 961.28 653.439744 989.44 707.840256
