1 0.14375 0.471875 0.3109375 0.471875 0.3109375 0.6484375 0.14375 0.6484375
1 0.128125 0.64375 0.39375 0.64375 0.39375 0.8796875 0.128125 0.8796875
1 0.28125 0.534375 0.459375 0.534375 0.459375 0.70625 0.28125 0.70625
1 0.54375 0.5625 0.684375 0.5625 0.684375 0.7015625 0.54375 0.7015625
1 0.553125 0.6296875 0.7296875 0.6296875 0.7296875 0.7984375 0.553125 0.7984375
1 0.6578125 0.553125 0.85 0.553125 0.85 0.746875 0.6578125 0.746875
1 0.8171875 0.4859375 0.9875 0.4859375 0.9875 0.66875 0.8171875 0.66875
1 0.7390625 0.30625 0.8828125 0.30625 0.8828125 0.496875 0.7390625 0.496875
1 0.0609375 0.2578125 0.2703125 0.2578125 0.2703125 0.4546875 0.0609375 0.4546875
1 0.0859375 0.015625 0.259375 0.015625 0.259375 0.19375 0.0859375 0.19375
1 0.165625 0.0234375 0.3625 0.0234375 0.3625 0.203125 0.165625 0.203125
1 0.409375 0 0.6125 0 0.6125 0.1703125 0.409375 0.1703125
1 0.340625 0.3921875 0.509375 0.3921875 0.509375 0.5375 0.340625 0.5375
1 0.4015625 0.834375 0.546875 0.834375 0.546875 0.975 0.4015625 0.975
1 0.56875 0.7890625 0.7546875 0.7890625 0.7546875 0.96875 0.56875 0.96875
1 0.353125 0.709375 0.496875 0.709375 0.496875 0.84375 0.353125 0.84375
1 0.059375 0.51875 0.18125 0.51875 0.18125 0.6546875 0.059375 0.6546875
1 0.2484375 0.3375 0.475 0.3375 0.475 0.5375 0.2484375 0.5375
1 0.3328125 0.26875 0.4765625 0.26875 0.4765625 0.4078125 0.3328125 0.4078125
1 0.2921875 0.1640625 0.4703125 0.1640625 0.4703125 0.3296875 0.2921875 0.3296875
1 0.2203125 0.1546875 0.3953125 0.1546875 0.3953125 0.2984375 0.2203125 0.2984375
1 0.45 0.1359375 0.6546875 0.1359375 0.6546875 0.303125 0.45 0.303125
1 0.0046875 0.15 0.153125 0.15 0.153125 0.2796875 0.0046875 0.2796875
1 0 0.23125 0.128125 0.23125 0.128125 0.3640625 0 0.3640625
1 0 0.3265625 0.1421875 0.3265625 0.1421875 0.4953125 0 0.4953125
0 0.1578125 0.3546875 0.2 0.3546875 0.2 0.3921875 0.1578125 0.3921875
0 0.1203125 0.571875 0.153125 0.571875 0.153125 0.6125 0.1203125 0.6125
0 0.196875 0.5421875 0.2421875 0.5421875 0.2421875 0.5890625 0.196875 0.5890625
0 0.2359375 0.7328125 0.30625 0.7328125 0.30625 0.79375 0.2359375 0.79375
0 0.3453125 0.6 0.390625 0.6 0.390625 0.6453125 0.3453125 0.6453125
0 0.4046875 0.440625 0.4453125 0.440625 0.4453125 0.490625 0.4046875 0.490625
0 0.3375 0.4265625 0.3765625 0.4265625 0.3765625 0.4734375 0.3375 0.4734375
0 0.390625 0.3328125 0.425 0.3328125 0.425 0.3671875 0.390625 0.3671875
0 0.2921875 0.2109375 0.3328125 0.2109375 0.3328125 0.25 0.2921875 0.25
0 0.1703125 0.09375 0.2109375 0.09375 0.2109375 0.1328125 0.1703125 0.1328125
0 0.225 0.0984375 0.278125 0.0984375 0.278125 0.1375 0.225 0.1375
0 0.5109375 0.215625 0.553125 0.215625 0.553125 0.24375 0.5109375 0.24375
0 0.8625 0.5640625 0.909375 0.5640625 0.909375 0.6140625 0.8625 0.6140625
0 0.7203125 0.634375 0.7703125 0.634375 0.7703125 0.684375 0.7203125 0.684375
0 0.590625 0.6140625 0.6328125 0.6140625 0.6328125 0.659375 0.590625 0.659375
0 0.6109375 0.6734375 0.6609375 0.6734375 0.6609375 0.7234375 0.6109375 0.7234375
0 0.4578125 0.8921875 0.490625 0.8921875 0.490625 0.9265625 0.4578125 0.9265625
0 0.4046875 0.7640625 0.440625 0.7640625 0.440625 0.8109375 0.4046875 0.8109375
0 0.63125 0.8609375 0.678125 0.8609375 0.678125 0.9015625 0.63125 0.9015625
0 0.784375 0.3828125 0.825 0.3828125 0.825 0.428125 0.784375 0.428125