1 0.1484375 0.3625 0.3625 0.3625 0.3625 0.6078125 0.1484375 0.6078125
1 0.053125 0.5109375 0.3671875 0.5109375 0.3671875 0.8390625 0.053125 0.8390625
1 0.253125 0.5015625 0.471875 0.5015625 0.471875 0.740625 0.253125 0.740625
1 0.4984375 0.690625 0.659375 0.690625 0.659375 0.8671875 0.4984375 0.8671875
1 0.45625 0.7359375 0.6890625 0.7359375 0.6890625 0.9921875 0.45625 0.9921875
1 0.584375 0.753125 0.8109375 0.753125 0.8109375 1 0.584375 1
1 0.7484375 0.78125 0.9734375 0.78125 0.9734375 1 0.7484375 1
1 0.7515625 0.5875 0.9375 0.5875 0.9375 0.821875 0.7515625 0.821875
1 0.146875 0.134375 0.40625 0.134375 0.40625 0.4140625 0.146875 0.4140625
1 0.275 0.04375 0.4875 0.04375 0.4875 0.1875 0.275 0.1875
1 0.34375 0.0546875 0.5765625 0.0546875 0.5765625 0.253125 0.34375 0.253125
1 0.5734375 0.1125 0.821875 0.1125 0.821875 0.38125 0.5734375 0.38125
1 0.36875 0.4171875 0.5734375 0.4171875 0.5734375 0.6296875 0.36875 0.6296875
1 0.2578125 0.8234375 0.4390625 0.8234375 0.4390625 1 0.2578125 1
1 0.4140625 0.8890625 0.6390625 0.8890625 0.6390625 1 0.4140625 1
1 0.2640625 0.690625 0.440625 0.690625 0.440625 0.8828125 0.2640625 0.8828125
1 0.071875 0.3515625 0.225 0.3515625 0.225 0.53125 0.071875 0.53125
1 0.2921875 0.3265625 0.5546875 0.3265625 0.5546875 0.5984375 0.2921875 0.5984375
1 0.4125 0.309375 0.5890625 0.309375 0.5890625 0.5015625 0.4125 0.5015625
1 0.4109375 0.203125 0.6171875 0.203125 0.6171875 0.4234375 0.4109375 0.4234375
1 0.3546875 0.146875 0.55625 0.146875 0.55625 0.3546875 0.3546875 0.3546875
1 0.5609375 0.2734375 0.796875 0.2734375 0.796875 0.5140625 0.5609375 0.5140625
1 0.1625 0.025 0.34375 0.025 0.34375 0.1984375 0.1625 0.1984375
1 0.1078125 0.0640625 0.284375 0.0640625 0.284375 0.2484375 0.1078125 0.2484375
1 0.0609375 0.1453125 0.2609375 0.1453125 0.2609375 0.3703125 0.0609375 0.3703125
0 0.259375 0.271875 0.3078125 0.271875 0.3078125 0.3234375 0.259375 0.3234375
0 0.1390625 0.4296875 0.184375 0.4296875 0.184375 0.4828125 0.1390625 0.4828125
0 0.2171875 0.453125 0.2734375 0.453125 0.2734375 0.515625 0.2171875 0.515625
0 0.1765625 0.6390625 0.259375 0.6390625 0.259375 0.725 0.1765625 0.725
0 0.33125 0.590625 0.3875 0.590625 0.3875 0.653125 0.33125 0.653125
0 0.4453125 0.49375 0.496875 0.49375 0.496875 0.5546875 0.4453125 0.5546875
0 0.3890625 0.4375 0.4421875 0.4375 0.4421875 0.5015625 0.3890625 0.5015625
0 0.4765625 0.390625 0.521875 0.390625 0.521875 0.4421875 0.4765625 0.4421875
0 0.434375 0.23125 0.4828125 0.23125 0.4828125 0.2859375 0.434375 0.2859375
0 0.36875 0.0578125 0.4171875 0.0578125 0.4171875 0.1125 0.36875 0.1125
0 0.415625 0.096875 0.4765625 0.096875 0.4765625 0.15625 0.415625 0.15625
0 0.634375 0.3671875 0.6796875 0.3671875 0.6796875 0.4125 0.634375 0.4125
0 0.815625 0.8765625 0.86875 0.8765625 0.86875 0.9390625 0.815625 0.9390625
0 0.6546875 0.846875 0.7171875 0.846875 0.7171875 0.915625 0.6546875 0.915625
0 0.5484375 0.753125 0.6 0.753125 0.6 0.809375 0.5484375 0.809375
0 0.54375 0.815625 0.6015625 0.815625 0.6015625 0.88125 0.54375 0.88125
0 0.3265625 0.90625 0.3671875 0.90625 0.3671875 0.95 0.3265625 0.95
0 0.321875 0.7640625 0.3703125 0.7640625 0.3703125 0.8234375 0.321875 0.8234375
0 0.4921875 0.984375 0.5484375 0.984375 0.5484375 1 0.4921875 1
0 0.8109375 0.671875 0.8640625 0.671875 0.8640625 0.7328125 0.8109375 0.7328125