1 0.1390625 0.5890625 0.3625 0.5890625 0.3625 0.8328125 0.1390625 0.8328125
1 0.190625 0.7203125 0.5296875 0.7203125 0.5296875 1 0.190625 1
1 0.29375 0.609375 0.5234375 0.609375 0.5234375 0.853125 0.29375 0.853125
1 0.55 0.5765625 0.7359375 0.5765625 0.7359375 0.7765625 0.55 0.7765625
1 0.5859375 0.628125 0.815625 0.628125 0.815625 0.8703125 0.5859375 0.8703125
1 0.6609375 0.5265625 0.9046875 0.5265625 0.9046875 0.7890625 0.6609375 0.7890625
1 0.7734375 0.4140625 0.98125 0.4140625 0.98125 0.6765625 0.7734375 0.6765625
1 0.6328125 0.278125 0.85 0.278125 0.85 0.5296875 0.6328125 0.5296875
1 0 0.3921875 0.2453125 0.3921875 0.2453125 0.6734375 0 0.6734375
1 0 0.178125 0.1328125 0.178125 0.1328125 0.4078125 0 0.4078125
1 0 0.1453125 0.2359375 0.1453125 0.2359375 0.4015625 0 0.4015625
1 0.196875 0.0296875 0.4640625 0.0296875 0.4640625 0.309375 0.196875 0.309375
1 0.2953125 0.4609375 0.5046875 0.4609375 0.5046875 0.675 0.2953125 0.675
1 0.521875 0.8765625 0.709375 0.8765625 0.709375 1 0.521875 1
1 0.6515625 0.7609375 0.915625 0.7609375 0.915625 1 0.6515625 1
1 0.4203125 0.7609375 0.621875 0.7609375 0.621875 0.971875 0.4203125 0.971875
1 0.08125 0.678125 0.2390625 0.678125 0.2390625 0.853125 0.08125 0.853125
1 0.1796875 0.403125 0.4796875 0.403125 0.4796875 0.7125 0.1796875 0.7125
1 0.240625 0.353125 0.425 0.353125 0.425 0.55 0.240625 0.55
1 0.1578125 0.2484375 0.3921875 0.2484375 0.3921875 0.49375 0.1578125 0.49375
1 0.0890625 0.259375 0.30625 0.259375 0.30625 0.4796875 0.0890625 0.4796875
1 0.29375 0.1640625 0.5578125 0.1640625 0.5578125 0.4328125 0.29375 0.4328125
1 0 0.33125 0.071875 0.33125 0.071875 0.51875 0 0.51875
1 0 0.4203125 0.0765625 0.4203125 0.0765625 0.6046875 0 0.6046875
1 0 0.490625 0.153125 0.490625 0.153125 0.7390625 0 0.7390625
0 0.1046875 0.5171875 0.159375 0.5171875 0.159375 0.5734375 0.1046875 0.5734375
0 0.153125 0.740625 0.2 0.740625 0.2 0.79375 0.153125 0.79375
0 0.2171875 0.6890625 0.2734375 0.6890625 0.2734375 0.75 0.2171875 0.75
0 0.3265625 0.85 0.4140625 0.85 0.4140625 0.9390625 0.3265625 0.9390625
0 0.378125 0.703125 0.4359375 0.703125 0.4359375 0.7640625 0.378125 0.7640625
0 0.3734375 0.5375 0.4265625 0.5375 0.4265625 0.5984375 0.3734375 0.5984375
0 0.303125 0.540625 0.3578125 0.540625 0.3578125 0.6 0.303125 0.6
0 0.315625 0.4359375 0.3640625 0.4359375 0.3640625 0.4875 0.315625 0.4875
0 0.178125 0.3453125 0.228125 0.3453125 0.228125 0.4 0.178125 0.4
0 0.01875 0.265625 0.06875 0.265625 0.06875 0.3203125 0.01875 0.3203125
0 0.071875 0.2515625 0.1328125 0.2515625 0.1328125 0.3109375 0.071875 0.3109375
0 0.384375 0.2890625 0.4359375 0.2890625 0.4359375 0.3375 0.384375 0.3375
0 0.8515625 0.5265625 0.915625 0.5265625 0.915625 0.5984375 0.8515625 0.5984375
0 0.7421875 0.63125 0.8125 0.63125 0.8125 0.70625 0.7421875 0.70625
0 0.615625 0.653125 0.66875 0.653125 0.66875 0.7109375 0.615625 0.7109375
0 0.6578125 0.7015625 0.721875 0.7015625 0.721875 0.7703125 0.6578125 0.7703125
0 0.59375 0.9546875 0.6421875 0.9546875 0.6421875 1 0.59375 1
0 0.4953125 0.846875 0.55 0.846875 0.55 0.9078125 0.4953125 0.9078125
0 0.7515625 0.878125 0.80625 0.878125 0.80625 0.9328125 0.7515625 0.9328125
0 0.7078125 0.378125 0.7625 0.378125 0.7625 0.4390625 0.7078125 0.4390625