1 0.159375 0.4671875 0.315625 0.4671875 0.315625 0.6328125 0.159375 0.6328125
1 0.1390625 0.6515625 0.3828125 0.6515625 0.3828125 0.85625 0.1390625 0.85625
1 0.2953125 0.5453125 0.4578125 0.5453125 0.4578125 0.7015625 0.2953125 0.7015625
1 0.5578125 0.6015625 0.678125 0.6015625 0.678125 0.7171875 0.5578125 0.7171875
1 0.55625 0.659375 0.7296875 0.659375 0.7296875 0.828125 0.55625 0.828125
1 0.675 0.6078125 0.840625 0.6078125 0.840625 0.775 0.675 0.775
1 0.828125 0.5484375 0.9921875 0.5484375 0.9921875 0.721875 0.828125 0.721875
1 0.765625 0.3625 0.8859375 0.3625 0.8859375 0.5359375 0.765625 0.5359375
1 0.0859375 0.2484375 0.28125 0.2484375 0.28125 0.4296875 0.0859375 0.4296875
1 0.1234375 0.0078125 0.2828125 0.0078125 0.2828125 0.16875 0.1234375 0.16875
1 0.2046875 0.028125 0.384375 0.028125 0.384375 0.184375 0.2046875 0.184375
1 0.4484375 0.0046875 0.6359375 0.0046875 0.6359375 0.178125 0.4484375 0.178125
1 0.3578125 0.4078125 0.5171875 0.4078125 0.5171875 0.5390625 0.3578125 0.5390625
1 0.3984375 0.853125 0.534375 0.853125 0.534375 0.9828125 0.3984375 0.9828125
1 0.5703125 0.828125 0.740625 0.828125 0.740625 0.9921875 0.5703125 0.9921875
1 0.35625 0.7234375 0.490625 0.7234375 0.490625 0.846875 0.35625 0.846875
1 0.075 0.503125 0.1828125 0.503125 0.1828125 0.628125 0.075 0.628125
1 0.275 0.35625 0.4796875 0.35625 0.4796875 0.5234375 0.275 0.5234375
1 0.3578125 0.2828125 0.490625 0.2828125 0.490625 0.4078125 0.3578125 0.4078125
1 0.325 0.1828125 0.484375 0.1828125 0.484375 0.321875 0.325 0.321875
1 0.2515625 0.1609375 0.4125 0.1609375 0.4125 0.2859375 0.2515625 0.2859375
1 0.4828125 0.16875 0.6703125 0.16875 0.6703125 0.3125 0.4828125 0.3125
1 0.0359375 0.128125 0.175 0.128125 0.175 0.25 0.0359375 0.25
1 0.0046875 0.2125 0.1421875 0.2125 0.1421875 0.328125 0.0046875 0.328125
1 0.003125 0.309375 0.15 0.309375 0.15 0.4578125 0.003125 0.4578125
0 0.178125 0.3421875 0.215625 0.3421875 0.215625 0.3734375 0.178125 0.3734375
0 0.1296875 0.553125 0.1609375 0.553125 0.1609375 0.590625 0.1296875 0.590625
0 0.2078125 0.5328125 0.2484375 0.5328125 0.2484375 0.575 0.2078125 0.575
0 0.2375 0.7296875 0.303125 0.7296875 0.303125 0.7828125 0.2375 0.7828125
0 0.353125 0.6046875 0.39375 0.6046875 0.39375 0.6453125 0.353125 0.6453125
0 0.4203125 0.4515625 0.45625 0.4515625 0.45625 0.4953125 0.4203125 0.4953125
0 0.3515625 0.4296875 0.390625 0.4296875 0.390625 0.471875 0.3515625 0.471875
0 0.409375 0.340625 0.44375 0.340625 0.44375 0.3734375 0.409375 0.3734375
0 0.31875 0.2109375 0.3546875 0.2109375 0.3546875 0.246875 0.31875 0.246875
0 0.203125 0.08125 0.2390625 0.08125 0.2390625 0.1171875 0.203125 0.1171875
0 0.2578125 0.0921875 0.30625 0.0921875 0.30625 0.1265625 0.2578125 0.1265625
0 0.5359375 0.2359375 0.575 0.2359375 0.575 0.2609375 0.5359375 0.2609375
0 0.8734375 0.6203125 0.9109375 0.6203125 0.9109375 0.6640625 0.8734375 0.6640625
0 0.725 0.6765625 0.7703125 0.6765625 0.7703125 0.721875 0.725 0.721875
0 0.5984375 0.64375 0.634375 0.64375 0.634375 0.6828125 0.5984375 0.6828125
0 0.615625 0.70625 0.6578125 0.70625 0.6578125 0.75 0.615625 0.75
0 0.4515625 0.90625 0.48125 0.90625 0.48125 0.9375 0.4515625 0.9375
0 0.403125 0.7734375 0.4375 0.7734375 0.4375 0.8171875 0.403125 0.8171875
0 0.6265625 0.8953125 0.66875 0.8953125 0.66875 0.93125 0.6265625 0.93125
0 0.8015625 0.4296875 0.8375 0.4296875 0.8375 0.471875 0.8015625 0.471875