1 0.175 0.4984375 0.3703125 0.4984375 0.3703125 0.7015625 0.175 0.7015625
1 0.203125 0.6609375 0.4921875 0.6609375 0.4921875 0.9234375 0.203125 0.9234375
1 0.3265625 0.5390625 0.5265625 0.5390625 0.5265625 0.7328125 0.3265625 0.7328125
1 0.5953125 0.5375 0.7421875 0.5375 0.7421875 0.68125 0.5953125 0.68125
1 0.6078125 0.58125 0.8203125 0.58125 0.8203125 0.790625 0.6078125 0.790625
1 0.709375 0.5015625 0.9140625 0.5015625 0.9140625 0.709375 0.709375 0.709375
1 0.8421875 0.4046875 1 0.4046875 1 0.6171875 0.8421875 0.6171875
1 0.7359375 0.253125 0.896875 0.253125 0.896875 0.453125 0.7359375 0.453125
1 0.05 0.2953125 0.2859375 0.2953125 0.2859375 0.5234375 0.05 0.5234375
1 0.025 0.0625 0.2203125 0.0625 0.2203125 0.2609375 0.025 0.2609375
1 0.1078125 0.05625 0.3234375 0.05625 0.3234375 0.2546875 0.1078125 0.2546875
1 0.3375 0 0.565625 0 0.565625 0.1875 0.3375 0.1875
1 0.353125 0.390625 0.5421875 0.390625 0.5421875 0.5609375 0.353125 0.5609375
1 0.5046875 0.8171875 0.6703125 0.8171875 0.6703125 0.9796875 0.5046875 0.9796875
1 0.6640625 0.7421875 0.871875 0.7421875 0.871875 0.9453125 0.6640625 0.9453125
1 0.43125 0.703125 0.59375 0.703125 0.59375 0.8578125 0.43125 0.8578125
1 0.103125 0.5671875 0.240625 0.5671875 0.240625 0.7171875 0.103125 0.7171875
1 0.2578125 0.35 0.5015625 0.35 0.5015625 0.5671875 0.2578125 0.5671875
1 0.321875 0.2765625 0.4828125 0.2765625 0.4828125 0.4328125 0.321875 0.4328125
1 0.2640625 0.18125 0.4546875 0.18125 0.4546875 0.3578125 0.2640625 0.3578125
1 0.1875 0.178125 0.3765625 0.178125 0.3765625 0.340625 0.1875 0.340625
1 0.4125 0.1203125 0.6328125 0.1203125 0.6328125 0.309375 0.4125 0.309375
1 0.00625 0.20625 0.1359375 0.20625 0.1359375 0.3609375 0.00625 0.3609375
1 0.009375 0.2953125 0.125 0.2953125 0.125 0.4421875 0.009375 0.4421875
1 0.0109375 0.3875 0.165625 0.3875 0.165625 0.5703125 0.0109375 0.5703125
0 0.1625 0.403125 0.2078125 0.403125 0.2078125 0.44375 0.1625 0.44375
0 0.16875 0.621875 0.209375 0.621875 0.209375 0.6671875 0.16875 0.6671875
0 0.2390625 0.5796875 0.290625 0.5796875 0.290625 0.6328125 0.2390625 0.6328125
0 0.31875 0.7578125 0.3953125 0.7578125 0.3953125 0.825 0.31875 0.825
0 0.3984375 0.6140625 0.4484375 0.6140625 0.4484375 0.6625 0.3984375 0.6625
0 0.4234375 0.45 0.4703125 0.45 0.4703125 0.5015625 0.4234375 0.5015625
0 0.353125 0.4453125 0.4015625 0.4453125 0.4015625 0.496875 0.353125 0.496875
0 0.3859375 0.3453125 0.428125 0.3453125 0.428125 0.3875 0.3859375 0.3875
0 0.265625 0.240625 0.309375 0.240625 0.309375 0.2859375 0.265625 0.2859375
0 0.1203125 0.1453125 0.165625 0.1453125 0.165625 0.1890625 0.1203125 0.1890625
0 0.1765625 0.140625 0.2328125 0.140625 0.2328125 0.1859375 0.1765625 0.1859375
0 0.4828125 0.2109375 0.5265625 0.2109375 0.5265625 0.2453125 0.4828125 0.2453125
0 0.90625 0.4984375 0.9546875 0.4984375 0.9546875 0.5484375 0.90625 0.5484375
0 0.7765625 0.5875 0.8328125 0.5875 0.8328125 0.64375 0.7765625 0.64375
0 0.6453125 0.590625 0.690625 0.590625 0.690625 0.6375 0.6453125 0.6375
0 0.678125 0.6453125 0.73125 0.6453125 0.73125 0.6984375 0.678125 0.6984375
0 0.5703125 0.8828125 0.6078125 0.8828125 0.6078125 0.921875 0.5703125 0.921875
0 0.490625 0.765625 0.534375 0.765625 0.534375 0.8171875 0.490625 0.8171875
0 0.7359375 0.8234375 0.7875 0.8234375 0.7875 0.8703125 0.7359375 0.8703125
0 0.7875 0.33125 0.834375 0.33125 0.834375 0.3828125 0.7875 0.3828125