1 0.1609375 0.46875 0.3125 0.46875 0.3125 0.6296875 0.1609375 0.6296875
1 0.1375 0.646875 0.384375 0.646875 0.384375 0.8609375 0.1375 0.8609375
1 0.2953125 0.546875 0.4578125 0.546875 0.4578125 0.7 0.2953125 0.7
1 0.553125 0.5953125 0.6828125 0.5953125 0.6828125 0.721875 0.553125 0.721875
1 0.5625 0.6671875 0.7234375 0.6671875 0.7234375 0.8203125 0.5625 0.8203125
1 0.6734375 0.60625 0.840625 0.60625 0.840625 0.7765625 0.6734375 0.7765625
1 0.8265625 0.546875 0.99375 0.546875 0.99375 0.721875 0.8265625 0.721875
1 0.759375 0.3578125 0.8921875 0.3578125 0.8921875 0.5390625 0.759375 0.5390625
1 0.090625 0.2515625 0.278125 0.2515625 0.278125 0.4265625 0.090625 0.4265625
1 0.128125 0.009375 0.2796875 0.009375 0.2796875 0.165625 0.128125 0.165625
1 0.2046875 0.028125 0.384375 0.028125 0.384375 0.184375 0.2046875 0.184375
1 0.446875 0.003125 0.6375 0.003125 0.6375 0.1796875 0.446875 0.1796875
1 0.3609375 0.409375 0.5140625 0.409375 0.5140625 0.5375 0.3609375 0.5375
1 0.4 0.8546875 0.5328125 0.8546875 0.5328125 0.9796875 0.4 0.9796875
1 0.5625 0.821875 0.746875 0.821875 0.746875 1 0.5625 1
1 0.353125 0.71875 0.4953125 0.71875 0.4953125 0.8515625 0.353125 0.8515625
1 0.078125 0.5046875 0.18125 0.5046875 0.18125 0.625 0.078125 0.625
1 0.2671875 0.346875 0.4859375 0.346875 0.4859375 0.534375 0.2671875 0.534375
1 0.359375 0.2828125 0.4890625 0.2828125 0.4890625 0.4078125 0.359375 0.4078125
1 0.3203125 0.1765625 0.4890625 0.1765625 0.4890625 0.328125 0.3203125 0.328125
1 0.25 0.159375 0.4140625 0.159375 0.4140625 0.2859375 0.25 0.2859375
1 0.478125 0.1625 0.675 0.1625 0.675 0.31875 0.478125 0.31875
1 0.0359375 0.128125 0.175 0.128125 0.175 0.25 0.0359375 0.25
1 0.0046875 0.2109375 0.14375 0.2109375 0.14375 0.328125 0.0046875 0.328125
1 0 0.3015625 0.159375 0.3015625 0.159375 0.4671875 0 0.4671875
0 0.1765625 0.340625 0.2171875 0.340625 0.2171875 0.3734375 0.1765625 0.3734375
0 0.1296875 0.553125 0.159375 0.553125 0.159375 0.590625 0.1296875 0.590625
0 0.209375 0.534375 0.246875 0.534375 0.246875 0.575 0.209375 0.575
0 0.2375 0.7296875 0.303125 0.7296875 0.303125 0.7828125 0.2375 0.7828125
0 0.353125 0.6046875 0.39375 0.6046875 0.39375 0.6453125 0.353125 0.6453125
0 0.4203125 0.4515625 0.4546875 0.4515625 0.4546875 0.4953125 0.4203125 0.4953125
0 0.353125 0.43125 0.3890625 0.43125 0.3890625 0.471875 0.353125 0.471875
0 0.409375 0.340625 0.44375 0.340625 0.44375 0.3734375 0.409375 0.3734375
0 0.31875 0.2109375 0.3546875 0.2109375 0.3546875 0.246875 0.31875 0.246875
0 0.2046875 0.08125 0.2375 0.08125 0.2375 0.1171875 0.2046875 0.1171875
0 0.2578125 0.09375 0.30625 0.09375 0.30625 0.125 0.2578125 0.125
0 0.5359375 0.2359375 0.5765625 0.2359375 0.5765625 0.2625 0.5359375 0.2625
0 0.8703125 0.61875 0.9140625 0.61875 0.9140625 0.6671875 0.8703125 0.6671875
0 0.7234375 0.675 0.771875 0.675 0.771875 0.7234375 0.7234375 0.7234375
0 0.5984375 0.64375 0.634375 0.64375 0.634375 0.6828125 0.5984375 0.6828125
0 0.6140625 0.70625 0.659375 0.70625 0.659375 0.75 0.6140625 0.75
0 0.45 0.9046875 0.4828125 0.9046875 0.4828125 0.9390625 0.45 0.9390625
0 0.403125 0.7734375 0.4390625 0.7734375 0.4390625 0.8171875 0.403125 0.8171875
0 0.628125 0.8953125 0.66875 0.8953125 0.66875 0.9296875 0.628125 0.9296875
0 0.8015625 0.43125 0.8375 0.43125 0.8375 0.471875 0.8015625 0.471875