1 0.1484375 0.4609375 0.34375 0.4609375 0.34375 0.690625 0.1484375 0.690625
1 0.16875 0.590625 0.471875 0.590625 0.471875 0.9140625 0.16875 0.9140625
1 0.2984375 0.46875 0.503125 0.46875 0.503125 0.6953125 0.2984375 0.6953125
1 0.5609375 0.415625 0.7234375 0.415625 0.7234375 0.6015625 0.5609375 0.6015625
1 0.5875 0.4625 0.7890625 0.4625 0.7890625 0.6875 0.5875 0.6875
1 0.6796875 0.3546875 0.8921875 0.3546875 0.8921875 0.6 0.6796875 0.6
1 0.8125 0.2375 0.990625 0.2375 0.990625 0.4828125 0.8125 0.4828125
1 0.7 0.1046875 0.88125 0.1046875 0.88125 0.34375 0.7 0.34375
1 0.025 0.278125 0.2578125 0.278125 0.2578125 0.5359375 0.025 0.5359375
1 0 0.05625 0.19375 0.05625 0.19375 0.2796875 0 0.2796875
1 0.078125 0.0265625 0.3 0.0265625 0.3 0.2625 0.078125 0.2625
1 0.3078125 0 0.54375 0 0.54375 0.153125 0.3078125 0.153125
1 0.328125 0.3203125 0.5140625 0.3203125 0.5140625 0.515625 0.328125 0.515625
1 0.4796875 0.71875 0.64375 0.71875 0.64375 0.903125 0.4796875 0.903125
1 0.6265625 0.5921875 0.8578125 0.5921875 0.8578125 0.8515625 0.6265625 0.8515625
1 0.396875 0.6125 0.575 0.6125 0.575 0.80625 0.396875 0.80625
1 0.078125 0.5546875 0.2140625 0.5546875 0.2140625 0.7203125 0.078125 0.7203125
1 0.2203125 0.271875 0.4875 0.271875 0.4875 0.5578125 0.2203125 0.5578125
1 0.29375 0.2140625 0.4578125 0.2140625 0.4578125 0.3984375 0.29375 0.3984375
1 0.2296875 0.115625 0.4375 0.115625 0.4375 0.34375 0.2296875 0.34375
1 0.1578125 0.134375 0.353125 0.134375 0.353125 0.334375 0.1578125 0.334375
1 0.378125 0.021875 0.615625 0.021875 0.615625 0.2671875 0.378125 0.2671875
1 0 0.2109375 0.1125 0.2109375 0.1125 0.3875 0 0.3875
1 0 0.3015625 0.1015625 0.3015625 0.1015625 0.471875 0 0.471875
1 0 0.3734375 0.153125 0.3734375 0.153125 0.6046875 0 0.6046875
0 0.134375 0.390625 0.184375 0.390625 0.184375 0.44375 0.134375 0.44375
0 0.1421875 0.6109375 0.1828125 0.6109375 0.1828125 0.6625 0.1421875 0.6625
0 0.2140625 0.5546875 0.2640625 0.5546875 0.2640625 0.6125 0.2140625 0.6125
0 0.2921875 0.709375 0.3703125 0.709375 0.3703125 0.790625 0.2921875 0.790625
0 0.371875 0.5546875 0.4234375 0.5546875 0.4234375 0.6140625 0.371875 0.6140625
0 0.3984375 0.3890625 0.44375 0.3890625 0.44375 0.446875 0.3984375 0.446875
0 0.328125 0.3984375 0.375 0.3984375 0.375 0.4546875 0.328125 0.4546875
0 0.359375 0.2921875 0.403125 0.2921875 0.403125 0.340625 0.359375 0.340625
0 0.2390625 0.2125 0.284375 0.2125 0.284375 0.2640625 0.2390625 0.2640625
0 0.0953125 0.14375 0.1375 0.14375 0.1375 0.1953125 0.0953125 0.1953125
0 0.15 0.128125 0.20625 0.128125 0.20625 0.18125 0.15 0.18125
0 0.4546875 0.1375 0.5015625 0.1375 0.5015625 0.1828125 0.4546875 0.1828125
0 0.8765625 0.3390625 0.9328125 0.3390625 0.9328125 0.40625 0.8765625 0.40625
0 0.7484375 0.453125 0.809375 0.453125 0.809375 0.5234375 0.7484375 0.5234375
0 0.61875 0.4859375 0.665625 0.4859375 0.665625 0.540625 0.61875 0.540625
0 0.65 0.53125 0.70625 0.53125 0.70625 0.59375 0.65 0.59375
0 0.5421875 0.790625 0.584375 0.790625 0.584375 0.840625 0.5421875 0.840625
0 0.4625 0.6890625 0.509375 0.6890625 0.509375 0.75 0.4625 0.75
0 0.7109375 0.7015625 0.7609375 0.7015625 0.7609375 0.753125 0.7109375 0.753125
0 0.7609375 0.2015625 0.8078125 0.2015625 0.8078125 0.2578125 0.7609375 0.2578125