1 0.1609375 0.46875 0.3125 0.46875 0.3125 0.6296875 0.1609375 0.6296875
1 0.1390625 0.6484375 0.384375 0.6484375 0.384375 0.859375 0.1390625 0.859375
1 0.2953125 0.5453125 0.4578125 0.5453125 0.4578125 0.7015625 0.2953125 0.7015625
1 0.553125 0.5953125 0.6828125 0.5953125 0.6828125 0.721875 0.553125 0.721875
1 0.5625 0.6671875 0.7234375 0.6671875 0.7234375 0.8203125 0.5625 0.8203125
1 0.66875 0.603125 0.8453125 0.603125 0.8453125 0.7796875 0.66875 0.7796875
1 0.8296875 0.55 0.990625 0.55 0.990625 0.71875 0.8296875 0.71875
1 0.7625 0.359375 0.8890625 0.359375 0.8890625 0.5375 0.7625 0.5375
1 0.0875 0.25 0.2796875 0.25 0.2796875 0.428125 0.0875 0.428125
1 0.1234375 0.00625 0.2828125 0.00625 0.2828125 0.16875 0.1234375 0.16875
1 0.203125 0.025 0.3859375 0.025 0.3859375 0.1859375 0.203125 0.1859375
1 0.4484375 0.0046875 0.6359375 0.0046875 0.6359375 0.178125 0.4484375 0.178125
1 0.359375 0.409375 0.515625 0.409375 0.515625 0.5390625 0.359375 0.5390625
1 0.4 0.853125 0.534375 0.853125 0.534375 0.98125 0.4 0.98125
1 0.5703125 0.828125 0.740625 0.828125 0.740625 0.9921875 0.5703125 0.9921875
1 0.3578125 0.725 0.4890625 0.725 0.4890625 0.8453125 0.3578125 0.8453125
1 0.0734375 0.503125 0.184375 0.503125 0.184375 0.628125 0.0734375 0.628125
1 0.271875 0.3515625 0.48125 0.3515625 0.48125 0.5296875 0.271875 0.5296875
1 0.3578125 0.2828125 0.490625 0.2828125 0.490625 0.4078125 0.3578125 0.4078125
1 0.321875 0.1765625 0.4875 0.1765625 0.4875 0.3265625 0.321875 0.3265625
1 0.25 0.159375 0.4140625 0.159375 0.4140625 0.2859375 0.25 0.2859375
1 0.4796875 0.165625 0.671875 0.165625 0.671875 0.315625 0.4796875 0.315625
1 0.0359375 0.1296875 0.1734375 0.1296875 0.1734375 0.2484375 0.0359375 0.2484375
1 0.003125 0.209375 0.1453125 0.209375 0.1453125 0.3296875 0.003125 0.3296875
1 0.0015625 0.30625 0.153125 0.30625 0.153125 0.4609375 0.0015625 0.4609375
0 0.1765625 0.340625 0.2171875 0.340625 0.2171875 0.3734375 0.1765625 0.3734375
0 0.1296875 0.553125 0.159375 0.553125 0.159375 0.590625 0.1296875 0.590625
0 0.2078125 0.5328125 0.2484375 0.5328125 0.2484375 0.575 0.2078125 0.575
0 0.2375 0.7296875 0.303125 0.7296875 0.303125 0.7828125 0.2375 0.7828125
0 0.353125 0.6046875 0.39375 0.6046875 0.39375 0.6453125 0.353125 0.6453125
0 0.41875 0.4515625 0.45625 0.4515625 0.45625 0.496875 0.41875 0.496875
0 0.353125 0.4296875 0.3890625 0.4296875 0.3890625 0.471875 0.353125 0.471875
0 0.4109375 0.3421875 0.4421875 0.3421875 0.4421875 0.3734375 0.4109375 0.3734375
0 0.31875 0.2109375 0.3546875 0.2109375 0.3546875 0.246875 0.31875 0.246875
0 0.203125 0.08125 0.2390625 0.08125 0.2390625 0.1171875 0.203125 0.1171875
0 0.25625 0.0921875 0.30625 0.0921875 0.30625 0.1265625 0.25625 0.1265625
0 0.5359375 0.2359375 0.575 0.2359375 0.575 0.2609375 0.5359375 0.2609375
0 0.8703125 0.6203125 0.9140625 0.6203125 0.9140625 0.665625 0.8703125 0.665625
0 0.725 0.6765625 0.7703125 0.6765625 0.7703125 0.721875 0.725 0.721875
0 0.596875 0.64375 0.634375 0.64375 0.634375 0.684375 0.596875 0.684375
0 0.6140625 0.70625 0.659375 0.70625 0.659375 0.7515625 0.6140625 0.7515625
0 0.4515625 0.90625 0.48125 0.90625 0.48125 0.9375 0.4515625 0.9375
0 0.403125 0.7734375 0.4375 0.7734375 0.4375 0.8171875 0.403125 0.8171875
0 0.6265625 0.8953125 0.66875 0.8953125 0.66875 0.93125 0.6265625 0.93125
0 0.8015625 0.43125 0.8375 0.43125 0.8375 0.471875 0.8015625 0.471875