1 0.2765625 0.415625 0.6921875 0.415625 0.6921875 0.8171875 0.2765625 0.8171875
1 0.5890625 0.4640625 0.85625 0.4640625 0.85625 0.696875 0.5890625 0.696875
1 0.725 0.409375 0.9859375 0.409375 0.9859375 0.6234375 0.725 0.6234375
1 0.578125 0.2609375 0.8328125 0.2609375 0.8328125 0.5203125 0.578125 0.5203125
1 0.3625 0.2890625 0.634375 0.2890625 0.634375 0.5296875 0.3625 0.5296875
1 0.053125 0.35625 0.3125 0.35625 0.3125 0.5859375 0.053125 0.5859375
1 0.1078125 0.4625 0.4 0.4625 0.4 0.778125 0.1078125 0.778125
1 0.0046875 0.2578125 0.2984375 0.2578125 0.2984375 0.49375 0.0046875 0.49375
0 0.2125 0.5625 0.328125 0.5625 0.328125 0.6734375 0.2125 0.6734375
0 0.4140625 0.5375 0.56875 0.5375 0.56875 0.684375 0.4140625 0.684375
0 0.6734375 0.521875 0.7625 0.521875 0.7625 0.615625 0.6734375 0.615625
0 0.8 0.471875 0.903125 0.471875 0.903125 0.56875 0.8 0.56875
0 0.65625 0.359375 0.76875 0.359375 0.76875 0.4796875 0.65625 0.4796875
0 0.4546875 0.3890625 0.5546875 0.3890625 0.5546875 0.48125 0.4546875 0.48125
0 0.2984375 0.39375 0.3921875 0.39375 0.3921875 0.4859375 0.2984375 0.4859375
0 0.1328125 0.43125 0.2359375 0.43125 0.2359375 0.534375 0.1328125 0.534375
0 0.109375 0.34375 0.1890625 0.34375 0.1890625 0.40625 0.109375 0.40625