1 0.2703125 0.409375 0.6984375 0.409375 0.6984375 0.821875 0.2703125 0.821875
1 0.5875 0.4609375 0.8578125 0.4609375 0.8578125 0.7 0.5875 0.7
1 0.71875 0.4 0.9921875 0.4 0.9921875 0.63125 0.71875 0.63125
1 0.5734375 0.2578125 0.8359375 0.2578125 0.8359375 0.525 0.5734375 0.525
1 0.3578125 0.284375 0.6375 0.284375 0.6375 0.5328125 0.3578125 0.5328125
1 0.046875 0.3484375 0.31875 0.3484375 0.31875 0.59375 0.046875 0.59375
1 0.103125 0.459375 0.4046875 0.459375 0.4046875 0.78125 0.103125 0.78125
1 0.0125 0.26875 0.290625 0.26875 0.290625 0.4828125 0.0125 0.4828125
0 0.209375 0.5609375 0.3296875 0.5609375 0.3296875 0.6765625 0.209375 0.6765625
0 0.4140625 0.5375 0.56875 0.5375 0.56875 0.684375 0.4140625 0.684375
0 0.6734375 0.5234375 0.7625 0.5234375 0.7625 0.6140625 0.6734375 0.6140625
0 0.8 0.471875 0.9015625 0.471875 0.9015625 0.56875 0.8 0.56875
0 0.65625 0.359375 0.76875 0.359375 0.76875 0.4796875 0.65625 0.4796875
0 0.4515625 0.3859375 0.559375 0.3859375 0.559375 0.484375 0.4515625 0.484375
0 0.29375 0.390625 0.396875 0.390625 0.396875 0.4890625 0.29375 0.4890625
0 0.1375 0.434375 0.23125 0.434375 0.23125 0.5296875 0.1375 0.5296875
0 0.1078125 0.3421875 0.190625 0.3421875 0.190625 0.409375 0.1078125 0.409375