1 0.275 0.4125 0.6953125 0.4125 0.6953125 0.81875 0.275 0.81875
1 0.5890625 0.4640625 0.85625 0.4640625 0.85625 0.696875 0.5890625 0.696875
1 0.7140625 0.3953125 0.996875 0.3953125 0.996875 0.6359375 0.7140625 0.6359375
1 0.571875 0.25625 0.8390625 0.25625 0.8390625 0.525 0.571875 0.525
1 0.36875 0.2984375 0.6265625 0.2984375 0.6265625 0.51875 0.36875 0.51875
1 0.05 0.3515625 0.3171875 0.3515625 0.3171875 0.5921875 0.05 0.5921875
1 0.109375 0.465625 0.4 0.465625 0.4 0.775 0.109375 0.775
1 0.009375 0.2640625 0.29375 0.2640625 0.29375 0.4859375 0.009375 0.4859375
0 0.209375 0.559375 0.3296875 0.559375 0.3296875 0.6765625 0.209375 0.6765625
0 0.4140625 0.5375 0.56875 0.5375 0.56875 0.684375 0.4140625 0.684375
0 0.6734375 0.521875 0.7625 0.521875 0.7625 0.615625 0.6734375 0.615625
0 0.8 0.471875 0.903125 0.471875 0.903125 0.5703125 0.8 0.5703125
0 0.659375 0.3625 0.765625 0.3625 0.765625 0.4765625 0.659375 0.4765625
0 0.4515625 0.3875 0.5578125 0.3875 0.5578125 0.4828125 0.4515625 0.4828125
0 0.2984375 0.39375 0.3921875 0.39375 0.3921875 0.4859375 0.2984375 0.4859375
0 0.1375 0.434375 0.23125 0.434375 0.23125 0.5296875 0.1375 0.5296875
0 0.109375 0.3421875 0.1890625 0.3421875 0.1890625 0.4078125 0.109375 0.4078125