1 0.20625 0.3296875 0.83125 0.3296875 0.83125 0.953125 0.20625 0.953125
1 0.49375 0.275 0.8765625 0.275 0.8765625 0.65625 0.49375 0.65625
1 0.565625 0.15 0.93125 0.15 0.93125 0.5125 0.565625 0.5125
1 0.35625 0.13125 0.7484375 0.13125 0.7484375 0.525 0.35625 0.525
1 0.2046875 0.275 0.596875 0.275 0.596875 0.665625 0.2046875 0.665625
1 0.0046875 0.528125 0.3796875 0.528125 0.3796875 0.903125 0.0046875 0.903125
1 0.1078125 0.55625 0.5734375 0.55625 0.5734375 1 0.1078125 1
1 0 0.459375 0.309375 0.459375 0.309375 0.859375 0 0.859375
0 0.2640625 0.690625 0.4375 0.690625 0.4375 0.8640625 0.2640625 0.8640625
0 0.40625 0.51875 0.6359375 0.51875 0.6359375 0.7484375 0.40625 0.7484375
0 0.603125 0.3890625 0.7421875 0.3890625 0.7421875 0.5296875 0.603125 0.5296875
0 0.671875 0.2625 0.8234375 0.2625 0.8234375 0.4140625 0.671875 0.4140625
0 0.4875 0.25625 0.665625 0.25625 0.665625 0.434375 0.4875 0.434375
0 0.3484375 0.4125 0.496875 0.4125 0.496875 0.5609375 0.3484375 0.5609375
0 0.2296875 0.51875 0.371875 0.51875 0.371875 0.6609375 0.2296875 0.6609375
0 0.1203125 0.6453125 0.278125 0.6453125 0.278125 0.8015625 0.1203125 0.8015625
0 0.0515625 0.60625 0.1609375 0.60625 0.1609375 0.7140625 0.0515625 0.7140625