1 0.24375 0.340625 0.85 0.340625 0.85 1 0.24375 1
1 0.5296875 0.31875 0.896875 0.31875 0.896875 0.721875 0.5296875 0.721875
1 0.596875 0.19375 0.9625 0.19375 0.9625 0.59375 0.596875 0.59375
1 0.39375 0.1546875 0.775 0.1546875 0.775 0.5765625 0.39375 0.5765625
1 0.240625 0.2796875 0.6203125 0.2796875 0.6203125 0.6984375 0.240625 0.6984375
1 0.0328125 0.503125 0.40625 0.503125 0.40625 0.915625 0.0328125 0.915625
1 0.14375 0.5515625 0.590625 0.5515625 0.590625 1 0.14375 1
1 0 0.45 0.315625 0.45 0.315625 0.8359375 0 0.8359375
0 0.29375 0.6953125 0.4625 0.6953125 0.4625 0.884375 0.29375 0.884375
0 0.440625 0.546875 0.6578125 0.546875 0.6578125 0.7875 0.440625 0.7875
0 0.6375 0.440625 0.7671875 0.440625 0.7671875 0.584375 0.6375 0.584375
0 0.7078125 0.3234375 0.85 0.3234375 0.85 0.4796875 0.7078125 0.4796875
0 0.5234375 0.29375 0.6921875 0.29375 0.6921875 0.4796875 0.5234375 0.4796875
0 0.378125 0.428125 0.5265625 0.428125 0.5265625 0.590625 0.378125 0.590625
0 0.25625 0.5171875 0.4015625 0.5171875 0.4015625 0.6765625 0.25625 0.6765625
0 0.159375 0.6421875 0.2953125 0.6421875 0.2953125 0.79375 0.159375 0.79375
0 0.0796875 0.584375 0.1875 0.584375 0.1875 0.7015625 0.0796875 0.7015625