1 0.240625 0.3875 0.746875 0.3875 0.746875 0.8984375 0.240625 0.8984375
1 0.5640625 0.4203125 0.8796875 0.4203125 0.8796875 0.7203125 0.5640625 0.7203125
1 0.671875 0.3296875 0.99375 0.3296875 0.99375 0.640625 0.671875 0.640625
1 0.50625 0.21875 0.83125 0.21875 0.83125 0.5546875 0.50625 0.5546875
1 0.3171875 0.29375 0.6203125 0.29375 0.6203125 0.5796875 0.3171875 0.5796875
1 0.0125 0.39375 0.3296875 0.39375 0.3296875 0.7 0.0125 0.7
1 0.090625 0.4921875 0.446875 0.4921875 0.446875 0.875 0.090625 0.875
1 0 0.3125 0.2859375 0.3125 0.2859375 0.603125 0 0.603125
0 0.2109375 0.6046875 0.35625 0.6046875 0.35625 0.753125 0.2109375 0.753125
0 0.4078125 0.5453125 0.59375 0.5453125 0.59375 0.7296875 0.4078125 0.7296875
0 0.659375 0.5015625 0.76875 0.5015625 0.76875 0.61875 0.659375 0.61875
0 0.775 0.4296875 0.9 0.4296875 0.9 0.553125 0.775 0.553125
0 0.6171875 0.34375 0.746875 0.34375 0.746875 0.4828125 0.6171875 0.4828125
0 0.41875 0.4 0.54375 0.4 0.54375 0.5234375 0.41875 0.5234375
0 0.26875 0.4328125 0.38125 0.4328125 0.38125 0.5484375 0.26875 0.5484375
0 0.1171875 0.4984375 0.23125 0.4984375 0.23125 0.61875 0.1171875 0.61875
0 0.0734375 0.415625 0.1671875 0.415625 0.1671875 0.5 0.0734375 0.5