1 0.1890625 0.328125 0.8125 0.328125 0.8125 0.9234375 0.1890625 0.9234375
1 0.5078125 0.3015625 0.8875 0.3015625 0.8875 0.6578125 0.5078125 0.6578125
1 0.5984375 0.1828125 0.9765625 0.1828125 0.9765625 0.534375 0.5984375 0.534375
1 0.4015625 0.134375 0.790625 0.134375 0.790625 0.5109375 0.4015625 0.5109375
1 0.221875 0.253125 0.615625 0.253125 0.615625 0.6234375 0.221875 0.6234375
1 0 0.4640625 0.3578125 0.4640625 0.3578125 0.8265625 0 0.8265625
1 0.0671875 0.51875 0.5234375 0.51875 0.5234375 0.965625 0.0671875 0.965625
1 0 0.409375 0.2796875 0.409375 0.2796875 0.746875 0 0.746875
0 0.221875 0.6484375 0.396875 0.6484375 0.396875 0.815625 0.221875 0.815625
0 0.3921875 0.5125 0.615625 0.5125 0.615625 0.725 0.3921875 0.725
0 0.621875 0.4078125 0.7546875 0.4078125 0.7546875 0.5375 0.621875 0.5375
0 0.7125 0.2953125 0.8578125 0.2953125 0.8578125 0.434375 0.7125 0.434375
0 0.5296875 0.2609375 0.7015625 0.2609375 0.7015625 0.428125 0.5296875 0.428125
0 0.359375 0.3859375 0.5140625 0.3859375 0.5140625 0.53125 0.359375 0.53125
0 0.221875 0.46875 0.371875 0.46875 0.371875 0.6109375 0.221875 0.6109375
0 0.1 0.5875 0.240625 0.5875 0.240625 0.7234375 0.1 0.7234375
0 0.0359375 0.5265625 0.1484375 0.5265625 0.1484375 0.6296875 0.0359375 0.6296875