1 0.096875 0.3046875 0.6921875 0.3046875 0.6921875 0.93125 0.096875 0.93125
1 0.4140625 0.5703125 0.78125 0.5703125 0.78125 0.9515625 0.4140625 0.9515625
1 0.565625 0.6265625 0.915625 0.6265625 0.915625 0.9890625 0.565625 0.9890625
1 0.521875 0.4140625 0.8953125 0.4140625 0.8953125 0.809375 0.521875 0.809375
1 0.353125 0.2828125 0.728125 0.2828125 0.728125 0.675 0.353125 0.675
1 0.0828125 0.115625 0.4421875 0.115625 0.4421875 0.490625 0.0828125 0.490625
1 0 0.225 0.4390625 0.225 0.4390625 0.6953125 0 0.6953125
1 0.10625 0.0109375 0.496875 0.0109375 0.496875 0.4140625 0.10625 0.4140625
0 0.1484375 0.3828125 0.3140625 0.3828125 0.3140625 0.5578125 0.1484375 0.5578125
0 0.29375 0.5046875 0.5125 0.5046875 0.5125 0.7359375 0.29375 0.7359375
0 0.5359375 0.678125 0.66875 0.678125 0.66875 0.81875 0.5359375 0.81875
0 0.6609375 0.73125 0.8078125 0.73125 0.8078125 0.884375 0.6609375 0.884375
0 0.6109375 0.5484375 0.78125 0.5484375 0.78125 0.728125 0.6109375 0.728125
0 0.4578125 0.4296875 0.5984375 0.4296875 0.5984375 0.5765625 0.4578125 0.5765625
0 0.3390625 0.325 0.471875 0.325 0.471875 0.465625 0.3390625 0.465625
0 0.1796875 0.2328125 0.33125 0.2328125 0.33125 0.390625 0.1796875 0.390625
0 0.246875 0.15625 0.353125 0.15625 0.353125 0.2640625 0.246875 0.2640625