1 0.1765625 0.353125 0.70625 0.353125 0.70625 0.8703125 0.1765625 0.8703125
1 0.5140625 0.4984375 0.8421875 0.4984375 0.8421875 0.8015625 0.5140625 0.8015625
1 0.65 0.4703125 0.9921875 0.4703125 0.9921875 0.7859375 0.65 0.7859375
1 0.55 0.29375 0.8890625 0.29375 0.8890625 0.634375 0.55 0.634375
1 0.359375 0.2734375 0.675 0.2734375 0.675 0.5625 0.359375 0.5625
1 0.0328125 0.2265625 0.3640625 0.2265625 0.3640625 0.5375 0.0328125 0.5375
1 0.0328125 0.353125 0.4078125 0.353125 0.4078125 0.7390625 0.0328125 0.7390625
1 0.028125 0.1328125 0.36875 0.1328125 0.36875 0.4296875 0.028125 0.4296875
0 0.159375 0.4734375 0.3125 0.4734375 0.3125 0.6234375 0.159375 0.6234375
0 0.3515625 0.515625 0.5453125 0.515625 0.5453125 0.703125 0.3515625 0.703125
0 0.61875 0.578125 0.734375 0.578125 0.734375 0.6953125 0.61875 0.6953125
0 0.753125 0.56875 0.884375 0.56875 0.884375 0.6953125 0.753125 0.6953125
0 0.65 0.4234375 0.7859375 0.4234375 0.7859375 0.5640625 0.65 0.5640625
0 0.45 0.3828125 0.58125 0.3828125 0.58125 0.5078125 0.45 0.5078125
0 0.303125 0.34375 0.421875 0.34375 0.421875 0.459375 0.303125 0.459375
0 0.1359375 0.3328125 0.2546875 0.3328125 0.2546875 0.453125 0.1359375 0.453125
0 0.146875 0.2375 0.24375 0.2375 0.24375 0.3234375 0.146875 0.3234375