1 0.2984375 0.5203125 0.384375 0.5203125 0.384375 0.6484375 0.2984375 0.6484375
1 0.5 0.5171875 0.5796875 0.5171875 0.5796875 0.6203125 0.5 0.6203125
1 0.440625 0.390625 0.546875 0.390625 0.546875 0.525 0.440625 0.525
1 0.5421875 0.2625 0.65 0.2625 0.65 0.40625 0.5421875 0.40625
1 0.7890625 0.234375 0.89375 0.234375 0.89375 0.403125 0.7890625 0.403125
1 0.75625 0.55625 0.8609375 0.55625 0.8609375 0.6953125 0.75625 0.6953125
1 0.8578125 0.4984375 0.978125 0.4984375 0.978125 0.6453125 0.8578125 0.6453125
1 0.8203125 0.715625 0.9390625 0.715625 0.9390625 0.865625 0.8203125 0.865625
1 0.9015625 0.828125 0.996875 0.828125 0.996875 0.9984375 0.9015625 0.9984375
1 0.6328125 0.81875 0.740625 0.81875 0.740625 0.9796875 0.6328125 0.9796875
1 0.4578125 0.8171875 0.5828125 0.8171875 0.5828125 0.971875 0.4578125 0.971875
1 0.565625 0.7375 0.6453125 0.7375 0.6453125 0.871875 0.565625 0.871875
1 0.590625 0.565625 0.6796875 0.565625 0.6796875 0.6859375 0.590625 0.6859375
1 0.9140625 0.1953125 0.9984375 0.1953125 0.9984375 0.3390625 0.9140625 0.3390625
1 0.3125 0.6984375 0.4109375 0.6984375 0.4109375 0.81875 0.3125 0.81875
1 0.228125 0.8328125 0.3421875 0.8328125 0.3421875 0.9875 0.228125 0.9875
1 0.1203125 0.8765625 0.2234375 0.8765625 0.2234375 0.9984375 0.1203125 0.9984375
1 0.1359375 0.63125 0.2390625 0.63125 0.2390625 0.765625 0.1359375 0.765625
1 0.1203125 0.50625 0.2109375 0.50625 0.2109375 0.6234375 0.1203125 0.6234375
1 0.171875 0.396875 0.2484375 0.396875 0.2484375 0.5125 0.171875 0.5125
1 0.3203125 0.36875 0.4046875 0.36875 0.4046875 0.484375 0.3203125 0.484375
1 0.30625 0.078125 0.4 0.078125 0.4 0.184375 0.30625 0.184375
1 0.446875 0.05625 0.5546875 0.05625 0.5546875 0.1953125 0.446875 0.1953125
1 0.3265625 0.2171875 0.4515625 0.2171875 0.4515625 0.3734375 0.3265625 0.3734375
1 0.228125 0.26875 0.34375 0.26875 0.34375 0.4 0.228125 0.4
1 0.0109375 0.5296875 0.1140625 0.5296875 0.1140625 0.65 0.0109375 0.65
1 0.003125 0.4515625 0.0921875 0.4515625 0.0921875 0.54375 0.003125 0.54375
1 0.228125 0.19375 0.321875 0.19375 0.321875 0.3015625 0.228125 0.3015625
1 0.4484375 0.3234375 0.5375 0.3234375 0.5375 0.44375 0.4484375 0.44375
0 0.3421875 0.721875 0.3765625 0.721875 0.3765625 0.778125 0.3421875 0.778125
0 0.4875 0.86875 0.5265625 0.86875 0.5265625 0.9296875 0.4875 0.9296875
0 0.934375 0.896875 0.9859375 0.896875 0.9859375 0.9609375 0.934375 0.9609375
0 0.953125 0.25625 0.98125 0.25625 0.98125 0.2984375 0.953125 0.2984375
0 0.4703125 0.440625 0.4953125 0.440625 0.4953125 0.4828125 0.4703125 0.4828125
0 0.1890625 0.434375 0.2265625 0.434375 0.2265625 0.4890625 0.1890625 0.4890625
0 0.1421875 0.91875 0.175 0.91875 0.175 0.9609375 0.1421875 0.9609375