1 0.265625 0.375 0.4265625 0.375 0.4265625 0.546875 0.265625 0.546875
1 0.45625 0.4765625 0.59375 0.4765625 0.59375 0.61875 0.45625 0.61875
1 0.4578125 0.3375 0.628125 0.3375 0.628125 0.51875 0.4578125 0.51875
1 0.603125 0.2765625 0.7859375 0.2765625 0.7859375 0.46875 0.603125 0.46875
1 0.809375 0.371875 1 0.371875 1 0.5953125 0.809375 0.5953125
1 0.640625 0.6421875 0.8125 0.6421875 0.8125 0.8234375 0.640625 0.8234375
1 0.7546875 0.6421875 0.9421875 0.6421875 0.9421875 0.840625 0.7546875 0.840625
1 0.5984375 0.8015625 0.803125 0.8015625 0.803125 0.9640625 0.5984375 0.9640625
1 0.3796875 0.8 0.578125 0.8 0.578125 0.978125 0.3796875 0.978125
1 0.2421875 0.7171875 0.4375 0.7171875 0.4375 0.921875 0.2421875 0.921875
1 0.384375 0.6984375 0.5359375 0.6984375 0.5359375 0.8671875 0.384375 0.8671875
1 0.4953125 0.5578125 0.6578125 0.5578125 0.6578125 0.7296875 0.4953125 0.7296875
1 0.9625 0.41875 1 0.41875 1 0.5828125 0.9625 0.5828125
1 0.2 0.54375 0.3484375 0.54375 0.3484375 0.7 0.2 0.7
1 0.034375 0.6125 0.225 0.6125 0.225 0.8140625 0.034375 0.8140625
1 0.03125 0.596875 0.0984375 0.596875 0.0984375 0.7578125 0.03125 0.7578125
1 0.0765625 0.3984375 0.234375 0.3984375 0.234375 0.565625 0.0765625 0.565625
1 0.134375 0.2796875 0.278125 0.2796875 0.278125 0.4296875 0.134375 0.4296875
1 0.2296875 0.20625 0.371875 0.20625 0.371875 0.3578125 0.2296875 0.3578125
1 0.3703125 0.2546875 0.521875 0.2546875 0.521875 0.4140625 0.3703125 0.4140625
1 0.5171875 0 0.6609375 0 0.6609375 0.1484375 0.5171875 0.1484375
1 0.6359375 0.0546875 0.803125 0.0546875 0.803125 0.2328125 0.6359375 0.2328125
1 0.434375 0.1265625 0.6375 0.1265625 0.6375 0.3421875 0.434375 0.3421875
1 0.3390625 0.125 0.515625 0.125 0.515625 0.3078125 0.3390625 0.3078125
1 0.025 0.2421875 0.1828125 0.2421875 0.1828125 0.40625 0.025 0.40625
1 0.0671875 0.1640625 0.2109375 0.1640625 0.2109375 0.3109375 0.0671875 0.3109375
1 0.39375 0.0625 0.5328125 0.0625 0.5328125 0.209375 0.39375 0.209375
1 0.5046875 0.2828125 0.65625 0.2828125 0.65625 0.44375 0.5046875 0.44375
0 0.2453125 0.5796875 0.3078125 0.5796875 0.3078125 0.646875 0.2453125 0.646875
0 0.2921875 0.7796875 0.3609375 0.7796875 0.3609375 0.8546875 0.2921875 0.8546875
0 0.50625 0.3984375 0.55625 0.3984375 0.55625 0.4546875 0.50625 0.4546875
0 0.2625 0.2515625 0.328125 0.2515625 0.328125 0.321875 0.2625 0.321875