1 0.3375 0.5015625 0.4921875 0.5015625 0.4921875 0.6875 0.3375 0.6875
1 0.5078125 0.375 0.64375 0.375 0.64375 0.534375 0.5078125 0.534375
1 0.396875 0.3015625 0.559375 0.3015625 0.559375 0.49375 0.396875 0.49375
1 0.415625 0.1328125 0.5859375 0.1328125 0.5859375 0.3390625 0.415625 0.3390625
1 0.6109375 0 0.7921875 0 0.7921875 0.1796875 0.6109375 0.1796875
1 0.759375 0.2359375 0.909375 0.2359375 0.909375 0.41875 0.759375 0.41875
1 0.8046875 0.1046875 0.9921875 0.1046875 0.9921875 0.3234375 0.8046875 0.3234375
1 0.890625 0.3125 1 0.3125 1 0.51875 0.890625 0.51875
1 0.784375 0.509375 0.9625 0.509375 0.9625 0.7296875 0.784375 0.7296875
1 0.634375 0.6078125 0.825 0.6078125 0.825 0.8359375 0.634375 0.8359375
1 0.6875 0.5109375 0.821875 0.5109375 0.821875 0.6828125 0.6875 0.6828125
1 0.609375 0.346875 0.7625 0.346875 0.7625 0.5296875 0.609375 0.5296875
1 0.7015625 0 0.8453125 0 0.8453125 0.0421875 0.7015625 0.0421875
1 0.4515625 0.6296875 0.596875 0.6296875 0.596875 0.8046875 0.4515625 0.8046875
1 0.44375 0.771875 0.6296875 0.771875 0.6296875 0.9359375 0.44375 0.9359375
1 0.3796875 0.8890625 0.5296875 0.8890625 0.5296875 0.9453125 0.3796875 0.9453125
1 0.2640625 0.6859375 0.425 0.6859375 0.425 0.878125 0.2640625 0.878125
1 0.1875 0.6109375 0.321875 0.6109375 0.321875 0.7734375 0.1875 0.7734375
1 0.1640625 0.4921875 0.30625 0.4921875 0.30625 0.6609375 0.1640625 0.6609375
1 0.28125 0.375 0.4171875 0.375 0.4171875 0.540625 0.28125 0.540625
1 0.121875 0.1578125 0.25 0.1578125 0.25 0.3078125 0.121875 0.3078125
1 0.2296875 0.0375 0.3890625 0.0375 0.3890625 0.2296875 0.2296875 0.2296875
1 0.209375 0.2265625 0.396875 0.2265625 0.396875 0.45 0.209375 0.45
1 0.15 0.3328125 0.3234375 0.3328125 0.3234375 0.534375 0.15 0.534375
1 0.1015625 0.6859375 0.259375 0.6859375 0.259375 0.86875 0.1015625 0.86875
1 0.053125 0.640625 0.184375 0.640625 0.184375 0.790625 0.053125 0.790625
1 0.1125 0.290625 0.2515625 0.290625 0.2515625 0.4546875 0.1125 0.4546875
1 0.3734375 0.2609375 0.5046875 0.2609375 0.5046875 0.41875 0.3734375 0.41875
0 0.4890625 0.675 0.546875 0.675 0.546875 0.75 0.4890625 0.75
0 0.6890625 0.69375 0.753125 0.69375 0.753125 0.7734375 0.6890625 0.7734375
0 0.45 0.3796875 0.4921875 0.3796875 0.4921875 0.4359375 0.45 0.4359375
0 0.20625 0.546875 0.2671875 0.546875 0.2671875 0.621875 0.20625 0.621875