1 0.2921875 0.51875 0.390625 0.51875 0.390625 0.65 0.2921875 0.65
1 0.4953125 0.5140625 0.584375 0.5140625 0.584375 0.625 0.4953125 0.625
1 0.440625 0.390625 0.546875 0.390625 0.546875 0.525 0.440625 0.525
1 0.540625 0.2625 0.6515625 0.2625 0.6515625 0.40625 0.540625 0.40625
1 0.7875 0.234375 0.8953125 0.234375 0.8953125 0.4046875 0.7875 0.4046875
1 0.7625 0.559375 0.85625 0.559375 0.85625 0.690625 0.7625 0.690625
1 0.85625 0.496875 0.98125 0.496875 0.98125 0.6453125 0.85625 0.6453125
1 0.8203125 0.715625 0.9390625 0.715625 0.9390625 0.865625 0.8203125 0.865625
1 0.9046875 0.8296875 0.9984375 0.8296875 0.9984375 0.996875 0.9046875 0.996875
1 0.6328125 0.81875 0.740625 0.81875 0.740625 0.9796875 0.6328125 0.9796875
1 0.45625 0.8171875 0.584375 0.8171875 0.584375 0.9734375 0.45625 0.9734375
1 0.5671875 0.7375 0.6421875 0.7375 0.6421875 0.871875 0.5671875 0.871875
1 0.584375 0.5609375 0.684375 0.5609375 0.684375 0.6890625 0.584375 0.6890625
1 0.91875 0.196875 0.9984375 0.196875 0.9984375 0.3390625 0.91875 0.3390625
1 0.3140625 0.6984375 0.409375 0.6984375 0.409375 0.81875 0.3140625 0.81875
1 0.225 0.83125 0.3453125 0.83125 0.3453125 0.9890625 0.225 0.9890625
1 0.1203125 0.878125 0.2234375 0.878125 0.2234375 0.9984375 0.1203125 0.9984375
1 0.134375 0.63125 0.240625 0.63125 0.240625 0.765625 0.134375 0.765625
1 0.121875 0.5078125 0.209375 0.5078125 0.209375 0.621875 0.121875 0.621875
1 0.165625 0.3953125 0.2546875 0.3953125 0.2546875 0.515625 0.165625 0.515625
1 0.31875 0.3671875 0.4046875 0.3671875 0.4046875 0.4859375 0.31875 0.4859375
1 0.309375 0.08125 0.3953125 0.08125 0.3953125 0.18125 0.309375 0.18125
1 0.4484375 0.0578125 0.5515625 0.0578125 0.5515625 0.1921875 0.4484375 0.1921875
1 0.3265625 0.21875 0.45 0.21875 0.45 0.371875 0.3265625 0.371875
1 0.2265625 0.2671875 0.3453125 0.2671875 0.3453125 0.4015625 0.2265625 0.4015625
1 0.009375 0.528125 0.1171875 0.528125 0.1171875 0.6515625 0.009375 0.6515625
1 0 0.45 0.09375 0.45 0.09375 0.5453125 0 0.5453125
1 0.228125 0.1921875 0.321875 0.1921875 0.321875 0.303125 0.228125 0.303125
1 0.4515625 0.3265625 0.534375 0.3265625 0.534375 0.440625 0.4515625 0.440625
0 0.3421875 0.721875 0.3765625 0.721875 0.3765625 0.778125 0.3421875 0.778125
0 0.4890625 0.86875 0.525 0.86875 0.525 0.9296875 0.4890625 0.9296875
0 0.93125 0.89375 0.9890625 0.89375 0.9890625 0.9640625 0.93125 0.9640625
0 0.95 0.2546875 0.984375 0.2546875 0.984375 0.3 0.95 0.3
0 0.4703125 0.440625 0.4953125 0.440625 0.4953125 0.4828125 0.4703125 0.4828125
0 0.190625 0.434375 0.2265625 0.434375 0.2265625 0.4890625 0.190625 0.4890625
0 0.1421875 0.91875 0.175 0.91875 0.175 0.9609375 0.1421875 0.9609375