1 0.3328125 0.4625 0.446875 0.4625 0.446875 0.61875 0.3328125 0.61875
1 0.534375 0.4171875 0.634375 0.4171875 0.634375 0.5421875 0.534375 0.5421875
1 0.4609375 0.3 0.584375 0.3 0.584375 0.459375 0.4609375 0.459375
1 0.5421875 0.15 0.6734375 0.15 0.6734375 0.3203125 0.5421875 0.3203125
1 0.778125 0.0625 0.9203125 0.0625 0.9203125 0.265625 0.778125 0.265625
1 0.796875 0.39375 0.9203125 0.39375 0.9203125 0.5546875 0.796875 0.5546875
1 0.890625 0.309375 1 0.309375 1 0.4828125 0.890625 0.4828125
1 0.8765625 0.5265625 1 0.5265625 1 0.715625 0.8765625 0.715625
1 0.9828125 0.6359375 1 0.6359375 1 0.8234375 0.9828125 0.8234375
1 0.70625 0.675 0.84375 0.675 0.84375 0.86875 0.70625 0.86875
1 0.5375 0.715625 0.68125 0.715625 0.68125 0.8953125 0.5375 0.8953125
1 0.63125 0.61875 0.73125 0.61875 0.73125 0.775 0.63125 0.775
1 0.6265625 0.4375 0.7453125 0.4375 0.7453125 0.5890625 0.6265625 0.5890625
1 0.9078125 0.0078125 1 0.0078125 1 0.165625 0.9078125 0.165625
1 0.3796875 0.6390625 0.4890625 0.6390625 0.4890625 0.7765625 0.3796875 0.7765625
1 0.3109375 0.784375 0.4453125 0.784375 0.4453125 0.9609375 0.3109375 0.9609375
1 0.209375 0.8546875 0.328125 0.8546875 0.328125 0.9765625 0.209375 0.9765625
1 0.196875 0.6125 0.309375 0.6125 0.309375 0.7625 0.196875 0.7625
1 0.1609375 0.49375 0.2625 0.49375 0.2625 0.628125 0.1609375 0.628125
1 0.190625 0.3734375 0.290625 0.3734375 0.290625 0.5109375 0.190625 0.5109375
1 0.3328125 0.309375 0.4421875 0.309375 0.4421875 0.4515625 0.3328125 0.4515625
1 0.2828125 0.0265625 0.3921875 0.0265625 0.3921875 0.1546875 0.2828125 0.1546875
1 0.4234375 0 0.5421875 0 0.5421875 0.1296875 0.4234375 0.1296875
1 0.3203125 0.15 0.4703125 0.15 0.4703125 0.3390625 0.3203125 0.3390625
1 0.234375 0.2265625 0.365625 0.2265625 0.365625 0.3859375 0.234375 0.3859375
1 0.053125 0.5375 0.171875 0.5375 0.171875 0.6796875 0.053125 0.6796875
1 0.0328125 0.459375 0.140625 0.459375 0.140625 0.5828125 0.0328125 0.5828125
1 0.2234375 0.159375 0.328125 0.159375 0.328125 0.2859375 0.2234375 0.2859375
1 0.4578125 0.2359375 0.5671875 0.2359375 0.5671875 0.378125 0.4578125 0.378125
0 0.409375 0.6671875 0.4515625 0.6671875 0.4515625 0.73125 0.409375 0.73125
0 0.575 0.778125 0.621875 0.778125 0.621875 0.846875 0.575 0.846875
0 0.95 0.0703125 0.984375 0.0703125 0.984375 0.1203125 0.95 0.1203125
0 0.496875 0.3609375 0.5296875 0.3609375 0.5296875 0.4125 0.496875 0.4125
0 0.215625 0.4171875 0.2625 0.4171875 0.2625 0.48125 0.215625 0.48125
0 0.2375 0.90625 0.2765625 0.90625 0.2765625 0.9578125 0.2375 0.9578125