1 0.30625 0.478125 0.4390625 0.478125 0.4390625 0.6546875 0.30625 0.6546875
1 0.5 0.3859375 0.6171875 0.3859375 0.6171875 0.5375 0.5 0.5375
1 0.4109375 0.290625 0.5515625 0.290625 0.5515625 0.4734375 0.4109375 0.4734375
1 0.4703125 0.1265625 0.61875 0.1265625 0.61875 0.321875 0.4703125 0.321875
1 0.696875 0 0.85 0 0.85 0.209375 0.696875 0.209375
1 0.76875 0.30625 0.896875 0.30625 0.896875 0.4796875 0.76875 0.4796875
1 0.8390625 0.1921875 1 0.1921875 1 0.3984375 0.8390625 0.3984375
1 0.8703125 0.4140625 1 0.4140625 1 0.6109375 0.8703125 0.6109375
1 0.7203125 0.5921875 0.8703125 0.5921875 0.8703125 0.8015625 0.7203125 0.8015625
1 0.5515625 0.659375 0.71875 0.659375 0.71875 0.8734375 0.5515625 0.8734375
1 0.634375 0.5625 0.7453125 0.5625 0.7453125 0.73125 0.634375 0.73125
1 0.5984375 0.384375 0.7328125 0.384375 0.7328125 0.5578125 0.5984375 0.5578125
1 0.8109375 0 0.928125 0 0.928125 0.090625 0.8109375 0.090625
1 0.38125 0.6328125 0.5078125 0.6328125 0.5078125 0.796875 0.38125 0.796875
1 0.334375 0.7796875 0.4953125 0.7796875 0.4953125 0.9453125 0.334375 0.9453125
1 0.246875 0.878125 0.38125 0.878125 0.38125 0.959375 0.246875 0.959375
1 0.1890625 0.646875 0.3296875 0.646875 0.3296875 0.8296875 0.1890625 0.8296875
1 0.1421875 0.55 0.2578125 0.55 0.2578125 0.7046875 0.1421875 0.7046875
1 0.15 0.4265625 0.2703125 0.4265625 0.2703125 0.5875 0.15 0.5875
1 0.2875 0.334375 0.4046875 0.334375 0.4046875 0.4921875 0.2875 0.4921875
1 0.1953125 0.0796875 0.3078125 0.0796875 0.3078125 0.2203125 0.1953125 0.2203125
1 0.321875 0 0.459375 0 0.459375 0.16875 0.321875 0.16875
1 0.253125 0.1765625 0.415625 0.1765625 0.415625 0.3859375 0.253125 0.3859375
1 0.171875 0.2703125 0.3234375 0.2703125 0.3234375 0.4578125 0.171875 0.4578125
1 0.0390625 0.6109375 0.178125 0.6109375 0.178125 0.78125 0.0390625 0.78125
1 0.0078125 0.55 0.125 0.55 0.125 0.6890625 0.0078125 0.6890625
1 0.15 0.2125 0.271875 0.2125 0.271875 0.365625 0.15 0.365625
1 0.4046875 0.2390625 0.515625 0.2390625 0.515625 0.390625 0.4046875 0.390625
0 0.4140625 0.6734375 0.4625 0.6734375 0.4625 0.74375 0.4140625 0.74375
0 0.5984375 0.7390625 0.65 0.7390625 0.65 0.815625 0.5984375 0.815625
0 0.859375 0 0.9046875 0 0.9046875 0.0359375 0.859375 0.0359375
0 0.4546875 0.3640625 0.490625 0.3640625 0.490625 0.41875 0.4546875 0.41875
0 0.184375 0.478125 0.234375 0.478125 0.234375 0.55 0.184375 0.55