1 0.334375 0.5015625 0.471875 0.5015625 0.471875 0.675 0.334375 0.675
1 0.5109375 0.3828125 0.6296875 0.3828125 0.6296875 0.528125 0.5109375 0.528125
1 0.3984375 0.296875 0.55625 0.296875 0.55625 0.4890625 0.3984375 0.4890625
1 0.4265625 0.1296875 0.590625 0.1296875 0.590625 0.3328125 0.4265625 0.3328125
1 0.63125 0 0.8046875 0 0.8046875 0.1828125 0.63125 0.1828125
1 0.7546875 0.240625 0.9140625 0.240625 0.9140625 0.4375 0.7546875 0.4375
1 0.8171875 0.121875 0.9921875 0.121875 0.9921875 0.3359375 0.8171875 0.3359375
1 0.8875 0.33125 1 0.33125 1 0.5375 0.8875 0.5375
1 0.7703125 0.5265625 0.9421875 0.5265625 0.9421875 0.74375 0.7703125 0.74375
1 0.615625 0.6203125 0.8 0.6203125 0.8 0.84375 0.615625 0.84375
1 0.671875 0.51875 0.80625 0.51875 0.80625 0.6953125 0.671875 0.6953125
1 0.6125 0.359375 0.7484375 0.359375 0.7484375 0.528125 0.6125 0.528125
1 0.721875 0 0.865625 0 0.865625 0.0546875 0.721875 0.0546875
1 0.43125 0.6296875 0.5765625 0.6296875 0.5765625 0.8046875 0.43125 0.8046875
1 0.421875 0.7796875 0.5953125 0.7796875 0.5953125 0.9359375 0.421875 0.9359375
1 0.346875 0.8875 0.4953125 0.8875 0.4953125 0.9484375 0.346875 0.9484375
1 0.24375 0.678125 0.4 0.678125 0.4 0.86875 0.24375 0.86875
1 0.1703125 0.59375 0.3078125 0.59375 0.3078125 0.7625 0.1703125 0.7625
1 0.1640625 0.484375 0.2875 0.484375 0.2875 0.640625 0.1640625 0.640625
1 0.2828125 0.3671875 0.4109375 0.3671875 0.4109375 0.528125 0.2828125 0.528125
1 0.13125 0.134375 0.265625 0.134375 0.265625 0.2921875 0.13125 0.2921875
1 0.24375 0.0203125 0.40625 0.0203125 0.40625 0.21875 0.24375 0.21875
1 0.215625 0.2125 0.4 0.2125 0.4 0.4375 0.215625 0.4375
1 0.153125 0.3203125 0.31875 0.3203125 0.31875 0.515625 0.153125 0.515625
1 0.0875 0.671875 0.234375 0.671875 0.234375 0.8484375 0.0875 0.8484375
1 0.040625 0.625 0.1640625 0.625 0.1640625 0.765625 0.040625 0.765625
1 0.11875 0.275 0.2515625 0.275 0.2515625 0.434375 0.11875 0.434375
1 0.3734375 0.25 0.509375 0.25 0.509375 0.41875 0.3734375 0.41875
0 0.46875 0.675 0.5265625 0.675 0.5265625 0.7484375 0.46875 0.7484375
0 0.6671875 0.703125 0.7296875 0.703125 0.7296875 0.7828125 0.6671875 0.7828125
0 0.4484375 0.375 0.490625 0.375 0.490625 0.43125 0.4484375 0.43125
0 0.1984375 0.53125 0.2578125 0.53125 0.2578125 0.6078125 0.1984375 0.6078125