1 0.29375 0.51875 0.3890625 0.51875 0.3890625 0.65 0.29375 0.65
1 0.4984375 0.515625 0.5828125 0.515625 0.5828125 0.621875 0.4984375 0.621875
1 0.440625 0.390625 0.546875 0.390625 0.546875 0.525 0.440625 0.525
1 0.540625 0.2625 0.6515625 0.2625 0.6515625 0.40625 0.540625 0.40625
1 0.7828125 0.23125 0.9 0.23125 0.9 0.40625 0.7828125 0.40625
1 0.7578125 0.55625 0.8609375 0.55625 0.8609375 0.69375 0.7578125 0.69375
1 0.859375 0.4984375 0.9765625 0.4984375 0.9765625 0.64375 0.859375 0.64375
1 0.815625 0.7109375 0.9453125 0.7109375 0.9453125 0.8703125 0.815625 0.8703125
1 0.9046875 0.8296875 0.9984375 0.8296875 0.9984375 1 0.9046875 1
1 0.628125 0.8171875 0.74375 0.8171875 0.74375 0.9828125 0.628125 0.9828125
1 0.459375 0.81875 0.58125 0.81875 0.58125 0.9703125 0.459375 0.9703125
1 0.5640625 0.7359375 0.6453125 0.7359375 0.6453125 0.871875 0.5640625 0.871875
1 0.584375 0.5609375 0.684375 0.5609375 0.684375 0.6890625 0.584375 0.6890625
1 0.91875 0.1984375 0.9984375 0.1984375 0.9984375 0.3375 0.91875 0.3375
1 0.315625 0.7015625 0.4078125 0.7015625 0.4078125 0.8171875 0.315625 0.8171875
1 0.228125 0.8328125 0.3421875 0.8328125 0.3421875 0.9875 0.228125 0.9875
1 0.1203125 0.878125 0.2234375 0.878125 0.2234375 0.9984375 0.1203125 0.9984375
1 0.140625 0.634375 0.234375 0.634375 0.234375 0.7625 0.140625 0.7625
1 0.121875 0.5078125 0.209375 0.5078125 0.209375 0.621875 0.121875 0.621875
1 0.16875 0.3953125 0.2515625 0.3953125 0.2515625 0.5140625 0.16875 0.5140625
1 0.315625 0.3671875 0.4078125 0.3671875 0.4078125 0.4875 0.315625 0.4875
1 0.30625 0.078125 0.4 0.078125 0.4 0.184375 0.30625 0.184375
1 0.45 0.0578125 0.55 0.0578125 0.55 0.1921875 0.45 0.1921875
1 0.325 0.215625 0.4515625 0.215625 0.4515625 0.375 0.325 0.375
1 0.2296875 0.26875 0.3421875 0.26875 0.3421875 0.4 0.2296875 0.4
1 0.0125 0.53125 0.1125 0.53125 0.1125 0.6484375 0.0125 0.6484375
1 0 0.446875 0.096875 0.446875 0.096875 0.5484375 0 0.5484375
1 0.23125 0.1953125 0.3203125 0.1953125 0.3203125 0.3 0.23125 0.3
1 0.446875 0.3234375 0.5390625 0.3234375 0.5390625 0.44375 0.446875 0.44375
0 0.3421875 0.721875 0.3765625 0.721875 0.3765625 0.778125 0.3421875 0.778125
0 0.4875 0.86875 0.5265625 0.86875 0.5265625 0.9296875 0.4875 0.9296875
0 0.934375 0.8953125 0.9875 0.8953125 0.9875 0.9625 0.934375 0.9625
0 0.953125 0.25625 0.98125 0.25625 0.98125 0.2984375 0.953125 0.2984375
0 0.4703125 0.4390625 0.496875 0.4390625 0.496875 0.484375 0.4703125 0.484375
0 0.1890625 0.434375 0.2265625 0.434375 0.2265625 0.4890625 0.1890625 0.4890625
0 0.1421875 0.91875 0.175 0.91875 0.175 0.9609375 0.1421875 0.9609375