1 0.33125 0.584375 0.434375 0.584375 0.434375 0.734375 0.33125 0.734375
1 0.53125 0.603125 0.6234375 0.603125 0.6234375 0.7265625 0.53125 0.7265625
1 0.45625 0.4671875 0.578125 0.4671875 0.578125 0.628125 0.45625 0.628125
1 0.540625 0.3484375 0.6671875 0.3484375 0.6671875 0.521875 0.540625 0.521875
1 0.78125 0.3484375 0.909375 0.3484375 0.909375 0.54375 0.78125 0.54375
1 0.7890625 0.66875 0.9140625 0.66875 0.9140625 0.8359375 0.7890625 0.8359375
1 0.884375 0.6203125 1 0.6203125 1 0.7984375 0.884375 0.7984375
1 0.875 0.8359375 1 0.8359375 1 1 0.875 1
1 0.96875 0.9609375 1 0.9609375 1 1 0.96875 1
1 0.7 0.9203125 0.8296875 0.9203125 0.8296875 1 0.7 1
1 0.5265625 0.8984375 0.671875 0.8984375 0.671875 1 0.5265625 1
1 0.6234375 0.8328125 0.7203125 0.8328125 0.7203125 0.9875 0.6234375 0.9875
1 0.6265625 0.6609375 0.73125 0.6609375 0.73125 0.8046875 0.6265625 0.8046875
1 0.9 0.3234375 1 0.3234375 1 0.490625 0.9 0.490625
1 0.36875 0.7640625 0.48125 0.7640625 0.48125 0.9109375 0.36875 0.9109375
1 0.3 0.8890625 0.4328125 0.8890625 0.4328125 1 0.3 1
1 0.1984375 0.9203125 0.315625 0.9203125 0.315625 1 0.1984375 1
1 0.184375 0.6765625 0.3046875 0.6765625 0.3046875 0.8375 0.184375 0.8375
1 0.1515625 0.5484375 0.259375 0.5484375 0.259375 0.690625 0.1515625 0.690625
1 0.1890625 0.4453125 0.28125 0.4453125 0.28125 0.58125 0.1890625 0.58125
1 0.3328125 0.4328125 0.4328125 0.4328125 0.4328125 0.571875 0.3328125 0.571875
1 0.28125 0.1359375 0.3890625 0.1359375 0.3890625 0.2671875 0.28125 0.2671875
1 0.41875 0.128125 0.54375 0.128125 0.54375 0.296875 0.41875 0.296875
1 0.31875 0.278125 0.4640625 0.278125 0.4640625 0.4671875 0.31875 0.4671875
1 0.228125 0.31875 0.3625 0.31875 0.3625 0.48125 0.228125 0.48125
1 0.046875 0.559375 0.1640625 0.559375 0.1640625 0.70625 0.046875 0.70625
1 0.028125 0.48125 0.1296875 0.48125 0.1296875 0.5953125 0.028125 0.5953125
1 0.21875 0.2453125 0.3265625 0.2453125 0.3265625 0.378125 0.21875 0.378125
1 0.4546875 0.4 0.559375 0.4 0.559375 0.5453125 0.4546875 0.5453125
0 0.4015625 0.7953125 0.4421875 0.7953125 0.4421875 0.8609375 0.4015625 0.8609375
0 0.5640625 0.959375 0.6109375 0.959375 0.6109375 1 0.5640625 1
0 0.9484375 0.39375 0.98125 0.39375 0.98125 0.44375 0.9484375 0.44375
0 0.4921875 0.5265625 0.521875 0.5265625 0.521875 0.5765625 0.4921875 0.5765625
0 0.2109375 0.4875 0.25625 0.4875 0.25625 0.5515625 0.2109375 0.5515625
0 0.2265625 0.971875 0.265625 0.971875 0.265625 1 0.2265625 1