1 0.2890625 0.4640625 0.6125 0.4640625 0.6125 0.8421875 0.2890625 0.8421875
1 0 0.54375 0.3515625 0.54375 0.3515625 0.96875 0 0.96875
1 0.39375 0.284375 0.7046875 0.284375 0.7046875 0.6515625 0.39375 0.6515625
1 0.646875 0.2828125 0.8828125 0.2828125 0.8828125 0.5578125 0.646875 0.5578125
1 0.7546875 0.4109375 0.9953125 0.4109375 0.9953125 0.8625 0.7546875 0.8625
1 0.6046875 0.6015625 0.9921875 0.6015625 0.9921875 1 0.6046875 1
1 0.4 0.6640625 0.83125 0.6640625 0.83125 1 0.4 1
1 0.2390625 0.678125 0.703125 0.678125 0.703125 1 0.2390625 1
1 0.2125 0.359375 0.4484375 0.359375 0.4484375 0.6375 0.2125 0.6375
1 0.2375 0.1296875 0.5265625 0.1296875 0.5265625 0.46875 0.2375 0.46875
1 0.1109375 0.0484375 0.41875 0.0484375 0.41875 0.4046875 0.1109375 0.4046875