1 0.296875 0.21875 0.640625 0.21875 0.640625 0.5828125 0.296875 0.5828125
1 0.0828125 0 0.4703125 0 0.4703125 0.3625 0.0828125 0.3625
1 0.5140625 0.2734375 0.8546875 0.2734375 0.8546875 0.634375 0.5140625 0.634375
1 0.6640625 0.50625 0.934375 0.50625 0.934375 0.79375 0.6640625 0.79375
1 0.4328125 0.671875 0.828125 0.671875 0.828125 0.9453125 0.4328125 0.9453125
1 0.1609375 0.53125 0.634375 0.53125 0.634375 0.984375 0.1609375 0.984375
1 0.0421875 0.3859375 0.4734375 0.3859375 0.4734375 0.8453125 0.0421875 0.8453125
1 0.021875 0.2125 0.434375 0.2125 0.434375 0.7390625 0.021875 0.7390625
1 0.45625 0.1171875 0.7109375 0.1171875 0.7109375 0.3890625 0.45625 0.3890625
1 0.634375 0.0859375 0.9609375 0.0859375 0.9609375 0.4328125 0.634375 0.4328125
1 0.6703125 0 0.9921875 0 0.9921875 0.303125 0.6703125 0.303125