1 0.29375 0.45 0.5140625 0.45 0.5140625 0.721875 0.29375 0.721875
1 0 0.328125 0.2328125 0.328125 0.2328125 0.6640625 0 0.6640625
1 0.5015625 0.3703125 0.7140625 0.3703125 0.7140625 0.65 0.5015625 0.65
1 0.734375 0.496875 0.921875 0.496875 0.921875 0.7125 0.734375 0.7125
1 0.7015625 0.7078125 0.971875 0.7078125 0.971875 1 0.7015625 1
1 0.4234375 0.76875 0.7765625 0.76875 0.7765625 1 0.4234375 1
1 0.234375 0.66875 0.5203125 0.66875 0.5203125 1 0.234375 1
1 0.0515625 0.584375 0.4078125 0.584375 0.4078125 1 0.0515625 1
1 0.3140625 0.3 0.478125 0.3 0.478125 0.509375 0.3140625 0.509375
1 0.4625 0.159375 0.675 0.159375 0.675 0.4265625 0.4625 0.4265625
1 0.3984375 0.0546875 0.625 0.0546875 0.625 0.2921875 0.3984375 0.2921875
1 0 0.0328125 0.1390625 0.0328125 0.1390625 0.13125 0 0.13125