1 0.321875 0.4 0.5296875 0.4 0.5296875 0.64375 0.321875 0.64375
1 0 0.309375 0.2328125 0.309375 0.2328125 0.584375 0 0.584375
1 0.5359375 0.3140625 0.7328125 0.3140625 0.7328125 0.5609375 0.5359375 0.5609375
1 0.765625 0.428125 0.934375 0.428125 0.934375 0.6125 0.765625 0.6125
1 0.740625 0.659375 0.996875 0.659375 0.996875 0.9375 0.740625 0.9375
1 0.440625 0.7140625 0.78125 0.7140625 0.78125 0.996875 0.440625 0.996875
1 0.2796875 0.6375 0.4984375 0.6375 0.4984375 0.9828125 0.2796875 0.9828125
1 0.096875 0.5671875 0.3890625 0.5671875 0.3890625 0.940625 0.096875 0.940625
1 0.3515625 0.25 0.5 0.25 0.5 0.434375 0.3515625 0.434375
1 0.50625 0.10625 0.7 0.10625 0.7 0.3390625 0.50625 0.3390625
1 0.44375 0.0015625 0.6578125 0.0015625 0.6578125 0.209375 0.44375 0.209375
1 0.003125 0 0.18125 0 0.18125 0.0765625 0.003125 0.0765625