1 0.2734375 0.2890625 0.5625 0.2890625 0.5625 0.61875 0.2734375 0.61875
1 0.0015625 0.1015625 0.328125 0.1015625 0.328125 0.4734375 0.0015625 0.4734375
1 0.5015625 0.2734375 0.7828125 0.2734375 0.7828125 0.603125 0.5015625 0.603125
1 0.6921875 0.45625 0.9203125 0.45625 0.9203125 0.7125 0.6921875 0.7125
1 0.5390625 0.6609375 0.8859375 0.6609375 0.8859375 0.9515625 0.5390625 0.9515625
1 0.2390625 0.6140625 0.6671875 0.6140625 0.6671875 0.978125 0.2390625 0.978125
1 0.096875 0.5015625 0.4375 0.5015625 0.4375 0.934375 0.096875 0.934375
1 0 0.371875 0.3671875 0.371875 0.3671875 0.8625 0 0.8625
1 0.3828125 0.159375 0.5953125 0.159375 0.5953125 0.40625 0.3828125 0.40625
1 0.5625 0.0671875 0.8359375 0.0671875 0.8359375 0.38125 0.5625 0.38125
1 0.5578125 0 0.8390625 0 0.8390625 0.2453125 0.5578125 0.2453125