1 0.321875 0.4 0.5296875 0.4 0.5296875 0.64375 0.321875 0.64375
1 0 0.3109375 0.2328125 0.3109375 0.2328125 0.5828125 0 0.5828125
1 0.5390625 0.315625 0.728125 0.315625 0.728125 0.5609375 0.5390625 0.5609375
1 0.7734375 0.434375 0.9265625 0.434375 0.9265625 0.6078125 0.7734375 0.6078125
1 0.728125 0.646875 0.9984375 0.646875 0.9984375 0.95 0.728125 0.95
1 0.4515625 0.7296875 0.76875 0.7296875 0.76875 0.9984375 0.4515625 0.9984375
1 0.2671875 0.6296875 0.5125 0.6296875 0.5125 0.990625 0.2671875 0.990625
1 0.1015625 0.5703125 0.384375 0.5703125 0.384375 0.9375 0.1015625 0.9375
1 0.353125 0.2515625 0.5 0.2515625 0.5 0.434375 0.353125 0.434375
1 0.5125 0.1125 0.6953125 0.1125 0.6953125 0.3328125 0.5125 0.3328125
1 0.4421875 0.0015625 0.659375 0.0015625 0.659375 0.2109375 0.4421875 0.2109375
1 0.0046875 0.003125 0.178125 0.003125 0.178125 0.06875 0.0046875 0.06875