1 0.3296875 0.3015625 0.5875 0.3015625 0.5875 0.603125 0.3296875 0.603125
1 0.0171875 0.20625 0.2984375 0.20625 0.2984375 0.54375 0.0171875 0.54375
1 0.5515625 0.2171875 0.7921875 0.2171875 0.7921875 0.5171875 0.5515625 0.5171875
1 0.7890625 0.340625 0.978125 0.340625 0.978125 0.559375 0.7890625 0.559375
1 0.709375 0.540625 1 0.540625 1 0.90625 0.709375 0.90625
1 0.43125 0.6171875 0.803125 0.6171875 0.803125 0.946875 0.43125 0.946875
1 0.2421875 0.5265625 0.5625 0.5265625 0.5625 0.959375 0.2421875 0.959375
1 0.0796875 0.4609375 0.440625 0.4609375 0.440625 0.9109375 0.0796875 0.9109375
1 0.3796875 0.1578125 0.5640625 0.1578125 0.5640625 0.3828125 0.3796875 0.3828125
1 0.5421875 0.0125 0.771875 0.0125 0.771875 0.2859375 0.5421875 0.2859375
1 0.4828125 0 0.7421875 0 0.7421875 0.1671875 0.4828125 0.1671875
1 0.06875 0 0.2515625 0 0.2515625 0.01875 0.06875 0.01875