1 0.2796875 0.3734375 0.5671875 0.3734375 0.5671875 0.715625 0.2796875 0.715625
1 0.0375 0.0609375 0.3984375 0.0609375 0.3984375 0.4890625 0.0375 0.4890625
1 0.4984375 0.459375 0.7859375 0.459375 0.7859375 0.8046875 0.4984375 0.8046875
1 0.6515625 0.70625 0.8890625 0.70625 0.8890625 0.9828125 0.6515625 0.9828125
1 0.4296875 0.8296875 0.815625 0.8296875 0.815625 1 0.4296875 1
1 0.1671875 0.6875 0.584375 0.6875 0.584375 1 0.1671875 1
1 0.0265625 0.48125 0.428125 0.48125 0.428125 0.975 0.0265625 0.975
1 0 0.3171875 0.3765625 0.3171875 0.3765625 0.8671875 0 0.8671875
1 0.41875 0.284375 0.6359375 0.284375 0.6359375 0.5453125 0.41875 0.5453125
1 0.6015625 0.2875 0.88125 0.2875 0.88125 0.6203125 0.6015625 0.6203125
1 0.628125 0.171875 0.90625 0.171875 0.90625 0.4921875 0.628125 0.4921875