1 0.33125 0.4078125 0.5203125 0.4078125 0.5203125 0.6359375 0.33125 0.6359375
1 0 0.3046875 0.240625 0.3046875 0.240625 0.5890625 0 0.5890625
1 0.54375 0.31875 0.7234375 0.31875 0.7234375 0.55625 0.54375 0.55625
1 0.76875 0.43125 0.93125 0.43125 0.93125 0.609375 0.76875 0.609375
1 0.734375 0.6515625 0.9984375 0.6515625 0.9984375 0.9453125 0.734375 0.9453125
1 0.4515625 0.7296875 0.76875 0.7296875 0.76875 0.9984375 0.4515625 0.9984375
1 0.2703125 0.6328125 0.5078125 0.6328125 0.5078125 0.9875 0.2703125 0.9875
1 0.090625 0.5625 0.3953125 0.5625 0.3953125 0.9453125 0.090625 0.9453125
1 0.35625 0.253125 0.4953125 0.253125 0.4953125 0.43125 0.35625 0.43125
1 0.5125 0.1109375 0.6953125 0.1109375 0.6953125 0.334375 0.5125 0.334375
1 0.45 0.0078125 0.6515625 0.0078125 0.6515625 0.203125 0.45 0.203125
1 0.0046875 0.003125 0.178125 0.003125 0.178125 0.06875 0.0046875 0.06875