0 460.16 276.787799 583.68 389.55314799999996
0 9.6 388.912494 126.08 476.690288
0 101.12 535.63592 194.56 617.647145
0 224.64 338.937384 348.16 430.559102
0 373.12 3.8446070000000003 443.52 67.274817
0 378.24 103.79551 485.76 189.010005
0 414.72 512.570327 522.24 595.222206
0 488.32 0.0 590.72 31.394778
0 586.88 378.02069300000005 688.0 455.546657
0 609.28 614.443875 719.36 682.359346
0 619.52 535.63592 753.28 620.2104439999999
0 641.92 328.685554 724.48 404.289556
0 732.16 307.541923 796.8 367.769546
0 758.4 405.571547 853.12 488.86407999999994
0 840.32 128.783065 974.08 237.70449
0 930.56 451.702733 997.76 513.851635
