1 0.025 0.53125 0.21875 0.53125 0.21875 0.7421875 0.025 0.7421875
1 0.2203125 0.6171875 0.4671875 0.6171875 0.4671875 0.8796875 0.2203125 0.8796875
1 0.3859375 0.240625 0.615625 0.240625 0.615625 0.4828125 0.3859375 0.4828125
1 0.63125 0.2265625 0.83125 0.2265625 0.83125 0.4375 0.63125 0.4375
1 0.6453125 0 0.890625 0 0.890625 0.2390625 0.6453125 0.2390625
1 0.271875 0 0.4921875 0 0.4921875 0.215625 0.271875 0.215625
1 0.4421875 0.4828125 0.7359375 0.4828125 0.7359375 0.790625 0.4421875 0.790625
1 0.6765625 0.4953125 0.978125 0.4953125 0.978125 0.8015625 0.6765625 0.8015625
1 0.0578125 0.2078125 0.3375 0.2078125 0.3375 0.496875 0.0578125 0.496875
0 0.6953125 0.275 0.7734375 0.275 0.7734375 0.3609375 0.6953125 0.3609375
0 0.725 0.065625 0.8125 0.065625 0.8125 0.1609375 0.725 0.1609375
0 0.4546875 0.3171875 0.5484375 0.3171875 0.5484375 0.415625 0.4546875 0.415625
0 0.1546875 0.309375 0.2390625 0.309375 0.2390625 0.396875 0.1546875 0.396875