1 0.046875 0.196875 0.225 0.196875 0.225 0.3859375 0.046875 0.3859375
1 0.0921875 0.4296875 0.2953125 0.4296875 0.2953125 0.65625 0.0921875 0.65625
1 0.4890625 0.34375 0.678125 0.34375 0.678125 0.5546875 0.4890625 0.5546875
1 0.6703125 0.5375 0.83125 0.5375 0.83125 0.7140625 0.6703125 0.7140625
1 0.834375 0.4140625 1 0.4140625 1 0.6359375 0.834375 0.6359375
1 0.621875 0.1078125 0.7875 0.1078125 0.7875 0.2875 0.621875 0.2875
1 0.3140625 0.5609375 0.5515625 0.5609375 0.5515625 0.80625 0.3140625 0.80625
1 0.44375 0.7734375 0.7046875 0.7734375 0.7046875 1 0.44375 1
1 0.278125 0.071875 0.5203125 0.071875 0.5203125 0.309375 0.278125 0.309375
0 0.7296875 0.58125 0.7953125 0.58125 0.7953125 0.659375 0.7296875 0.659375
0 0.9 0.4875 0.975 0.4875 0.975 0.5703125 0.9 0.5703125
0 0.5421875 0.4125 0.6171875 0.4125 0.6171875 0.4953125 0.5421875 0.4953125
0 0.3625 0.1546875 0.4328125 0.1546875 0.4328125 0.225 0.3625 0.225