1 0.1046875 0 0.3265625 0 0.3265625 0.2375 0.1046875 0.2375
1 0.0140625 0.225 0.271875 0.225 0.271875 0.51875 0.0140625 0.51875
1 0.428125 0.196875 0.6671875 0.196875 0.6671875 0.471875 0.428125 0.471875
1 0.5140625 0.4171875 0.715625 0.4171875 0.715625 0.6484375 0.5140625 0.6484375
1 0.7078125 0.315625 0.9578125 0.315625 0.9578125 0.60625 0.7078125 0.60625
1 0.6828125 0 0.890625 0 0.890625 0.21875 0.6828125 0.21875
1 0.1484375 0.3828125 0.4390625 0.3828125 0.4390625 0.709375 0.1484375 0.709375
1 0.16875 0.60625 0.4734375 0.60625 0.4734375 0.934375 0.16875 0.934375
1 0.3625 0 0.6546875 0 0.6546875 0.2109375 0.3625 0.2109375
0 0.584375 0.4796875 0.671875 0.4796875 0.671875 0.5796875 0.584375 0.5796875
0 0.7890625 0.4109375 0.88125 0.4109375 0.88125 0.5171875 0.7890625 0.5171875
0 0.4953125 0.284375 0.5890625 0.284375 0.5890625 0.390625 0.4953125 0.390625
0 0.4640625 0.0015625 0.55 0.0015625 0.55 0.096875 0.4640625 0.096875