1 0.1828125 0.034375 0.378125 0.034375 0.378125 0.2390625 0.1828125 0.2390625
1 0.075 0.2453125 0.3171875 0.2453125 0.3171875 0.4984375 0.075 0.4984375
1 0.484375 0.375 0.709375 0.375 0.709375 0.6078125 0.484375 0.6078125
1 0.5546875 0.6171875 0.7484375 0.6171875 0.7484375 0.821875 0.5546875 0.821875
1 0.75625 0.6078125 0.996875 0.6078125 0.996875 0.85625 0.75625 0.85625
1 0.7328125 0.234375 0.9484375 0.234375 0.9484375 0.459375 0.7328125 0.459375
1 0.1921875 0.4578125 0.478125 0.4578125 0.478125 0.75625 0.1921875 0.75625
1 0.20625 0.696875 0.4984375 0.696875 0.4984375 0.9953125 0.20625 0.9953125
1 0.434375 0.046875 0.70625 0.046875 0.70625 0.3265625 0.434375 0.3265625
0 0.6265625 0.6796875 0.7046875 0.6796875 0.7046875 0.7609375 0.6265625 0.7609375
0 0.828125 0.6890625 0.915625 0.6890625 0.915625 0.78125 0.828125 0.78125
0 0.546875 0.4453125 0.6359375 0.4453125 0.6359375 0.540625 0.546875 0.540625
0 0.5296875 0.1453125 0.609375 0.1453125 0.609375 0.228125 0.5296875 0.228125