1 0.015625 0.284375 0.1578125 0.284375 0.1578125 0.440625 0.015625 0.440625
1 0.0984375 0.503125 0.2578125 0.503125 0.2578125 0.6953125 0.0984375 0.6953125
1 0.471875 0.325 0.61875 0.325 0.61875 0.503125 0.471875 0.503125
1 0.6703125 0.4734375 0.7953125 0.4734375 0.7953125 0.6234375 0.6703125 0.6234375
1 0.81875 0.3125 0.9890625 0.3125 0.9890625 0.4953125 0.81875 0.4953125
1 0.5625 0.059375 0.6953125 0.059375 0.6953125 0.2078125 0.5625 0.2078125
1 0.3359375 0.58125 0.5265625 0.58125 0.5265625 0.7828125 0.3359375 0.7828125
1 0.4890625 0.7609375 0.7078125 0.7609375 0.7078125 0.94375 0.4890625 0.94375
1 0.23125 0.103125 0.428125 0.103125 0.428125 0.2953125 0.23125 0.2953125
0 0.71875 0.50625 0.76875 0.50625 0.76875 0.5734375 0.71875 0.5734375
0 0.8734375 0.3734375 0.93125 0.3734375 0.93125 0.4421875 0.8734375 0.4421875
0 0.5140625 0.3828125 0.571875 0.3828125 0.571875 0.453125 0.5140625 0.453125
0 0.3 0.1703125 0.3578125 0.1703125 0.3578125 0.228125 0.3 0.228125