1 0.1140625 0.0890625 0.315625 0.0890625 0.315625 0.2828125 0.1140625 0.2828125
1 0.075 0.309375 0.334375 0.309375 0.334375 0.565625 0.075 0.565625
1 0.5046875 0.340625 0.728125 0.340625 0.728125 0.5625 0.5046875 0.5625
1 0.634375 0.5609375 0.8375 0.5609375 0.8375 0.759375 0.634375 0.759375
1 0.8328125 0.5015625 1 0.5015625 1 0.7265625 0.8328125 0.7265625
1 0.703125 0.146875 0.90625 0.146875 0.90625 0.3453125 0.703125 0.3453125
1 0.2734375 0.50625 0.5375 0.50625 0.5375 0.759375 0.2734375 0.759375
1 0.346875 0.7359375 0.634375 0.7359375 0.634375 0.9890625 0.346875 0.9890625
1 0.3640625 0.03125 0.6421875 0.03125 0.6421875 0.290625 0.3640625 0.290625
0 0.7109375 0.61875 0.7875 0.61875 0.7875 0.696875 0.7109375 0.696875
0 0.9015625 0.5734375 0.99375 0.5734375 0.99375 0.6640625 0.9015625 0.6640625
0 0.56875 0.4109375 0.65625 0.4109375 0.65625 0.4984375 0.56875 0.4984375
0 0.459375 0.1203125 0.54375 0.1203125 0.54375 0.1984375 0.459375 0.1984375