1 0.021875 0.2890625 0.1515625 0.2890625 0.1515625 0.4359375 0.021875 0.4359375
1 0.1015625 0.5046875 0.2546875 0.5046875 0.2546875 0.6921875 0.1015625 0.6921875
1 0.475 0.3265625 0.6171875 0.3265625 0.6171875 0.5 0.475 0.5
1 0.6703125 0.4734375 0.7953125 0.4734375 0.7953125 0.6234375 0.6703125 0.6234375
1 0.8234375 0.315625 0.984375 0.315625 0.984375 0.4921875 0.8234375 0.4921875
1 0.5578125 0.053125 0.7 0.053125 0.7 0.2140625 0.5578125 0.2140625
1 0.334375 0.578125 0.528125 0.578125 0.528125 0.784375 0.334375 0.784375
1 0.4875 0.759375 0.7078125 0.759375 0.7078125 0.9453125 0.4875 0.9453125
1 0.234375 0.10625 0.4265625 0.10625 0.4265625 0.29375 0.234375 0.29375
0 0.721875 0.5078125 0.7671875 0.5078125 0.7671875 0.571875 0.721875 0.571875
0 0.875 0.375 0.9296875 0.375 0.9296875 0.4421875 0.875 0.4421875
0 0.5140625 0.3828125 0.571875 0.3828125 0.571875 0.453125 0.5140625 0.453125
0 0.3 0.1703125 0.35625 0.1703125 0.35625 0.228125 0.3 0.228125