1 0.0203125 0.2890625 0.153125 0.2890625 0.153125 0.4359375 0.0203125 0.4359375
1 0.0953125 0.4984375 0.2609375 0.4984375 0.2609375 0.6984375 0.0953125 0.6984375
1 0.475 0.3265625 0.6171875 0.3265625 0.6171875 0.5 0.475 0.5
1 0.66875 0.471875 0.7984375 0.471875 0.7984375 0.625 0.66875 0.625
1 0.8265625 0.31875 0.9828125 0.31875 0.9828125 0.4890625 0.8265625 0.4890625
1 0.5625 0.0578125 0.6953125 0.0578125 0.6953125 0.209375 0.5625 0.209375
1 0.34375 0.5859375 0.51875 0.5859375 0.51875 0.7765625 0.34375 0.7765625
1 0.4921875 0.7671875 0.703125 0.7671875 0.703125 0.9375 0.4921875 0.9375
1 0.234375 0.10625 0.4265625 0.10625 0.4265625 0.29375 0.234375 0.29375
0 0.721875 0.5078125 0.7671875 0.5078125 0.7671875 0.571875 0.721875 0.571875
0 0.8734375 0.3734375 0.93125 0.3734375 0.93125 0.4421875 0.8734375 0.4421875
0 0.5140625 0.384375 0.5703125 0.384375 0.5703125 0.4515625 0.5140625 0.4515625
0 0.3 0.1703125 0.3578125 0.1703125 0.3578125 0.228125 0.3 0.228125