1 0.0078125 0.475 0.1734375 0.475 0.1734375 0.6984375 0.0078125 0.6984375
1 0.153125 0.6390625 0.396875 0.6390625 0.396875 0.9359375 0.153125 0.9359375
1 0.4015625 0.3671875 0.6109375 0.3671875 0.6109375 0.6265625 0.4015625 0.6265625
1 0.640625 0.4546875 0.83125 0.4546875 0.83125 0.6875 0.640625 0.6875
1 0.7046875 0.246875 0.9265625 0.246875 0.9265625 0.5109375 0.7046875 0.5109375
1 0.3484375 0.084375 0.5390625 0.084375 0.5390625 0.3140625 0.3484375 0.3140625
1 0.4125 0.6421875 0.6609375 0.6421875 0.6609375 0.9390625 0.4125 0.9390625
1 0.6296875 0.75625 0.9 0.75625 0.9 1 0.6296875 1
1 0.0828125 0.2015625 0.3453125 0.2015625 0.3453125 0.50625 0.0828125 0.50625
0 0.7046875 0.5140625 0.7765625 0.5140625 0.7765625 0.6046875 0.7046875 0.6046875
0 0.7734375 0.3296875 0.859375 0.3296875 0.859375 0.434375 0.7734375 0.434375
0 0.4640625 0.4515625 0.546875 0.4515625 0.546875 0.5515625 0.4640625 0.5515625
0 0.1734375 0.3078125 0.2515625 0.3078125 0.2515625 0.4 0.1734375 0.4