0 103.04 252.174981 179.2 328.979523
0 0.0 108.166635 56.96 222.73330800000002
0 0.0 279.05609400000003 58.24 316.81890599999997
0 0.0 21.761355 63.36 130.567449
0 0.0 209.29241100000002 1023.36 680.3598599999999
0 0.64 0.0 126.08 65.284065
0 16.0 231.69390599999997 62.08 284.176533
0 51.2 200.331813 138.24 295.697691
0 60.8 112.006794 154.88 211.85228999999998
0 89.6 140.808327 193.28 247.054542
0 110.72 0.0 204.8 87.04542
0 152.32 62.083365 236.8 167.049981
0 210.56 0.0 283.52 94.085598
0 245.76 85.76514 359.68 225.293187
0 275.84 12.800757 370.56 120.32725199999999
0 344.32 0.0 428.16 51.843168
0 360.96 62.083365 459.52 181.770477
0 378.24 172.809879 504.32 306.57802799999996
0 425.6 0.0 528.0 56.963606999999996
0 440.96 20.481075 522.24 145.288626
0 462.08 146.568906 559.36 248.97496199999998
0 523.52 0.0 604.16 28.161393
0 528.0 30.721953 635.52 144.008346
0 567.04 544.031832 669.44 648.9984479999999
0 574.72 164.489421 673.28 279.05609400000003
0 604.16 5.760579 696.96 101.765916
0 604.16 65.284065 704.64 175.370439
0 619.52 0.0 716.8 72.964383
0 631.68 290.577252 682.88 385.302309
0 659.2 266.895477 765.44 375.702252
0 666.88 180.490878 794.24 304.018149
0 669.44 476.828028 753.28 595.2348599999999
0 673.28 80.644701 776.96 199.051533
0 674.56 384.02271 733.44 439.065897
0 679.68 611.875776 790.4 680.3598599999999
0 694.4 45.442448999999996 795.52 125.447691
0 714.24 0.0 816.64 66.563664
0 721.92 146.568906 845.44 255.375
0 727.04 419.22428099999996 800.64 450.586374
0 732.16 394.262907 775.68 429.46515899999997
0 750.72 334.099962 858.24 415.384122
0 768.0 435.22573800000004 854.4 528.0310559999999
0 774.4 84.48486 855.68 176.65003800000002
0 787.84 241.934103 908.16 306.57802799999996
0 805.76 0.0 903.04 85.76514
0 808.32 361.621215 899.2 500.509122
0 842.88 120.32725199999999 909.44 238.093944
0 851.84 23.041635 976.64 121.606851
0 879.36 492.828804 1006.72 613.1560559999999
0 890.88 611.875776 977.92 680.3598599999999
0 910.72 205.45225200000002 981.76 279.05609400000003
0 925.44 145.288626 1018.24 210.57269100000002
0 934.4 15.360636 1016.96 87.04542
0 939.52 334.099962 1023.36 456.987093
0 947.84 235.534065 1023.36 314.258346
