0 270.72 192.171525 391.68 289.538431
0 0.0 222.27896800000002 15.36 249.823363
0 0.0 160.783319 37.12 206.905246
0 14.08 231.246592 46.72 259.431749
0 16.64 272.88394600000004 45.44 296.585291
0 34.56 159.502556 53.12 202.420673
0 69.12 540.002556 83.2 554.0947540000001
0 70.4 381.140762 119.04 413.809731
0 71.68 192.171525 104.32 214.592107
0 94.08 488.756816 126.72 506.052063
0 96.64 342.706457 120.32 368.969328
0 97.92 532.956457 112.0 554.0947540000001
0 109.44 257.510224 172.8 310.03672700000004
0 131.84 138.363498 176.64 180.641614
0 139.52 365.76704 155.52 381.140762
0 139.52 582.9206730000001 181.76 614.308879
0 159.36 178.719328 193.28 218.435157
0 168.32 362.563991 194.56 386.26533600000005
0 179.2 202.420673 209.28 228.68430500000002
0 183.04 365.76704 214.4 400.998296
0 193.28 304.912153 231.68 317.083587
0 200.32 270.962421 226.56 302.349866
0 209.28 310.03672700000004 230.4 331.175785
0 229.12 347.190269 268.16 372.17237700000004
0 235.52 456.08784700000007 270.72 481.069955
0 245.76 479.788431 288.0 504.7713
0 290.56 407.404394 323.2 443.276412
0 302.72 238.93345300000001 328.96 274.164709
0 307.84 728.971032 334.08 744.3447540000001
0 331.52 383.703049 361.6 409.966681
0 345.6 249.18260099999998 382.72 283.13309399999997
0 362.88 374.73466399999995 394.24 404.842107
0 378.24 503.489776 415.36 527.191121
0 382.72 737.939417 399.36 756.5161879999999
0 412.8 370.891614 437.76 399.717533
0 424.32 349.752556 454.4 383.703049
0 446.72 381.140762 472.96 418.293543
0 455.68 747.5478029999999 490.24 760.359238
0 467.84 495.802915 509.44 525.9095970000001
0 469.12 718.081883 506.88 753.953901
0 492.8 453.52556000000004 516.48 472.10157
0 554.24 723.846458 584.32 748.8293269999999
