0 560.0 619.520256 696.32 705.920256
0 0.0 396.800256 22.4 420.48
0 74.88 513.2797439999999 175.36 606.72
0 90.88 744.320256 146.56 767.360256
0 92.16 193.28025599999998 142.72 235.52025600000002
0 106.88 0.0 155.52 105.60000000000001
0 159.36 460.160256 227.2 545.919744
0 175.36 284.15999999999997 286.72 410.24025599999993
0 220.8 42.24 309.12 112.640256
0 232.32 142.719744 334.08 243.20025599999997
0 237.44 544.640256 275.84 592.640256
0 312.96 597.7597440000001 414.72 675.84
0 376.32 42.24 475.52 156.15974400000002
0 405.76 18.560256000000003 472.96 60.800256000000005
