0 0.0 81.327818 19.84 119.109936
0 0.0 568.0132480000001 73.6 626.927818
0 21.12 479.00065400000005 63.36 498.85231
0 29.44 62.756958000000004 48.64 101.819872
0 76.16 404.076816 106.88 432.894044
0 81.92 461.71059 102.4 476.439744
0 85.76 0.0 228.48 85.170206
0 103.68 375.26027000000005 131.84 411.76159199999995
0 118.4 343.88145000000003 147.2 385.505956
0 138.24 90.292708 163.2 136.4
0 158.08 205.560256 184.32 246.544364
0 174.72 310.582118 207.36 346.443042
0 177.28 210.043042 195.84 238.86027
0 192.0 200.437754 200.96 230.535096
0 199.68 396.392722 225.92 429.051656
0 224.64 382.94436399999995 253.44 434.17483999999996
0 224.64 89.011912 254.72 124.23311999999999
0 233.6 259.352324 266.88 302.897342
0 257.28 249.10595600000002 287.36 288.80926800000003
0 258.56 80.047022 283.52 117.82914000000001
0 303.36 327.872182 325.76 367.575494
0 319.36 322.74899800000003 343.04 352.84702200000004
0 357.12 219.008614 382.72 252.948344
0 375.68 15.36887 400.64 58.914570000000005
0 378.24 361.811912 396.8 391.909936
0 410.88 67.88014199999999 425.6 108.86356799999999
0 417.28 206.841052 449.28 250.386752
0 460.8 199.15695799999997 490.88 238.86027
0 488.32 275.36159200000003 501.76 313.14371
0 488.32 136.4 519.68 180.586098
0 504.32 277.923184 528.0 317.626496
0 519.68 354.127818 538.24 384.22516
0 551.68 165.217228 564.48 215.16622600000002
0 556.8 354.127818 580.48 389.348344
0 592.0 183.788088 605.44 220.28941
0 606.72 425.209268 630.4 451.464904
0 611.84 176.74371000000002 627.2 220.28941
0 620.8 459.148998 638.08 490.527818
0 624.64 315.064904 746.88 396.392722
0 638.08 455.307292 685.44 516.782772
0 645.76 217.727818 666.88 250.386752
0 664.32 221.57020599999998 677.12 251.667548
0 665.6 386.786752 778.24 459.148998
0 682.88 190.191386 787.84 310.582118
0 769.28 180.586098 1014.4 493.08941
