0 108.8 305.480422 813.599744 888.451356
0 0.0 813.2802 261.600256 1017.1998520000001
0 114.400256 92.76321399999999 288.0 244.703786
0 448.799744 617.356938 979.2 1017.1998520000001
0 452.799488 103.15903 731.200512 297.483014
0 466.400256 0.0 513.599488 47.181246
0 620.8 206.319078 802.400256 391.846524
0 753.599488 299.082292 908.000256 458.220124
0 772.799488 195.923262 855.199744 279.889938
0 797.599744 243.10450799999998 892.000256 328.670462
0 900.799488 23.990188 940.8 62.375914
0 923.200512 786.890586 1023.200256 1017.1998520000001
0 939.200512 48.780524 974.400512 75.17013800000001
0 955.200512 0.0 992.0 34.386004
0 980.799488 67.972878 1023.200256 113.555864
