1 0.2078125 0.0890625 0.5546875 0.0890625 0.5546875 0.4 0.2078125 0.4
1 0.4203125 0 0.8328125 0 0.8328125 0.296875 0.4203125 0.296875
1 0.521875 0.0578125 0.9203125 0.0578125 0.9203125 0.415625 0.521875 0.415625
1 0.6078125 0.078125 0.96875 0.078125 0.96875 0.421875 0.6078125 0.421875
1 0.3796875 0.3625 0.671875 0.3625 0.671875 0.6265625 0.3796875 0.6265625
1 0.190625 0.23125 0.496875 0.23125 0.496875 0.509375 0.190625 0.509375
1 0.1578125 0.3484375 0.55 0.3484375 0.55 0.709375 0.1578125 0.709375
1 0.0265625 0.421875 0.353125 0.421875 0.353125 0.7171875 0.0265625 0.7171875
1 0.0234375 0.5546875 0.2703125 0.5546875 0.2703125 0.803125 0.0234375 0.803125
1 0.0796875 0.603125 0.34375 0.603125 0.34375 0.8421875 0.0796875 0.8421875
1 0.1578125 0.759375 0.375 0.759375 0.375 0.9828125 0.1578125 0.9828125
1 0.353125 0.83125 0.7 0.83125 0.7 0.996875 0.353125 0.996875
1 0.35625 0.63125 0.71875 0.63125 0.71875 0.9703125 0.35625 0.9703125
1 0.7171875 0.425 1 0.425 1 0.81875 0.7171875 0.81875
1 0.921875 0.4203125 1 0.4203125 1 0.7015625 0.921875 0.7015625
1 0.4578125 0.8046875 0.80625 0.8046875 0.80625 0.9953125 0.4578125 0.9953125
1 0.309375 0.865625 0.6640625 0.865625 0.6640625 0.996875 0.309375 0.996875
0 0.903125 0.5875 0.9703125 0.5875 0.9703125 0.6515625 0.903125 0.6515625
0 0.5265625 0.7703125 0.575 0.7703125 0.575 0.815625 0.5265625 0.815625
0 0.4953125 0.9640625 0.571875 0.9640625 0.571875 0.9953125 0.4953125 0.9953125
0 0.640625 0.971875 0.696875 0.971875 0.696875 0.99375 0.640625 0.99375
0 0.9328125 0.4515625 0.984375 0.4515625 0.984375 0.4984375 0.9328125 0.4984375
0 0.690625 0.2078125 0.75625 0.2078125 0.75625 0.26875 0.690625 0.26875
0 0.775 0.1859375 0.8640625 0.1859375 0.8640625 0.2640625 0.775 0.2640625
0 0.590625 0.0796875 0.66875 0.0796875 0.66875 0.1484375 0.590625 0.1484375
0 0.340625 0.2140625 0.4125 0.2140625 0.4125 0.278125 0.340625 0.278125
0 0.3078125 0.334375 0.378125 0.334375 0.378125 0.396875 0.3078125 0.396875
0 0.4953125 0.465625 0.565625 0.465625 0.565625 0.5296875 0.4953125 0.5296875
0 0.3140625 0.4875 0.390625 0.4875 0.390625 0.5578125 0.3140625 0.5578125
0 0.1703125 0.521875 0.2375 0.521875 0.2375 0.5828125 0.1703125 0.5828125
0 0.0828125 0.6671875 0.146875 0.6671875 0.146875 0.725 0.0828125 0.725
0 0.165625 0.6765625 0.24375 0.6765625 0.24375 0.746875 0.165625 0.746875
0 0.2015625 0.8734375 0.2421875 0.8734375 0.2421875 0.9140625 0.2015625 0.9140625
1 0.8265625 0.3515625 1 0.3515625 1 0.59375 0.8265625 0.59375