1 0.2328125 0.115625 0.5578125 0.115625 0.5578125 0.4 0.2328125 0.4
1 0.4625 0.025 0.85625 0.025 0.85625 0.346875 0.4625 0.346875
1 0.5515625 0.14375 0.915625 0.14375 0.915625 0.471875 0.5515625 0.471875
1 0.6203125 0.1546875 0.9734375 0.1546875 0.9734375 0.5109375 0.6203125 0.5109375
1 0.3578125 0.396875 0.6421875 0.396875 0.6421875 0.659375 0.3578125 0.659375
1 0.1921875 0.2421875 0.4828125 0.2421875 0.4828125 0.5078125 0.1921875 0.5078125
1 0.1359375 0.353125 0.5109375 0.353125 0.5109375 0.7109375 0.1359375 0.7109375
1 0 0.396875 0.3125 0.396875 0.3125 0.690625 0 0.690625
1 0 0.521875 0.2078125 0.521875 0.2078125 0.7671875 0 0.7671875
1 0.015625 0.56875 0.290625 0.56875 0.290625 0.8296875 0.015625 0.8296875
1 0.08125 0.740625 0.2828125 0.740625 0.2828125 0.9671875 0.08125 0.9671875
1 0.2703125 0.8765625 0.5875 0.8765625 0.5875 1 0.2703125 1
1 0.2921875 0.6640625 0.634375 0.6640625 0.634375 0.996875 0.2921875 0.996875
1 0.684375 0.5328125 0.99375 0.5328125 0.99375 0.9015625 0.684375 0.9015625
1 0.8828125 0.5328125 0.99375 0.5328125 0.99375 0.825 0.8828125 0.825
1 0.3609375 0.846875 0.7109375 0.846875 0.7109375 1 0.3609375 1
1 0.2140625 0.8953125 0.5546875 0.8953125 0.5546875 1 0.2140625 1
0 0.8515625 0.6859375 0.921875 0.6859375 0.921875 0.753125 0.8515625 0.753125
0 0.453125 0.8015625 0.503125 0.8015625 0.503125 0.85 0.453125 0.85
0 0.390625 0.9875 0.46875 0.9875 0.46875 1 0.390625 1
0 0.90625 0.55625 0.9578125 0.55625 0.9578125 0.60625 0.90625 0.60625
0 0.703125 0.278125 0.7671875 0.278125 0.7671875 0.340625 0.703125 0.340625
0 0.7890625 0.271875 0.8765625 0.271875 0.8765625 0.3515625 0.7890625 0.3515625
0 0.6234375 0.1375 0.6984375 0.1375 0.6984375 0.2046875 0.6234375 0.2046875
0 0.35625 0.228125 0.425 0.228125 0.425 0.2890625 0.35625 0.2890625
0 0.303125 0.3390625 0.3734375 0.3390625 0.3734375 0.4015625 0.303125 0.4015625
0 0.4703125 0.503125 0.5375 0.503125 0.5375 0.5609375 0.4703125 0.5609375
0 0.2859375 0.4921875 0.359375 0.4921875 0.359375 0.559375 0.2859375 0.559375
0 0.1375 0.5 0.2046875 0.5 0.2046875 0.5609375 0.1375 0.5609375
0 0.028125 0.6265625 0.0921875 0.6265625 0.0921875 0.6859375 0.028125 0.6859375
0 0.1109375 0.653125 0.1828125 0.653125 0.1828125 0.7203125 0.1109375 0.7203125
0 0.115625 0.846875 0.15625 0.846875 0.15625 0.890625 0.115625 0.890625
1 0.8078125 0.459375 0.9953125 0.459375 0.9953125 0.69375 0.8078125 0.69375