1 0.2671875 0.0078125 0.6109375 0.0078125 0.6109375 0.3203125 0.2671875 0.3203125
1 0.5140625 0 0.9046875 0 0.9046875 0.2328125 0.5140625 0.2328125
1 0.5828125 0.009375 0.9640625 0.009375 0.9640625 0.365625 0.5828125 0.365625
1 0.6609375 0.0234375 1 0.0234375 1 0.39375 0.6609375 0.39375
1 0.378125 0.290625 0.6671875 0.290625 0.6671875 0.565625 0.378125 0.565625
1 0.2234375 0.1453125 0.521875 0.1453125 0.521875 0.4265625 0.2234375 0.4265625
1 0.165625 0.2703125 0.5265625 0.2703125 0.5265625 0.621875 0.165625 0.621875
1 0.0125 0.3046875 0.34375 0.3046875 0.34375 0.634375 0.0125 0.634375
1 0.0171875 0.4515625 0.215625 0.4515625 0.215625 0.7 0.0171875 0.7
1 0.0265625 0.496875 0.296875 0.496875 0.296875 0.7578125 0.0265625 0.7578125
1 0.084375 0.665625 0.2734375 0.665625 0.2734375 0.9 0.084375 0.9
1 0.253125 0.7828125 0.56875 0.7828125 0.56875 0.9671875 0.253125 0.9671875
1 0.296875 0.565625 0.63125 0.565625 0.63125 0.90625 0.296875 0.90625
1 0.6828125 0.396875 1 0.396875 1 0.7984375 0.6828125 0.7984375
1 0.9015625 0.409375 1 0.409375 1 0.7 0.9015625 0.7
1 0.3484375 0.7609375 0.6953125 0.7609375 0.6953125 0.953125 0.3484375 0.953125
1 0.1828125 0.790625 0.5390625 0.790625 0.5390625 0.978125 0.1828125 0.978125
0 0.8640625 0.5609375 0.928125 0.5609375 0.928125 0.6234375 0.8640625 0.6234375
0 0.4546875 0.7078125 0.5015625 0.7078125 0.5015625 0.753125 0.4546875 0.753125
0 0.3796875 0.9015625 0.4484375 0.9015625 0.4484375 0.95 0.3796875 0.95
0 0.928125 0.425 0.9765625 0.425 0.9765625 0.471875 0.928125 0.471875
0 0.74375 0.1578125 0.80625 0.1578125 0.80625 0.221875 0.74375 0.221875
0 0.825 0.140625 0.9203125 0.140625 0.9203125 0.2296875 0.825 0.2296875
0 0.6734375 0.01875 0.75 0.01875 0.75 0.090625 0.6734375 0.090625
0 0.4015625 0.1359375 0.4671875 0.1359375 0.4671875 0.19375 0.4015625 0.19375
0 0.3375 0.25 0.409375 0.25 0.409375 0.3125 0.3375 0.3125
0 0.4921875 0.4015625 0.5609375 0.4015625 0.5609375 0.4625 0.4921875 0.4625
0 0.3109375 0.4046875 0.38125 0.4046875 0.38125 0.4734375 0.3109375 0.4734375
0 0.159375 0.4203125 0.2296875 0.4203125 0.2296875 0.490625 0.159375 0.490625
0 0.04375 0.5625 0.1046875 0.5625 0.1046875 0.6203125 0.04375 0.6203125
0 0.1234375 0.584375 0.1921875 0.584375 0.1921875 0.6484375 0.1234375 0.6484375
0 0.1140625 0.778125 0.1515625 0.778125 0.1515625 0.821875 0.1140625 0.821875
1 0.834375 0.3390625 1 0.3390625 1 0.5578125 0.834375 0.5578125