1 0.415625 0.01875 0.734375 0.01875 0.734375 0.253125 0.415625 0.253125
1 0.6703125 0.0015625 1 0.0015625 1 0.2921875 0.6703125 0.2921875
1 0.6796875 0.1640625 1 0.1640625 1 0.4453125 0.6796875 0.4453125
1 0.7546875 0.2078125 1 0.2078125 1 0.4953125 0.7546875 0.4953125
1 0.4109375 0.3203125 0.671875 0.3203125 0.671875 0.528125 0.4109375 0.528125
1 0.33125 0.115625 0.6046875 0.115625 0.6046875 0.33125 0.33125 0.33125
1 0.2109375 0.2171875 0.55 0.2171875 0.55 0.5109375 0.2109375 0.5109375
1 0.078125 0.196875 0.365625 0.196875 0.365625 0.4296875 0.078125 0.4296875
1 0.0234375 0.2734375 0.215625 0.2734375 0.215625 0.496875 0.0234375 0.496875
1 0.0296875 0.3625 0.265625 0.3625 0.265625 0.5515625 0.0296875 0.5515625
1 0.040625 0.50625 0.18125 0.50625 0.18125 0.7140625 0.040625 0.7140625
1 0.0875 0.7234375 0.4 0.7234375 0.4 0.98125 0.0875 0.98125
1 0.2140625 0.5515625 0.5203125 0.5515625 0.5203125 0.8328125 0.2140625 0.8328125
1 0.6109375 0.5828125 0.9875 0.5828125 0.9875 0.9015625 0.6109375 0.9015625
1 0.8359375 0.6296875 1 0.6296875 1 0.8765625 0.8359375 0.8765625
1 0.18125 0.771875 0.5265625 0.771875 0.5265625 0.9765625 0.18125 0.9765625
1 0.059375 0.7390625 0.35625 0.7390625 0.35625 0.9828125 0.059375 0.9828125
0 0.7734375 0.7171875 0.8328125 0.7171875 0.8328125 0.76875 0.7734375 0.76875
0 0.3609375 0.675 0.4046875 0.675 0.4046875 0.7109375 0.3609375 0.7109375
0 0.209375 0.8328125 0.2796875 0.8328125 0.2796875 0.8875 0.209375 0.8875
0 0.328125 0.909375 0.384375 0.909375 0.384375 0.946875 0.328125 0.946875
0 0.9546875 0.73125 1 0.73125 1 0.7828125 0.9546875 0.7828125
0 0.8859375 0.6125 0.9296875 0.6125 0.9296875 0.65 0.8859375 0.65
0 0.8296875 0.28125 0.8859375 0.28125 0.8859375 0.3328125 0.8296875 0.3328125
0 0.903125 0.315625 0.9859375 0.315625 0.9859375 0.3734375 0.903125 0.3734375
0 0.821875 0.1234375 0.890625 0.1234375 0.890625 0.1796875 0.821875 0.1796875
0 0.5375 0.1109375 0.603125 0.1109375 0.603125 0.1578125 0.5375 0.1578125
0 0.4375 0.1953125 0.503125 0.1953125 0.503125 0.24375 0.4375 0.24375
0 0.5109375 0.40625 0.5765625 0.40625 0.5765625 0.453125 0.5109375 0.453125
0 0.35 0.3296875 0.415625 0.3296875 0.415625 0.3859375 0.35 0.3859375
0 0.2140625 0.2828125 0.275 0.2828125 0.275 0.33125 0.2140625 0.33125
0 0.05625 0.3609375 0.1125 0.3609375 0.1125 0.4078125 0.05625 0.4078125
0 0.1125 0.415625 0.18125 0.415625 0.18125 0.471875 0.1125 0.471875
0 0.0453125 0.590625 0.0671875 0.590625 0.0671875 0.6265625 0.0453125 0.6265625
1 0.7953125 0.53125 1 0.53125 1 0.7265625 0.7953125 0.7265625