1 0.384375 0.16875 0.6890625 0.16875 0.6890625 0.371875 0.384375 0.371875
1 0.6453125 0.2015625 0.9921875 0.2015625 0.9921875 0.440625 0.6453125 0.440625
1 0.6625 0.3578125 0.996875 0.3578125 0.996875 0.596875 0.6625 0.596875
1 0.7359375 0.39375 1 0.39375 1 0.6671875 0.7359375 0.6671875
1 0.3953125 0.4578125 0.646875 0.4578125 0.646875 0.64375 0.3953125 0.64375
1 0.3046875 0.2453125 0.565625 0.2453125 0.565625 0.434375 0.3046875 0.434375
1 0.2015625 0.3453125 0.5109375 0.3453125 0.5109375 0.5890625 0.2015625 0.5890625
1 0.05 0.278125 0.3390625 0.278125 0.3390625 0.509375 0.05 0.509375
1 0.0125 0.353125 0.178125 0.353125 0.178125 0.546875 0.0125 0.546875
1 0.015625 0.4359375 0.24375 0.4359375 0.24375 0.615625 0.015625 0.615625
1 0.021875 0.578125 0.159375 0.578125 0.159375 0.7671875 0.021875 0.7671875
1 0.1109375 0.8375 0.3890625 0.8375 0.3890625 1 0.1109375 1
1 0.221875 0.6703125 0.5046875 0.6703125 0.5046875 0.9109375 0.221875 0.9109375
1 0.6203125 0.7609375 0.978125 0.7609375 0.978125 1 0.6203125 1
1 0.8421875 0.8203125 1 0.8203125 1 1 0.8421875 1
1 0.1984375 0.890625 0.525 0.890625 0.525 1 0.1984375 1
1 0.0390625 0.821875 0.35625 0.821875 0.35625 1 0.0390625 1
0 0.775 0.884375 0.83125 0.884375 0.83125 0.9265625 0.775 0.9265625
0 0.359375 0.778125 0.4 0.778125 0.4 0.8109375 0.359375 0.8109375
0 0.221875 0.91875 0.2828125 0.91875 0.2828125 0.9625 0.221875 0.9625
0 0.9578125 0.9234375 1 0.9234375 1 0.96875 0.9578125 0.96875
0 0.88125 0.7921875 0.921875 0.7921875 0.921875 0.825 0.88125 0.825
0 0.8046875 0.4578125 0.85625 0.4578125 0.85625 0.503125 0.8046875 0.503125
0 0.878125 0.5015625 0.9625 0.5015625 0.9625 0.559375 0.878125 0.559375
0 0.7859375 0.3015625 0.8515625 0.3015625 0.8515625 0.35 0.7859375 0.35
0 0.5015625 0.2484375 0.5609375 0.2484375 0.5609375 0.2859375 0.5015625 0.2859375
0 0.40625 0.315625 0.46875 0.315625 0.46875 0.3578125 0.40625 0.3578125
0 0.49375 0.5375 0.5546875 0.5375 0.5546875 0.5765625 0.49375 0.5765625
0 0.328125 0.4375 0.3890625 0.4375 0.3890625 0.4859375 0.328125 0.4859375
0 0.1859375 0.3671875 0.246875 0.3671875 0.246875 0.4140625 0.1859375 0.4140625
0 0.034375 0.4234375 0.0875 0.4234375 0.0875 0.4640625 0.034375 0.4640625
0 0.0984375 0.490625 0.159375 0.490625 0.159375 0.534375 0.0984375 0.534375
0 0.0296875 0.6453125 0.059375 0.6453125 0.059375 0.68125 0.0296875 0.68125
1 0.8 0.73125 1 0.73125 1 0.884375 0.8 0.884375