1 0.3921875 0.1375 0.684375 0.1375 0.684375 0.3046875 0.3921875 0.3046875
1 0.65 0.15 0.9890625 0.15 0.9890625 0.3640625 0.65 0.3640625
1 0.65625 0.3109375 0.98125 0.3109375 0.98125 0.515625 0.65625 0.515625
1 0.734375 0.3484375 0.9984375 0.3484375 0.9984375 0.5765625 0.734375 0.5765625
1 0.384375 0.428125 0.6234375 0.428125 0.6234375 0.5796875 0.384375 0.5796875
1 0.30625 0.21875 0.55625 0.21875 0.55625 0.378125 0.30625 0.378125
1 0.190625 0.3203125 0.496875 0.3203125 0.496875 0.540625 0.190625 0.540625
1 0.0546875 0.2796875 0.3171875 0.2796875 0.3171875 0.453125 0.0546875 0.453125
1 0 0.3375 0.165625 0.3375 0.165625 0.5203125 0 0.5203125
1 0.0046875 0.4328125 0.21875 0.4328125 0.21875 0.571875 0.0046875 0.571875
1 0 0.5625 0.1296875 0.5625 0.1296875 0.740625 0 0.740625
1 0.0625 0.8078125 0.346875 0.8078125 0.346875 0.996875 0.0625 0.996875
1 0.190625 0.6453125 0.465625 0.6453125 0.465625 0.8625 0.190625 0.8625
1 0.5875 0.721875 0.9296875 0.721875 0.9296875 0.9609375 0.5875 0.9609375
1 0.8109375 0.7640625 0.9984375 0.7640625 0.9984375 0.9765625 0.8109375 0.9765625
1 0.1515625 0.86875 0.4765625 0.86875 0.4765625 0.9984375 0.1515625 0.9984375
1 0 0.8203125 0.303125 0.8203125 0.303125 0.9984375 0 0.9984375
0 0.7359375 0.8234375 0.7890625 0.8234375 0.7890625 0.8609375 0.7359375 0.8609375
0 0.325 0.74375 0.3625 0.74375 0.3625 0.7703125 0.325 0.7703125
0 0.175 0.890625 0.2375 0.890625 0.2375 0.93125 0.175 0.93125
0 0.290625 0.975 0.3421875 0.975 0.3421875 0.9984375 0.290625 0.9984375
0 0.915625 0.853125 0.971875 0.853125 0.971875 0.8921875 0.915625 0.8921875
0 0.8484375 0.7265625 0.8890625 0.7265625 0.8890625 0.7546875 0.8484375 0.7546875
0 0.79375 0.3953125 0.8453125 0.3953125 0.8453125 0.434375 0.79375 0.434375
0 0.86875 0.440625 0.9453125 0.440625 0.9453125 0.48125 0.86875 0.48125
0 0.7875 0.240625 0.85 0.240625 0.85 0.28125 0.7875 0.28125
0 0.503125 0.2015625 0.5640625 0.2015625 0.5640625 0.2359375 0.503125 0.2359375
0 0.403125 0.278125 0.4640625 0.278125 0.4640625 0.3109375 0.403125 0.3109375
0 0.4765625 0.4921875 0.5359375 0.4921875 0.5359375 0.5265625 0.4765625 0.5265625
0 0.315625 0.403125 0.3765625 0.403125 0.3765625 0.4453125 0.315625 0.4453125
0 0.1796875 0.34375 0.2359375 0.34375 0.2359375 0.3796875 0.1796875 0.3796875
0 0.0234375 0.40625 0.0734375 0.40625 0.0734375 0.4421875 0.0234375 0.4421875
0 0.0796875 0.46875 0.1421875 0.46875 0.1421875 0.509375 0.0796875 0.509375
0 0.003125 0.6296875 0.0296875 0.6296875 0.0296875 0.6609375 0.003125 0.6609375
1 0.765625 0.665625 0.975 0.665625 0.975 0.8125 0.765625 0.8125