1 0.3921875 0.1390625 0.684375 0.1390625 0.684375 0.3046875 0.3921875 0.3046875
1 0.653125 0.1578125 0.984375 0.1578125 0.984375 0.3546875 0.653125 0.3546875
1 0.659375 0.3140625 0.978125 0.3140625 0.978125 0.5109375 0.659375 0.5109375
1 0.73125 0.34375 0.9984375 0.34375 0.9984375 0.58125 0.73125 0.58125
1 0.384375 0.4265625 0.625 0.4265625 0.625 0.5828125 0.384375 0.5828125
1 0.30625 0.2203125 0.55625 0.2203125 0.55625 0.3765625 0.30625 0.3765625
1 0.196875 0.328125 0.4921875 0.328125 0.4921875 0.5328125 0.196875 0.5328125
1 0.0484375 0.26875 0.3234375 0.26875 0.3234375 0.4640625 0.0484375 0.4640625
1 0.0015625 0.3421875 0.159375 0.3421875 0.159375 0.515625 0.0015625 0.515625
1 0 0.4265625 0.221875 0.4265625 0.221875 0.578125 0 0.578125
1 0 0.565625 0.125 0.565625 0.125 0.7390625 0 0.7390625
1 0.071875 0.825 0.3390625 0.825 0.3390625 0.9921875 0.071875 0.9921875
1 0.1953125 0.65 0.4625 0.65 0.4625 0.8578125 0.1953125 0.8578125
1 0.5875 0.721875 0.9296875 0.721875 0.9296875 0.9625 0.5875 0.9625
1 0.8078125 0.7625 0.996875 0.7625 0.996875 0.98125 0.8078125 0.98125
1 0.1546875 0.875 0.4734375 0.875 0.4734375 0.996875 0.1546875 0.996875
1 0 0.8140625 0.3046875 0.8140625 0.3046875 0.996875 0 0.996875
0 0.7359375 0.825 0.7890625 0.825 0.7890625 0.8609375 0.7359375 0.8609375
0 0.325 0.74375 0.3625 0.74375 0.3625 0.7703125 0.325 0.7703125
0 0.175 0.8921875 0.2359375 0.8921875 0.2359375 0.928125 0.175 0.928125
0 0.2921875 0.975 0.340625 0.975 0.340625 0.9984375 0.2921875 0.9984375
0 0.915625 0.853125 0.971875 0.853125 0.971875 0.8921875 0.915625 0.8921875
0 0.8484375 0.7265625 0.8875 0.7265625 0.8875 0.7546875 0.8484375 0.7546875
0 0.79375 0.3953125 0.8453125 0.3953125 0.8453125 0.434375 0.79375 0.434375
0 0.8671875 0.4359375 0.946875 0.4359375 0.946875 0.484375 0.8671875 0.484375
0 0.7875 0.240625 0.85 0.240625 0.85 0.28125 0.7875 0.28125
0 0.5046875 0.2046875 0.5625 0.2046875 0.5625 0.2328125 0.5046875 0.2328125
0 0.403125 0.278125 0.4640625 0.278125 0.4640625 0.3109375 0.403125 0.3109375
0 0.4765625 0.49375 0.5359375 0.49375 0.5359375 0.525 0.4765625 0.525
0 0.3171875 0.4046875 0.375 0.4046875 0.375 0.4453125 0.3171875 0.4453125
0 0.1796875 0.3421875 0.2375 0.3421875 0.2375 0.3828125 0.1796875 0.3828125
0 0.0234375 0.4078125 0.0734375 0.4078125 0.0734375 0.440625 0.0234375 0.440625
0 0.0828125 0.471875 0.140625 0.471875 0.140625 0.5078125 0.0828125 0.5078125
0 0.003125 0.6296875 0.0296875 0.6296875 0.0296875 0.6609375 0.003125 0.6609375
1 0.771875 0.675 0.96875 0.675 0.96875 0.803125 0.771875 0.803125