1 0.321875 0.03125 0.6390625 0.03125 0.6390625 0.28125 0.321875 0.28125
1 0.571875 0 0.9515625 0 0.9515625 0.25 0.571875 0.25
1 0.625 0.090625 0.9765625 0.090625 0.9765625 0.3828125 0.625 0.3828125
1 0.6953125 0.1 1 0.1 1 0.434375 0.6953125 0.434375
1 0.3828125 0.3171875 0.6546875 0.3171875 0.6546875 0.553125 0.3828125 0.553125
1 0.2578125 0.1484375 0.5359375 0.1484375 0.5359375 0.384375 0.2578125 0.384375
1 0.16875 0.259375 0.5234375 0.259375 0.5234375 0.5859375 0.16875 0.5859375
1 0.0265625 0.284375 0.3265625 0.284375 0.3265625 0.553125 0.0265625 0.553125
1 0.0125 0.3953125 0.19375 0.3953125 0.19375 0.6296875 0.0125 0.6296875
1 0.0140625 0.4546875 0.26875 0.4546875 0.26875 0.6921875 0.0140625 0.6921875
1 0.046875 0.6203125 0.215625 0.6203125 0.215625 0.84375 0.046875 0.84375
1 0.1796875 0.7921875 0.4828125 0.7921875 0.4828125 0.9796875 0.1796875 0.9796875
1 0.2546875 0.58125 0.571875 0.58125 0.571875 0.8859375 0.2546875 0.8859375
1 0.6625 0.4953125 1 0.4953125 1 0.83125 0.6625 0.83125
1 0.8734375 0.50625 1 0.50625 1 0.784375 0.8734375 0.784375
1 0.2671875 0.7796875 0.61875 0.7796875 0.61875 0.9671875 0.2671875 0.9671875
1 0.115625 0.8078125 0.446875 0.8078125 0.446875 0.9875 0.115625 0.9875
0 0.821875 0.6328125 0.8859375 0.6328125 0.8859375 0.6921875 0.821875 0.6921875
0 0.4046875 0.709375 0.4515625 0.709375 0.4515625 0.753125 0.4046875 0.753125
0 0.2953125 0.8921875 0.371875 0.8921875 0.371875 0.9578125 0.2953125 0.9578125
0 0.9078125 0.50625 0.9546875 0.50625 0.9546875 0.5515625 0.9078125 0.5515625
0 0.771875 0.209375 0.8328125 0.209375 0.8328125 0.26875 0.771875 0.26875
0 0.8546875 0.2140625 0.940625 0.2140625 0.940625 0.2859375 0.8546875 0.2859375
0 0.728125 0.0625 0.7984375 0.0625 0.7984375 0.1234375 0.728125 0.1234375
0 0.4421875 0.128125 0.509375 0.128125 0.509375 0.1828125 0.4421875 0.1828125
0 0.3640625 0.234375 0.43125 0.234375 0.43125 0.290625 0.3640625 0.290625
0 0.4890625 0.4140625 0.55625 0.4140625 0.55625 0.465625 0.4890625 0.465625
0 0.3125 0.384375 0.38125 0.384375 0.38125 0.446875 0.3125 0.446875
0 0.165625 0.378125 0.228125 0.378125 0.228125 0.434375 0.165625 0.434375
0 0.028125 0.4953125 0.0875 0.4953125 0.0875 0.55 0.028125 0.55
0 0.1015625 0.5296875 0.1703125 0.5296875 0.1703125 0.5921875 0.1015625 0.5921875
0 0.065625 0.721875 0.1 0.721875 0.1 0.7625 0.065625 0.7625
1 0.8140625 0.4234375 1 0.4234375 1 0.634375 0.8140625 0.634375