1 0.3953125 0.1484375 0.68125 0.1484375 0.68125 0.2953125 0.3953125 0.2953125
1 0.6515625 0.15625 0.9859375 0.15625 0.9859375 0.3578125 0.6515625 0.3578125
1 0.6625 0.321875 0.975 0.321875 0.975 0.503125 0.6625 0.503125
1 0.73125 0.34375 0.9984375 0.34375 0.9984375 0.58125 0.73125 0.58125
1 0.384375 0.428125 0.6234375 0.428125 0.6234375 0.5796875 0.384375 0.5796875
1 0.309375 0.2234375 0.5546875 0.2234375 0.5546875 0.3734375 0.309375 0.3734375
1 0.190625 0.321875 0.496875 0.321875 0.496875 0.5390625 0.190625 0.5390625
1 0.0546875 0.2796875 0.3171875 0.2796875 0.3171875 0.453125 0.0546875 0.453125
1 0 0.3390625 0.1640625 0.3390625 0.1640625 0.5171875 0 0.5171875
1 0 0.4234375 0.2234375 0.4234375 0.2234375 0.58125 0 0.58125
1 0 0.5625 0.128125 0.5625 0.128125 0.740625 0 0.740625
1 0.071875 0.825 0.3390625 0.825 0.3390625 0.9921875 0.071875 0.9921875
1 0.19375 0.65 0.4625 0.65 0.4625 0.859375 0.19375 0.859375
1 0.59375 0.7328125 0.9234375 0.7328125 0.9234375 0.9515625 0.59375 0.9515625
1 0.80625 0.759375 0.9984375 0.759375 0.9984375 0.98125 0.80625 0.98125
1 0.1515625 0.8640625 0.4765625 0.8640625 0.4765625 0.9984375 0.1515625 0.9984375
1 0.0046875 0.828125 0.3 0.828125 0.3 0.9984375 0.0046875 0.9984375
0 0.734375 0.821875 0.7890625 0.821875 0.7890625 0.8625 0.734375 0.8625
0 0.3234375 0.7421875 0.3640625 0.7421875 0.3640625 0.7703125 0.3234375 0.7703125
0 0.1734375 0.8890625 0.2375 0.8890625 0.2375 0.93125 0.1734375 0.93125
0 0.2921875 0.975 0.340625 0.975 0.340625 0.9984375 0.2921875 0.9984375
0 0.915625 0.853125 0.971875 0.853125 0.971875 0.8921875 0.915625 0.8921875
0 0.8484375 0.725 0.8890625 0.725 0.8890625 0.75625 0.8484375 0.75625
0 0.79375 0.3953125 0.8453125 0.3953125 0.8453125 0.4359375 0.79375 0.4359375
0 0.86875 0.4390625 0.9453125 0.4390625 0.9453125 0.48125 0.86875 0.48125
0 0.7875 0.2421875 0.85 0.2421875 0.85 0.2796875 0.7875 0.2796875
0 0.503125 0.2015625 0.5640625 0.2015625 0.5640625 0.2359375 0.503125 0.2359375
0 0.403125 0.278125 0.4640625 0.278125 0.4640625 0.3109375 0.403125 0.3109375
0 0.4765625 0.4953125 0.5359375 0.4953125 0.5359375 0.5234375 0.4765625 0.5234375
0 0.315625 0.4046875 0.3765625 0.4046875 0.3765625 0.4453125 0.315625 0.4453125
0 0.1796875 0.34375 0.2359375 0.34375 0.2359375 0.3796875 0.1796875 0.3796875
0 0.0234375 0.40625 0.0734375 0.40625 0.0734375 0.4421875 0.0234375 0.4421875
0 0.08125 0.46875 0.140625 0.46875 0.140625 0.509375 0.08125 0.509375
0 0.003125 0.6296875 0.0296875 0.6296875 0.0296875 0.6609375 0.003125 0.6609375
1 0.76875 0.66875 0.9734375 0.66875 0.9734375 0.8109375 0.76875 0.8109375