1 0.375 0.33125 0.5375 0.33125 0.5375 0.5078125 0.375 0.5078125
1 0.38125 0.5796875 0.5859375 0.5796875 0.5859375 0.8 0.38125 0.8
1 0.521875 0.6578125 0.734375 0.6578125 0.734375 0.8890625 0.521875 0.8890625
1 0.440625 0.775 0.66875 0.775 0.66875 1 0.440625 1
1 0.5421875 0.8265625 0.7390625 0.8265625 0.7390625 1 0.5421875 1
1 0.2828125 0.7140625 0.5 0.7140625 0.5 0.95625 0.2828125 0.95625
1 0.228125 0.6640625 0.45 0.6640625 0.45 0.9109375 0.228125 0.9109375
1 0.16875 0.8625 0.38125 0.8625 0.38125 1 0.16875 1
1 0.290625 0.9171875 0.4859375 0.9171875 0.4859375 1 0.290625 1
1 0.128125 0.7859375 0.3171875 0.7859375 0.3171875 0.990625 0.128125 0.990625
1 0.0921875 0.6828125 0.240625 0.6828125 0.240625 0.846875 0.0921875 0.846875
1 0.078125 0.5828125 0.24375 0.5828125 0.24375 0.765625 0.078125 0.765625
1 0.2421875 0.575 0.415625 0.575 0.415625 0.7671875 0.2421875 0.7671875
1 0.178125 0.5 0.3515625 0.5 0.3515625 0.6921875 0.178125 0.6921875
1 0.3 0.49375 0.4984375 0.49375 0.4984375 0.7078125 0.3 0.7078125
1 0.521875 0.4015625 0.6640625 0.4015625 0.6640625 0.5578125 0.521875 0.5578125
1 0.575 0.4859375 0.70625 0.4859375 0.70625 0.6296875 0.575 0.6296875
1 0.5859375 0.5265625 0.7625 0.5265625 0.7625 0.7203125 0.5859375 0.7203125
1 0.6140625 0.5109375 0.75625 0.5109375 0.75625 0.6671875 0.6140625 0.6671875
1 0.71875 0.528125 0.8796875 0.528125 0.8796875 0.7078125 0.71875 0.7078125
1 0.7828125 0.6484375 0.915625 0.6484375 0.915625 0.7921875 0.7828125 0.7921875
1 0.3828125 0.0734375 0.5609375 0.0734375 0.5609375 0.26875 0.3828125 0.26875
1 0.5109375 0.165625 0.6546875 0.165625 0.6546875 0.31875 0.5109375 0.31875
1 0.4 0.2296875 0.5703125 0.2296875 0.5703125 0.4171875 0.4 0.4171875
1 0.55625 0.334375 0.696875 0.334375 0.696875 0.4875 0.55625 0.4875
1 0.2890625 0.30625 0.4328125 0.30625 0.4328125 0.4640625 0.2890625 0.4640625
1 0.1375 0.3015625 0.3 0.3015625 0.3 0.4796875 0.1375 0.4796875
1 0.1 0.49375 0.2484375 0.49375 0.2484375 0.6578125 0.1 0.6578125
1 0.2453125 0.1796875 0.384375 0.1796875 0.384375 0.33125 0.2453125 0.33125
1 0.18125 0.2 0.325 0.2 0.325 0.3546875 0.18125 0.3546875
1 0.678125 0.453125 0.825 0.453125 0.825 0.615625 0.678125 0.615625
1 0.6859375 0.23125 0.8609375 0.23125 0.8609375 0.4171875 0.6859375 0.4171875
1 0.79375 0.4984375 0.934375 0.4984375 0.934375 0.6453125 0.79375 0.6453125
1 0.3578125 0.428125 0.5703125 0.428125 0.5703125 0.6578125 0.3578125 0.6578125
1 0.20625 0.4171875 0.38125 0.4171875 0.38125 0.6046875 0.20625 0.6046875
1 0.8375 0.6046875 0.94375 0.6046875 0.94375 0.725 0.8375 0.725