1 0.3359375 0.3359375 0.4359375 0.3359375 0.4359375 0.4359375 0.3359375 0.4359375
1 0.515625 0.5046875 0.653125 0.5046875 0.653125 0.6296875 0.515625 0.6296875
1 0.6671875 0.446875 0.809375 0.446875 0.809375 0.59375 0.6671875 0.59375
1 0.703125 0.5890625 0.840625 0.5890625 0.840625 0.746875 0.703125 0.746875
1 0.8 0.5546875 0.9109375 0.5546875 0.9109375 0.7109375 0.8 0.7109375
1 0.55 0.6546875 0.6859375 0.6546875 0.6859375 0.828125 0.55 0.828125
1 0.4890625 0.6640625 0.6140625 0.6640625 0.6140625 0.825 0.4890625 0.825
1 0.553125 0.8609375 0.7140625 0.8609375 0.7140625 0.996875 0.553125 0.996875
1 0.675 0.8125 0.80625 0.8125 0.80625 0.9546875 0.675 0.9546875
1 0.4765625 0.8390625 0.6015625 0.8390625 0.6015625 0.96875 0.4765625 0.96875
1 0.3703125 0.796875 0.465625 0.796875 0.465625 0.9125 0.3703125 0.9125
1 0.3046875 0.7328125 0.4046875 0.7328125 0.4046875 0.8515625 0.3046875 0.8515625
1 0.409375 0.603125 0.525 0.603125 0.525 0.728125 0.409375 0.728125
1 0.3234375 0.5921875 0.4234375 0.5921875 0.4234375 0.7234375 0.3234375 0.7234375
1 0.4 0.5015625 0.534375 0.5015625 0.534375 0.6234375 0.4 0.6234375
1 0.4734375 0.2828125 0.5625 0.2828125 0.5625 0.378125 0.4734375 0.378125
1 0.55625 0.30625 0.6484375 0.30625 0.6484375 0.4 0.55625 0.4
1 0.6109375 0.31875 0.728125 0.31875 0.728125 0.434375 0.6109375 0.434375
1 0.6078125 0.2890625 0.7015625 0.2890625 0.7015625 0.3953125 0.6078125 0.3953125
1 0.703125 0.2234375 0.796875 0.2234375 0.796875 0.3359375 0.703125 0.3359375
1 0.8078125 0.271875 0.896875 0.271875 0.896875 0.365625 0.8078125 0.365625
1 0.1734375 0.128125 0.290625 0.128125 0.290625 0.2578125 0.1734375 0.2578125
1 0.3015625 0.11875 0.4078125 0.11875 0.4078125 0.2078125 0.3015625 0.2078125
1 0.2890625 0.2328125 0.396875 0.2328125 0.396875 0.3578125 0.2890625 0.3578125
1 0.4484375 0.203125 0.54375 0.203125 0.54375 0.3046875 0.4484375 0.3046875
1 0.2484375 0.378125 0.3484375 0.378125 0.3484375 0.484375 0.2484375 0.484375
1 0.1515625 0.4828125 0.259375 0.4828125 0.259375 0.596875 0.1515625 0.596875
1 0.2484375 0.653125 0.3484375 0.653125 0.3484375 0.76875 0.2484375 0.76875
1 0.1375 0.321875 0.2265625 0.321875 0.2265625 0.41875 0.1375 0.41875
1 0.0984375 0.3828125 0.209375 0.3828125 0.209375 0.48125 0.0984375 0.48125
1 0.6171875 0.2046875 0.7109375 0.2046875 0.7109375 0.303125 0.6171875 0.303125
1 0.4734375 0.034375 0.603125 0.034375 0.603125 0.1296875 0.4734375 0.1296875
1 0.709375 0.159375 0.8203125 0.159375 0.8203125 0.2390625 0.709375 0.2390625
1 0.4046875 0.40625 0.54375 0.40625 0.54375 0.540625 0.4046875 0.540625
1 0.2796875 0.5234375 0.39375 0.5234375 0.39375 0.625 0.2796875 0.625
1 0.8109375 0.2046875 0.8765625 0.2046875 0.8765625 0.290625 0.8109375 0.290625