1 0.290625 0.3671875 0.4140625 0.3671875 0.4140625 0.4953125 0.290625 0.4953125
1 0.4796875 0.521875 0.646875 0.521875 0.646875 0.6859375 0.4796875 0.6859375
1 0.6296875 0.4640625 0.796875 0.4640625 0.796875 0.6390625 0.6296875 0.6390625
1 0.6734375 0.603125 0.840625 0.603125 0.840625 0.7921875 0.6734375 0.7921875
1 0.7734375 0.571875 0.9015625 0.571875 0.9015625 0.74375 0.7734375 0.74375
1 0.521875 0.675 0.6953125 0.675 0.6953125 0.88125 0.521875 0.88125
1 0.45625 0.6828125 0.628125 0.6828125 0.628125 0.884375 0.45625 0.884375
1 0.546875 0.8828125 0.728125 0.8828125 0.728125 1 0.546875 1
1 0.6640625 0.8328125 0.81875 0.8328125 0.81875 0.9984375 0.6640625 0.9984375
1 0.4640625 0.8640625 0.6171875 0.8640625 0.6171875 1 0.4640625 1
1 0.3625 0.834375 0.4703125 0.834375 0.4703125 0.9640625 0.3625 0.9640625
1 0.2875 0.76875 0.4109375 0.76875 0.4109375 0.9109375 0.2875 0.9109375
1 0.3859375 0.6359375 0.51875 0.6359375 0.51875 0.78125 0.3859375 0.78125
1 0.290625 0.6234375 0.4265625 0.6234375 0.4265625 0.784375 0.290625 0.784375
1 0.36875 0.53125 0.521875 0.53125 0.521875 0.6796875 0.36875 0.6796875
1 0.425 0.3109375 0.534375 0.3109375 0.534375 0.4296875 0.425 0.4296875
1 0.5125 0.33125 0.61875 0.33125 0.61875 0.4453125 0.5125 0.4453125
1 0.5671875 0.34375 0.7015625 0.34375 0.7015625 0.4765625 0.5671875 0.4765625
1 0.5640625 0.315625 0.66875 0.315625 0.66875 0.4359375 0.5640625 0.4359375
1 0.653125 0.24375 0.7640625 0.24375 0.7640625 0.375 0.653125 0.375
1 0.7640625 0.2921875 0.8625 0.2921875 0.8625 0.396875 0.7640625 0.396875
1 0.1125 0.1640625 0.2578125 0.1640625 0.2578125 0.3234375 0.1125 0.3234375
1 0.246875 0.15625 0.3640625 0.15625 0.3640625 0.2625 0.246875 0.2625
1 0.2390625 0.2703125 0.3640625 0.2703125 0.3640625 0.4140625 0.2390625 0.4140625
1 0.396875 0.234375 0.509375 0.234375 0.509375 0.3546875 0.396875 0.3546875
1 0.2078125 0.4171875 0.3265625 0.4171875 0.3265625 0.54375 0.2078125 0.54375
1 0.121875 0.528125 0.24375 0.528125 0.24375 0.6578125 0.121875 0.6578125
1 0.2296875 0.69375 0.3453125 0.69375 0.3453125 0.825 0.2296875 0.825
1 0.0953125 0.36875 0.196875 0.36875 0.196875 0.4796875 0.0953125 0.4796875
1 0.0625 0.428125 0.184375 0.428125 0.184375 0.5453125 0.0625 0.5453125
1 0.5625 0.2265625 0.6765625 0.2265625 0.6765625 0.3484375 0.5625 0.3484375
1 0.4125 0.0625 0.553125 0.0625 0.553125 0.1765625 0.4125 0.1765625
1 0.65625 0.18125 0.7765625 0.18125 0.7765625 0.275 0.65625 0.275
1 0.3625 0.4296875 0.528125 0.4296875 0.528125 0.5984375 0.3625 0.5984375
1 0.25 0.559375 0.38125 0.559375 0.38125 0.684375 0.25 0.684375
1 0.7625 0.2265625 0.8375 0.2265625 0.8375 0.321875 0.7625 0.321875