1 0.3328125 0.3328125 0.440625 0.3328125 0.440625 0.440625 0.3328125 0.440625
1 0.5140625 0.5015625 0.65625 0.5015625 0.65625 0.63125 0.5140625 0.63125
1 0.66875 0.4484375 0.8078125 0.4484375 0.8078125 0.5921875 0.66875 0.5921875
1 0.7015625 0.5859375 0.84375 0.5859375 0.84375 0.75 0.7015625 0.75
1 0.8 0.5546875 0.9109375 0.5546875 0.9109375 0.7109375 0.8 0.7109375
1 0.5546875 0.659375 0.68125 0.659375 0.68125 0.825 0.5546875 0.825
1 0.484375 0.6609375 0.6171875 0.6609375 0.6171875 0.8265625 0.484375 0.8265625
1 0.5578125 0.865625 0.709375 0.865625 0.709375 0.996875 0.5578125 0.996875
1 0.6765625 0.815625 0.8046875 0.815625 0.8046875 0.9515625 0.6765625 0.9515625
1 0.4765625 0.840625 0.6015625 0.840625 0.6015625 0.9671875 0.4765625 0.9671875
1 0.3734375 0.8 0.4625 0.8 0.4625 0.9109375 0.3734375 0.9109375
1 0.303125 0.7328125 0.40625 0.7328125 0.40625 0.853125 0.303125 0.853125
1 0.4125 0.6046875 0.5234375 0.6046875 0.5234375 0.7265625 0.4125 0.7265625
1 0.3234375 0.5921875 0.4234375 0.5921875 0.4234375 0.7234375 0.3234375 0.7234375
1 0.3984375 0.4984375 0.5359375 0.4984375 0.5359375 0.6265625 0.3984375 0.6265625
1 0.471875 0.28125 0.5640625 0.28125 0.5640625 0.3796875 0.471875 0.3796875
1 0.559375 0.3078125 0.6453125 0.3078125 0.6453125 0.396875 0.559375 0.396875
1 0.609375 0.31875 0.7296875 0.31875 0.7296875 0.434375 0.609375 0.434375
1 0.609375 0.2921875 0.6984375 0.2921875 0.6984375 0.3921875 0.609375 0.3921875
1 0.7 0.2203125 0.8 0.2203125 0.8 0.3390625 0.7 0.3390625
1 0.809375 0.275 0.8953125 0.275 0.8953125 0.3640625 0.809375 0.3640625
1 0.175 0.1296875 0.2890625 0.1296875 0.2890625 0.2546875 0.175 0.2546875
1 0.303125 0.1203125 0.40625 0.1203125 0.40625 0.20625 0.303125 0.20625
1 0.2890625 0.2328125 0.3953125 0.2328125 0.3953125 0.35625 0.2890625 0.35625
1 0.45 0.20625 0.5421875 0.20625 0.5421875 0.3015625 0.45 0.3015625
1 0.2515625 0.3828125 0.3453125 0.3828125 0.3453125 0.48125 0.2515625 0.48125
1 0.153125 0.484375 0.2578125 0.484375 0.2578125 0.5953125 0.153125 0.5953125
1 0.253125 0.65625 0.34375 0.65625 0.34375 0.7640625 0.253125 0.7640625
1 0.1375 0.321875 0.2265625 0.321875 0.2265625 0.41875 0.1375 0.41875
1 0.103125 0.3875 0.2046875 0.3875 0.2046875 0.4765625 0.103125 0.4765625
1 0.615625 0.203125 0.7109375 0.203125 0.7109375 0.3046875 0.615625 0.3046875
1 0.471875 0.0328125 0.6046875 0.0328125 0.6046875 0.13125 0.471875 0.13125
1 0.7109375 0.1609375 0.81875 0.1609375 0.81875 0.2359375 0.7109375 0.2359375
1 0.403125 0.403125 0.5453125 0.403125 0.5453125 0.5421875 0.403125 0.5421875
1 0.2765625 0.51875 0.396875 0.51875 0.396875 0.6296875 0.2765625 0.6296875
1 0.8140625 0.20625 0.8734375 0.20625 0.8734375 0.290625 0.8140625 0.290625