1 0.3953125 0.1796875 0.5453125 0.1796875 0.5453125 0.353125 0.3953125 0.353125
1 0.4515625 0.4046875 0.64375 0.4046875 0.64375 0.6203125 0.4515625 0.6203125
1 0.6046875 0.415625 0.8015625 0.415625 0.8015625 0.64375 0.6046875 0.64375
1 0.55 0.5578125 0.7609375 0.5578125 0.7609375 0.8046875 0.55 0.8046875
1 0.6546875 0.5703125 0.834375 0.5703125 0.834375 0.7890625 0.6546875 0.7890625
1 0.3859375 0.5703125 0.584375 0.5703125 0.584375 0.809375 0.3859375 0.809375
1 0.325 0.54375 0.528125 0.54375 0.528125 0.7875 0.325 0.7875
1 0.3 0.7609375 0.5015625 0.7609375 0.5015625 0.953125 0.3 0.953125
1 0.4265625 0.7640625 0.6078125 0.7640625 0.6078125 0.9328125 0.4265625 0.9328125
1 0.2453125 0.7078125 0.421875 0.7078125 0.421875 0.9125 0.2453125 0.9125
1 0.1875 0.6359375 0.3234375 0.6359375 0.3234375 0.7984375 0.1875 0.7984375
1 0.15625 0.54375 0.3109375 0.54375 0.3109375 0.725 0.15625 0.725
1 0.3140625 0.465625 0.4765625 0.465625 0.4765625 0.6546875 0.3140625 0.6546875
1 0.240625 0.4203125 0.3984375 0.4203125 0.3984375 0.6109375 0.240625 0.6109375
1 0.3546875 0.359375 0.540625 0.359375 0.540625 0.56875 0.3546875 0.56875
1 0.5453125 0.190625 0.6765625 0.190625 0.6765625 0.3421875 0.5453125 0.3421875
1 0.6109375 0.2484375 0.7328125 0.2484375 0.7328125 0.390625 0.6109375 0.390625
1 0.634375 0.2734375 0.8015625 0.2734375 0.8015625 0.4640625 0.634375 0.4640625
1 0.65625 0.253125 0.7875 0.253125 0.7875 0.4078125 0.65625 0.4078125
1 0.7609375 0.2203125 0.9125 0.2203125 0.9125 0.3984375 0.7609375 0.3984375
1 0.8421875 0.315625 0.965625 0.315625 0.965625 0.45625 0.8421875 0.45625
1 0.3546875 0 0.5203125 0 0.5203125 0.121875 0.3546875 0.121875
1 0.490625 0 0.625 0 0.625 0.121875 0.490625 0.121875
1 0.4 0.071875 0.5578125 0.071875 0.5578125 0.25625 0.4 0.25625
1 0.5671875 0.1109375 0.696875 0.1109375 0.696875 0.2609375 0.5671875 0.2609375
1 0.3046875 0.1984375 0.4375 0.1984375 0.4375 0.3515625 0.3046875 0.3515625
1 0.159375 0.253125 0.3109375 0.253125 0.3109375 0.4265625 0.159375 0.4265625
1 0.159375 0.4546875 0.296875 0.4546875 0.296875 0.6171875 0.159375 0.6171875
1 0.2375 0.096875 0.3671875 0.096875 0.3671875 0.246875 0.2375 0.246875
1 0.1796875 0.1421875 0.315625 0.1421875 0.315625 0.29375 0.1796875 0.29375
1 0.70625 0.1734375 0.84375 0.1734375 0.84375 0.33125 0.70625 0.33125
1 0.6734375 0 0.840625 0 0.840625 0.13125 0.6734375 0.13125
1 0.8234375 0.16875 0.95625 0.16875 0.95625 0.309375 0.8234375 0.309375
1 0.4015625 0.26875 0.5984375 0.26875 0.5984375 0.49375 0.4015625 0.49375
1 0.2484375 0.33125 0.4125 0.33125 0.4125 0.515625 0.2484375 0.515625
1 0.884375 0.25625 0.98125 0.25625 0.98125 0.375 0.884375 0.375