1 0.409375 0.3140625 0.5515625 0.3140625 0.5515625 0.471875 0.409375 0.471875
1 0.434375 0.5609375 0.61875 0.5609375 0.61875 0.7640625 0.434375 0.7640625
1 0.5734375 0.625 0.7765625 0.625 0.7765625 0.85 0.5734375 0.85
1 0.509375 0.7515625 0.7140625 0.7515625 0.7140625 0.984375 0.509375 0.984375
1 0.60625 0.79375 0.790625 0.79375 0.790625 1 0.60625 1
1 0.3375 0.6890625 0.5515625 0.6890625 0.5515625 0.934375 0.3375 0.934375
1 0.2921875 0.6546875 0.4890625 0.6546875 0.4890625 0.8796875 0.2921875 0.8796875
1 0.2359375 0.84375 0.446875 0.84375 0.446875 1 0.2359375 1
1 0.35625 0.8921875 0.5484375 0.8921875 0.5484375 1 0.35625 1
1 0.1921875 0.7734375 0.3703125 0.7734375 0.3703125 0.9734375 0.1921875 0.9734375
1 0.14375 0.6703125 0.290625 0.6703125 0.290625 0.8359375 0.14375 0.8359375
1 0.1296875 0.578125 0.28125 0.578125 0.28125 0.7484375 0.1296875 0.7484375
1 0.2875 0.55625 0.45625 0.55625 0.45625 0.7453125 0.2875 0.7453125
1 0.2234375 0.4875 0.384375 0.4875 0.384375 0.671875 0.2234375 0.671875
1 0.3453125 0.478125 0.5265625 0.478125 0.5265625 0.6765625 0.3453125 0.6765625
1 0.5546875 0.3734375 0.684375 0.3734375 0.684375 0.51875 0.5546875 0.51875
1 0.6078125 0.45 0.7375 0.45 0.7375 0.59375 0.6078125 0.59375
1 0.628125 0.4953125 0.7921875 0.4953125 0.7921875 0.6765625 0.628125 0.6765625
1 0.65 0.471875 0.7890625 0.471875 0.7890625 0.628125 0.65 0.628125
1 0.7609375 0.4921875 0.9046875 0.4921875 0.9046875 0.6546875 0.7609375 0.6546875
1 0.825 0.6015625 0.953125 0.6015625 0.953125 0.74375 0.825 0.74375
1 0.3921875 0.0484375 0.565625 0.0484375 0.565625 0.2421875 0.3921875 0.2421875
1 0.525 0.1359375 0.6625 0.1359375 0.6625 0.2859375 0.525 0.2859375
1 0.421875 0.2046875 0.584375 0.2046875 0.584375 0.3875 0.421875 0.3875
1 0.5796875 0.2984375 0.7171875 0.2984375 0.7171875 0.453125 0.5796875 0.453125
1 0.3125 0.284375 0.45625 0.284375 0.45625 0.4453125 0.3125 0.4453125
1 0.1671875 0.290625 0.321875 0.290625 0.321875 0.4640625 0.1671875 0.4640625
1 0.1375 0.4796875 0.2875 0.4796875 0.2875 0.65 0.1375 0.65
1 0.2640625 0.165625 0.39375 0.165625 0.39375 0.3109375 0.2640625 0.3109375
1 0.1953125 0.18125 0.34375 0.18125 0.34375 0.34375 0.1953125 0.34375
1 0.7140625 0.4171875 0.8484375 0.4171875 0.8484375 0.56875 0.7140625 0.56875
1 0.7078125 0.1953125 0.86875 0.1953125 0.86875 0.36875 0.7078125 0.36875
1 0.8265625 0.4515625 0.9625 0.4515625 0.9625 0.596875 0.8265625 0.596875
1 0.4 0.409375 0.5921875 0.409375 0.5921875 0.6234375 0.4 0.6234375
1 0.25 0.4109375 0.4015625 0.4109375 0.4015625 0.5765625 0.25 0.5765625
1 0.875 0.55625 0.9796875 0.55625 0.9796875 0.675 0.875 0.675