1 0.3875 0.2109375 0.53125 0.2109375 0.53125 0.3703125 0.3875 0.3703125
1 0.45625 0.4265625 0.65 0.4265625 0.65 0.6359375 0.45625 0.6359375
1 0.6125 0.4328125 0.8109375 0.4328125 0.8109375 0.6546875 0.6125 0.6546875
1 0.5734375 0.578125 0.775 0.578125 0.775 0.8109375 0.5734375 0.8109375
1 0.684375 0.590625 0.846875 0.590625 0.846875 0.790625 0.684375 0.790625
1 0.396875 0.584375 0.6109375 0.584375 0.6109375 0.8328125 0.396875 0.8328125
1 0.3390625 0.5640625 0.5484375 0.5640625 0.5484375 0.809375 0.3390625 0.809375
1 0.328125 0.7828125 0.5328125 0.7828125 0.5328125 0.9609375 0.328125 0.9609375
1 0.4578125 0.7828125 0.6390625 0.7828125 0.6390625 0.9453125 0.4578125 0.9453125
1 0.2703125 0.73125 0.45 0.73125 0.45 0.93125 0.2703125 0.93125
1 0.2078125 0.665625 0.340625 0.665625 0.340625 0.8203125 0.2078125 0.8203125
1 0.171875 0.575 0.321875 0.575 0.321875 0.746875 0.171875 0.746875
1 0.325 0.4921875 0.4828125 0.4921875 0.4828125 0.671875 0.325 0.671875
1 0.240625 0.44375 0.40625 0.44375 0.40625 0.6390625 0.240625 0.6390625
1 0.3625 0.390625 0.5390625 0.390625 0.5390625 0.58125 0.3625 0.58125
1 0.5375 0.2125 0.665625 0.2125 0.665625 0.3578125 0.5375 0.3578125
1 0.603125 0.2671875 0.7296875 0.2671875 0.7296875 0.4078125 0.603125 0.4078125
1 0.6390625 0.2984375 0.79375 0.2984375 0.79375 0.46875 0.6390625 0.46875
1 0.653125 0.271875 0.7828125 0.271875 0.7828125 0.41875 0.653125 0.41875
1 0.7625 0.2421875 0.9 0.2421875 0.9 0.4015625 0.7625 0.4015625
1 0.846875 0.33125 0.9640625 0.33125 0.9640625 0.4609375 0.846875 0.4609375
1 0.321875 0 0.496875 0 0.496875 0.1515625 0.321875 0.1515625
1 0.465625 0 0.5984375 0 0.5984375 0.140625 0.465625 0.140625
1 0.3859375 0.1015625 0.5375 0.1015625 0.5375 0.275 0.3859375 0.275
1 0.5484375 0.13125 0.684375 0.13125 0.684375 0.28125 0.5484375 0.28125
1 0.290625 0.221875 0.43125 0.221875 0.43125 0.3796875 0.290625 0.3796875
1 0.15625 0.2890625 0.3 0.2890625 0.3 0.45 0.15625 0.45
1 0.1640625 0.4828125 0.303125 0.4828125 0.303125 0.64375 0.1640625 0.64375
1 0.221875 0.1328125 0.3453125 0.1328125 0.3453125 0.2703125 0.221875 0.2703125
1 0.1609375 0.1734375 0.3015625 0.1734375 0.3015625 0.325 0.1609375 0.325
1 0.6984375 0.190625 0.8328125 0.190625 0.8328125 0.3421875 0.6984375 0.3421875
1 0.6546875 0 0.809375 0 0.809375 0.1375 0.6546875 0.1375
1 0.815625 0.1859375 0.946875 0.1859375 0.946875 0.315625 0.815625 0.315625
1 0.4 0.296875 0.59375 0.296875 0.59375 0.509375 0.4 0.509375
1 0.2546875 0.36875 0.4046875 0.36875 0.4046875 0.53125 0.2546875 0.53125
1 0.8828125 0.26875 0.9765625 0.26875 0.9765625 0.38125 0.8828125 0.38125