1 0.2828125 0.4375 0.4234375 0.4375 0.4234375 0.6 0.2828125 0.6
1 0.5234375 0.5234375 0.70625 0.5234375 0.70625 0.73125 0.5234375 0.73125
1 0.625 0.4171875 0.825 0.4171875 0.825 0.65 0.625 0.65
1 0.728125 0.54375 0.928125 0.54375 0.928125 0.784375 0.728125 0.784375
1 0.79375 0.4921875 0.9703125 0.4921875 0.9703125 0.7140625 0.79375 0.7140625
1 0.628125 0.6578125 0.8359375 0.6578125 0.8359375 0.9125 0.628125 0.9125
1 0.5796875 0.690625 0.7703125 0.690625 0.7703125 0.9265625 0.5796875 0.9265625
1 0.7328125 0.84375 0.9453125 0.84375 0.9453125 1 0.7328125 1
1 0.8140625 0.7703125 1 0.7703125 1 0.99375 0.8140625 0.99375
1 0.65625 0.865625 0.83125 0.865625 0.83125 1 0.65625 1
1 0.54375 0.871875 0.6859375 0.871875 0.6859375 1 0.54375 1
1 0.4546875 0.83125 0.603125 0.83125 0.603125 1 0.4546875 1
1 0.4796875 0.6640625 0.6453125 0.6640625 0.6453125 0.859375 0.4796875 0.859375
1 0.4 0.6875 0.5546875 0.6875 0.5546875 0.8796875 0.4 0.8796875
1 0.421875 0.559375 0.6015625 0.559375 0.6015625 0.7640625 0.421875 0.7640625
1 0.3765625 0.346875 0.503125 0.346875 0.503125 0.496875 0.3765625 0.496875
1 0.459375 0.340625 0.5875 0.340625 0.5875 0.490625 0.459375 0.490625
1 0.5125 0.3234375 0.675 0.3234375 0.675 0.5109375 0.5125 0.5109375
1 0.4953125 0.3078125 0.6296875 0.3078125 0.6296875 0.4703125 0.4953125 0.4703125
1 0.5453125 0.2125 0.684375 0.2125 0.684375 0.38125 0.5453125 0.38125
1 0.6609375 0.228125 0.7859375 0.228125 0.7859375 0.375 0.6609375 0.375
1 0.0390625 0.28125 0.20625 0.28125 0.20625 0.4828125 0.0390625 0.4828125
1 0.1453125 0.2375 0.2828125 0.2375 0.2828125 0.390625 0.1453125 0.390625
1 0.190625 0.35 0.3484375 0.35 0.3484375 0.5390625 0.190625 0.5390625
1 0.3140625 0.2765625 0.45 0.2765625 0.45 0.434375 0.3140625 0.434375
1 0.2296875 0.5078125 0.3703125 0.5078125 0.3703125 0.6734375 0.2296875 0.6734375
1 0.1984375 0.6359375 0.3484375 0.6359375 0.3484375 0.8140625 0.1984375 0.8140625
1 0.365625 0.7703125 0.5125 0.7703125 0.5125 0.946875 0.365625 0.946875
1 0.1046875 0.4953125 0.23125 0.4953125 0.23125 0.6453125 0.1046875 0.6453125
1 0.1015625 0.5546875 0.2484375 0.5546875 0.2484375 0.721875 0.1015625 0.721875
1 0.4609375 0.2234375 0.59375 0.2234375 0.59375 0.378125 0.4609375 0.378125
1 0.2515625 0.0875 0.4140625 0.0875 0.4140625 0.2640625 0.2515625 0.2640625
1 0.5171875 0.140625 0.6546875 0.140625 0.6546875 0.2890625 0.5171875 0.2890625
1 0.3765625 0.4640625 0.5671875 0.4640625 0.5671875 0.6828125 0.3765625 0.6828125
1 0.328125 0.6296875 0.4796875 0.6296875 0.4796875 0.8015625 0.328125 0.8015625
1 0.6296875 0.1734375 0.7296875 0.1734375 0.7296875 0.2984375 0.6296875 0.2984375