1 0.3328125 0.3328125 0.4390625 0.3328125 0.4390625 0.4390625 0.3328125 0.4390625
1 0.5125 0.5 0.65625 0.5 0.65625 0.634375 0.5125 0.634375
1 0.6671875 0.446875 0.809375 0.446875 0.809375 0.59375 0.6671875 0.59375
1 0.703125 0.5875 0.8421875 0.5875 0.8421875 0.7484375 0.703125 0.7484375
1 0.8046875 0.55625 0.9046875 0.55625 0.9046875 0.7078125 0.8046875 0.7078125
1 0.546875 0.653125 0.6890625 0.653125 0.6890625 0.83125 0.546875 0.83125
1 0.4796875 0.6578125 0.621875 0.6578125 0.621875 0.83125 0.4796875 0.83125
1 0.55625 0.8640625 0.7125 0.8640625 0.7125 0.9984375 0.55625 0.9984375
1 0.6765625 0.8140625 0.80625 0.8140625 0.80625 0.953125 0.6765625 0.953125
1 0.4734375 0.8375 0.603125 0.8375 0.603125 0.9703125 0.4734375 0.9703125
1 0.3734375 0.8 0.4625 0.8 0.4625 0.9109375 0.3734375 0.9109375
1 0.303125 0.7328125 0.40625 0.7328125 0.40625 0.853125 0.303125 0.853125
1 0.4125 0.6046875 0.5234375 0.6046875 0.5234375 0.7265625 0.4125 0.7265625
1 0.31875 0.5890625 0.4296875 0.5890625 0.4296875 0.728125 0.31875 0.728125
1 0.4015625 0.503125 0.5328125 0.503125 0.5328125 0.6234375 0.4015625 0.6234375
1 0.471875 0.28125 0.5640625 0.28125 0.5640625 0.3796875 0.471875 0.3796875
1 0.55625 0.30625 0.6484375 0.30625 0.6484375 0.4 0.55625 0.4
1 0.6125 0.321875 0.7265625 0.321875 0.7265625 0.4328125 0.6125 0.4328125
1 0.609375 0.2921875 0.6984375 0.2921875 0.6984375 0.3921875 0.609375 0.3921875
1 0.7046875 0.2234375 0.7953125 0.2234375 0.7953125 0.3359375 0.7046875 0.3359375
1 0.8109375 0.275 0.8953125 0.275 0.8953125 0.3625 0.8109375 0.3625
1 0.1703125 0.125 0.29375 0.125 0.29375 0.259375 0.1703125 0.259375
1 0.303125 0.1203125 0.40625 0.1203125 0.40625 0.20625 0.303125 0.20625
1 0.290625 0.2328125 0.39375 0.2328125 0.39375 0.35625 0.290625 0.35625
1 0.4484375 0.203125 0.54375 0.203125 0.54375 0.3046875 0.4484375 0.3046875
1 0.2484375 0.378125 0.3484375 0.378125 0.3484375 0.484375 0.2484375 0.484375
1 0.1546875 0.4859375 0.2578125 0.4859375 0.2578125 0.59375 0.1546875 0.59375
1 0.25 0.653125 0.346875 0.653125 0.346875 0.7671875 0.25 0.7671875
1 0.1375 0.3234375 0.225 0.3234375 0.225 0.4171875 0.1375 0.4171875
1 0.1015625 0.3828125 0.20625 0.3828125 0.20625 0.4796875 0.1015625 0.4796875
1 0.615625 0.203125 0.7109375 0.203125 0.7109375 0.3046875 0.615625 0.3046875
1 0.4765625 0.0375 0.6015625 0.0375 0.6015625 0.1265625 0.4765625 0.1265625
1 0.7109375 0.1625 0.81875 0.1625 0.81875 0.234375 0.7109375 0.234375
1 0.403125 0.403125 0.5453125 0.403125 0.5453125 0.5421875 0.403125 0.5421875
1 0.2796875 0.5234375 0.39375 0.5234375 0.39375 0.6265625 0.2796875 0.6265625
1 0.8140625 0.20625 0.8734375 0.20625 0.8734375 0.2890625 0.8140625 0.2890625