0 361.532416 345.267 469.787648 458.31300000000005
0 415.31904 281.93399999999997 508.596224 354.12
0 467.063808 413.36699999999996 544.0 501.897
0 550.808576 317.346 645.446656 403.152
0 597.106688 151.863 687.660032 264.909
0 704.68096 522.327 782.298112 599.961
0 708.765696 86.487 809.532416 167.526
0 713.532416 230.859 824.510464 339.819
0 734.63808 390.89399999999995 844.255232 482.14799999999997
0 758.467584 522.327 813.617152 618.3480000000001
0 812.255232 75.591 901.446656 157.311
0 872.851456 38.817 954.553344 103.512
0 883.063808 501.897 975.660032 568.635
0 906.893312 560.463 1008.339968 646.269
0 950.467584 224.049 1023.31904 271.719
