0 600.96 673.280256 668.8 755.199744
0 0.0 239.36025600000002 19.2 279.03974400000004
0 64.64 326.4 87.04 366.080256
0 89.6 336.0 112.0 371.840256
0 241.92 473.60025599999994 277.12 506.24025599999993
0 305.28 526.08 346.24 571.520256
0 321.28 412.79999999999995 397.44 480.0
0 367.36 494.72025600000006 408.32 531.84
0 391.04 563.199744 412.16 590.079744
0 409.6 518.4000000000001 439.04 538.239744
0 423.04 383.36025600000005 620.16 624.0
0 435.84 707.840256 508.8 767.360256
0 519.68 677.1202559999999 553.6 716.7997439999999
