0 249.237628 428.16 268.458614 449.28
0 257.56681299999997 564.48 285.757638 588.8
0 271.662567 391.04 294.72816 414.08
0 296.009468 471.68 326.12293800000003 496.0
0 340.21869200000003 419.84 366.487555 440.32
0 342.140654 468.48 366.487555 492.8
0 348.54787699999997 327.04 373.53543199999996 349.44
0 373.53543199999996 360.32 401.08628600000003 382.72
0 399.80497800000006 267.52 420.948609 286.72
0 399.80497800000006 499.84 424.151879 519.04
0 447.21747200000004 361.6 466.43914099999995 382.72
0 453.62469500000003 506.88 479.894241 529.92
0 453.62469500000003 456.32 485.660127 479.36
0 515.1329430000001 407.68 538.198536 432.0
0 515.1329430000001 597.76 539.480527 622.72
0 531.151342 460.16 557.420205 484.48
