1 0.3453125 0.39375 0.553125 0.39375 0.553125 0.6546875 0.3453125 0.6546875
1 0.234375 0.3265625 0.4171875 0.3265625 0.4171875 0.565625 0.234375 0.565625
1 0.1265625 0.275 0.34375 0.275 0.34375 0.528125 0.1265625 0.528125
1 0.0015625 0.371875 0.146875 0.371875 0.146875 0.659375 0.0015625 0.659375
1 0.1765625 0.04375 0.3609375 0.04375 0.3609375 0.2765625 0.1765625 0.2765625
1 0.26875 0 0.4359375 0 0.4359375 0.1921875 0.26875 0.1921875
1 0.3296875 0 0.4625 0 0.4625 0.0734375 0.3296875 0.0734375
1 0.1765625 0 0.328125 0 0.328125 0.021875 0.1765625 0.021875
1 0.4359375 0.1390625 0.653125 0.1390625 0.653125 0.4125 0.4359375 0.4125
1 0.596875 0.240625 0.8125 0.240625 0.8125 0.5203125 0.596875 0.5203125
1 0.50625 0.425 0.7484375 0.425 0.7484375 0.7203125 0.50625 0.7203125
1 0.5125 0.7484375 0.725 0.7484375 0.725 0.940625 0.5125 0.940625
1 0.7203125 0.45625 0.9328125 0.45625 0.9328125 0.7234375 0.7203125 0.7234375
1 0.721875 0.1671875 0.9015625 0.1671875 0.9015625 0.3953125 0.721875 0.3953125
1 0.871875 0.1484375 1 0.1484375 1 0.3609375 0.871875 0.3609375
1 0.834375 0.2953125 1 0.2953125 1 0.5515625 0.834375 0.5515625
1 0.7375 0.6984375 0.9 0.6984375 0.9 0.9140625 0.7375 0.9140625
1 0.1 0.609375 0.30625 0.609375 0.30625 0.8375 0.1 0.8375
1 0.2703125 0.74375 0.4421875 0.74375 0.4421875 0.9546875 0.2703125 0.9546875
1 0.5421875 0.0234375 0.6984375 0.0234375 0.6984375 0.2265625 0.5421875 0.2265625
1 0.4515625 0.0859375 0.5921875 0.0859375 0.5921875 0.2734375 0.4515625 0.2734375
1 0.7328125 0 0.859375 0 0.859375 0.15 0.7328125 0.15
1 0.8109375 0.021875 0.9734375 0.021875 0.9734375 0.2328125 0.8109375 0.2328125
1 0.9125 0.053125 1 0.053125 1 0.21875 0.9125 0.21875
1 0.790625 0.0015625 0.91875 0.0015625 0.91875 0.15 0.790625 0.15
1 0.621875 0 0.7515625 0 0.7515625 0.1140625 0.621875 0.1140625
1 0.540625 0 0.6453125 0 0.6453125 0.0421875 0.540625 0.0421875
1 0.028125 0.1453125 0.178125 0.1453125 0.178125 0.359375 0.028125 0.359375