1 0.415625 0.4921875 0.55 0.4921875 0.55 0.6921875 0.415625 0.6921875
1 0.275 0.4671875 0.3890625 0.4671875 0.3890625 0.6546875 0.275 0.6546875
1 0.1515625 0.4578125 0.3046875 0.4578125 0.3046875 0.6390625 0.1515625 0.6390625
1 0.003125 0.6109375 0.159375 0.6109375 0.159375 0.8359375 0.003125 0.8359375
1 0.0984375 0.23125 0.21875 0.23125 0.21875 0.40625 0.0984375 0.40625
1 0.153125 0.140625 0.2609375 0.140625 0.2609375 0.30625 0.153125 0.30625
1 0.1671875 0.06875 0.2578125 0.06875 0.2578125 0.1859375 0.1671875 0.1859375
1 0 0.0046875 0.0796875 0.0046875 0.0796875 0.1921875 0 0.1921875
1 0.4 0.2328125 0.5421875 0.2328125 0.5421875 0.440625 0.4 0.440625
1 0.6015625 0.271875 0.7359375 0.271875 0.7359375 0.490625 0.6015625 0.490625
1 0.5921875 0.471875 0.7546875 0.471875 0.7546875 0.690625 0.5921875 0.690625
1 0.721875 0.7640625 0.8640625 0.7640625 0.8640625 0.9578125 0.721875 0.9578125
1 0.8015625 0.43125 0.9390625 0.43125 0.9390625 0.6359375 0.8015625 0.6359375
1 0.6703125 0.1703125 0.7859375 0.1703125 0.7859375 0.34375 0.6703125 0.34375
1 0.8015625 0.1015625 0.9078125 0.1015625 0.9078125 0.26875 0.8015625 0.26875
1 0.840625 0.2453125 0.9703125 0.2453125 0.9703125 0.4453125 0.840625 0.4453125
1 0.928125 0.634375 0.996875 0.634375 0.996875 0.865625 0.928125 0.865625
1 0.2546875 0.7734375 0.409375 0.7734375 0.409375 0.928125 0.2546875 0.928125
1 0.471875 0.8390625 0.5875 0.8390625 0.5875 0.9953125 0.471875 0.9953125
1 0.43125 0.0953125 0.528125 0.0953125 0.528125 0.25625 0.43125 0.25625
1 0.365625 0.1828125 0.4515625 0.1828125 0.4515625 0.3296875 0.365625 0.3296875
1 0.584375 0.00625 0.665625 0.00625 0.665625 0.13125 0.584375 0.13125
1 0.6890625 0.0109375 0.7921875 0.0109375 0.7921875 0.1734375 0.6890625 0.1734375
1 0.85625 0 0.9984375 0 0.9984375 0.16875 0.85625 0.16875
1 0.7828125 0.0046875 0.8734375 0.0046875 0.8734375 0.1328125 0.7828125 0.1328125
1 0.6375 0.003125 0.7296875 0.003125 0.7296875 0.109375 0.6375 0.109375
1 0.4625 0.0046875 0.546875 0.0046875 0.546875 0.1328125 0.4625 0.1328125
1 0.3578125 0.0046875 0.4296875 0.0046875 0.4296875 0.0984375 0.3578125 0.0984375
1 0 0.365625 0.0796875 0.365625 0.0796875 0.5453125 0 0.5453125