1 0.4140625 0.490625 0.553125 0.490625 0.553125 0.6953125 0.4140625 0.6953125
1 0.275 0.4671875 0.3890625 0.4671875 0.3890625 0.6546875 0.275 0.6546875
1 0.153125 0.4609375 0.303125 0.4609375 0.303125 0.6359375 0.153125 0.6359375
1 0 0.60625 0.165625 0.60625 0.165625 0.8421875 0 0.8421875
1 0.0953125 0.228125 0.221875 0.228125 0.221875 0.409375 0.0953125 0.409375
1 0.153125 0.140625 0.2609375 0.140625 0.2609375 0.30625 0.153125 0.30625
1 0.16875 0.06875 0.2578125 0.06875 0.2578125 0.1859375 0.16875 0.1859375
1 0 0.0015625 0.0859375 0.0015625 0.0859375 0.19375 0 0.19375
1 0.4046875 0.2359375 0.5390625 0.2359375 0.5390625 0.4375 0.4046875 0.4375
1 0.60625 0.275 0.73125 0.275 0.73125 0.4890625 0.60625 0.4890625
1 0.59375 0.471875 0.753125 0.471875 0.753125 0.6890625 0.59375 0.6890625
1 0.7265625 0.765625 0.8609375 0.765625 0.8609375 0.95625 0.7265625 0.95625
1 0.8046875 0.4328125 0.9359375 0.4328125 0.9359375 0.634375 0.8046875 0.634375
1 0.6703125 0.1703125 0.7859375 0.1703125 0.7859375 0.34375 0.6703125 0.34375
1 0.7953125 0.096875 0.9140625 0.096875 0.9140625 0.2734375 0.7953125 0.2734375
1 0.846875 0.25 0.9625 0.25 0.9625 0.4421875 0.846875 0.4421875
1 0.928125 0.634375 0.996875 0.634375 0.996875 0.865625 0.928125 0.865625
1 0.25 0.76875 0.415625 0.76875 0.415625 0.934375 0.25 0.934375
1 0.4640625 0.8328125 0.5953125 0.8328125 0.5953125 0.9984375 0.4640625 0.9984375
1 0.43125 0.0953125 0.5296875 0.0953125 0.5296875 0.25625 0.43125 0.25625
1 0.3640625 0.1828125 0.453125 0.1828125 0.453125 0.3296875 0.3640625 0.3296875
1 0.58125 0.0046875 0.66875 0.0046875 0.66875 0.1328125 0.58125 0.1328125
1 0.684375 0.0078125 0.796875 0.0078125 0.796875 0.1765625 0.684375 0.1765625
1 0.8609375 0.0015625 0.9953125 0.0015625 0.9953125 0.1640625 0.8609375 0.1640625
1 0.7796875 0.003125 0.8765625 0.003125 0.8765625 0.134375 0.7796875 0.134375
1 0.6375 0.003125 0.7296875 0.003125 0.7296875 0.109375 0.6375 0.109375
1 0.4625 0.0046875 0.5453125 0.0046875 0.5453125 0.1328125 0.4625 0.1328125
1 0.3578125 0.0046875 0.428125 0.0046875 0.428125 0.0984375 0.3578125 0.0984375
1 0 0.36875 0.071875 0.36875 0.071875 0.546875 0 0.546875