1 0.41875 0.49375 0.5484375 0.49375 0.5484375 0.690625 0.41875 0.690625
1 0.271875 0.4640625 0.3921875 0.4640625 0.3921875 0.65625 0.271875 0.65625
1 0.1484375 0.4578125 0.3078125 0.4578125 0.3078125 0.640625 0.1484375 0.640625
1 0 0.60625 0.1640625 0.60625 0.1640625 0.8421875 0 0.8421875
1 0.096875 0.2296875 0.2203125 0.2296875 0.2203125 0.4078125 0.096875 0.4078125
1 0.15625 0.1421875 0.259375 0.1421875 0.259375 0.3046875 0.15625 0.3046875
1 0.16875 0.0703125 0.25625 0.0703125 0.25625 0.1859375 0.16875 0.1859375
1 0 0.0046875 0.0796875 0.0046875 0.0796875 0.1921875 0 0.1921875
1 0.4046875 0.2359375 0.5375 0.2359375 0.5375 0.4375 0.4046875 0.4375
1 0.5953125 0.26875 0.7421875 0.26875 0.7421875 0.49375 0.5953125 0.49375
1 0.596875 0.4734375 0.75 0.4734375 0.75 0.6875 0.596875 0.6875
1 0.7265625 0.7671875 0.859375 0.7671875 0.859375 0.9546875 0.7265625 0.9546875
1 0.80625 0.4328125 0.934375 0.4328125 0.934375 0.6328125 0.80625 0.6328125
1 0.66875 0.16875 0.7890625 0.16875 0.7890625 0.34375 0.66875 0.34375
1 0.7953125 0.096875 0.915625 0.096875 0.915625 0.2734375 0.7953125 0.2734375
1 0.85 0.25 0.9609375 0.25 0.9609375 0.440625 0.85 0.440625
1 0.93125 0.634375 0.9984375 0.634375 0.9984375 0.865625 0.93125 0.865625
1 0.25 0.76875 0.4140625 0.76875 0.4140625 0.9328125 0.25 0.9328125
1 0.4640625 0.8328125 0.5953125 0.8328125 0.5953125 0.9984375 0.4640625 0.9984375
1 0.425 0.0921875 0.5359375 0.0921875 0.5359375 0.259375 0.425 0.259375
1 0.3640625 0.18125 0.453125 0.18125 0.453125 0.33125 0.3640625 0.33125
1 0.578125 0.003125 0.671875 0.003125 0.671875 0.134375 0.578125 0.134375
1 0.6875 0.009375 0.7953125 0.009375 0.7953125 0.175 0.6875 0.175
1 0.8640625 0.0046875 0.9921875 0.0046875 0.9921875 0.1609375 0.8640625 0.1609375
1 0.7828125 0.0046875 0.8734375 0.0046875 0.8734375 0.1328125 0.7828125 0.1328125
1 0.6359375 0.003125 0.73125 0.003125 0.73125 0.1109375 0.6359375 0.1109375
1 0.4609375 0.0046875 0.546875 0.0046875 0.546875 0.1328125 0.4609375 0.1328125
1 0.359375 0.0046875 0.4265625 0.0046875 0.4265625 0.096875 0.359375 0.096875
1 0 0.36875 0.0703125 0.36875 0.0703125 0.5421875 0 0.5421875