1 0.3890625 0.5265625 0.56875 0.5265625 0.56875 0.771875 0.3890625 0.771875
1 0.25 0.515625 0.4 0.515625 0.4 0.7375 0.25 0.7375
1 0.1265625 0.5125 0.3125 0.5125 0.3125 0.7296875 0.1265625 0.7296875
1 0 0.6640625 0.2078125 0.6640625 0.2078125 0.9484375 0 0.9484375
1 0.0375 0.2859375 0.2 0.2859375 0.2 0.503125 0.0375 0.503125
1 0.0828125 0.1984375 0.2234375 0.1984375 0.2234375 0.39375 0.0828125 0.39375
1 0.0890625 0.128125 0.2015625 0.128125 0.2015625 0.271875 0.0890625 0.271875
1 0 0.0796875 0.0359375 0.0796875 0.0359375 0.2890625 0 0.2890625
1 0.34375 0.2734375 0.51875 0.2734375 0.51875 0.5140625 0.34375 0.5140625
1 0.546875 0.3 0.7171875 0.3 0.7171875 0.55 0.546875 0.55
1 0.565625 0.49375 0.7671875 0.49375 0.7671875 0.75625 0.565625 0.75625
1 0.7375 0.784375 0.909375 0.784375 0.909375 1 0.7375 1
1 0.7671875 0.44375 0.940625 0.44375 0.940625 0.684375 0.7671875 0.684375
1 0.5984375 0.1921875 0.75 0.1921875 0.75 0.4 0.5984375 0.4
1 0.7125 0.1109375 0.8671875 0.1109375 0.8671875 0.321875 0.7125 0.321875
1 0.784375 0.2609375 0.9390625 0.2609375 0.9390625 0.4875 0.784375 0.4875
1 0.9171875 0.65 0.98125 0.65 0.98125 0.8953125 0.9171875 0.8953125
1 0.265625 0.8125 0.4640625 0.8125 0.4640625 1 0.265625 1
1 0.4875 0.86875 0.653125 0.86875 0.653125 1 0.4875 1
1 0.3515625 0.1375 0.4828125 0.1375 0.4828125 0.3265625 0.3515625 0.3265625
1 0.3 0.23125 0.4171875 0.23125 0.4171875 0.403125 0.3 0.403125
1 0.4890625 0.0546875 0.6015625 0.0546875 0.6015625 0.190625 0.4890625 0.190625
1 0.590625 0.065625 0.7359375 0.065625 0.7359375 0.2296875 0.590625 0.2296875
1 0.765625 0.0859375 0.9296875 0.0859375 0.9296875 0.209375 0.765625 0.209375
1 0.6859375 0.0765625 0.80625 0.0765625 0.80625 0.1796875 0.6859375 0.1796875
1 0.546875 0.0609375 0.6578125 0.0609375 0.6578125 0.1640625 0.546875 0.1640625
1 0.371875 0.046875 0.4796875 0.046875 0.4796875 0.1984375 0.371875 0.1984375
1 0.2703125 0.0546875 0.3578125 0.0546875 0.3578125 0.16875 0.2703125 0.16875
1 0 0.44375 0.0703125 0.44375 0.0703125 0.640625 0 0.640625