1 0.4546875 0.471875 0.6875 0.471875 0.6875 0.709375 0.4546875 0.709375
1 0.321875 0.5375 0.5453125 0.5375 0.5453125 0.7671875 0.321875 0.7671875
1 0.2203125 0.58125 0.46875 0.58125 0.46875 0.825 0.2203125 0.825
1 0.1984375 0.784375 0.48125 0.784375 0.48125 1 0.1984375 1
1 0.0375 0.446875 0.2546875 0.446875 0.2546875 0.6640625 0.0375 0.6640625
1 0.0296875 0.353125 0.21875 0.353125 0.21875 0.546875 0.0296875 0.546875
1 0.015625 0.2953125 0.140625 0.2953125 0.140625 0.440625 0.015625 0.440625
1 0.28125 0.2671875 0.51875 0.2671875 0.51875 0.5109375 0.28125 0.5109375
1 0.45 0.1765625 0.715625 0.1765625 0.715625 0.4484375 0.45 0.4484375
1 0.5796875 0.3375 0.84375 0.3375 0.84375 0.6046875 0.5796875 0.6046875
1 0.8671875 0.5140625 1 0.5140625 1 0.7453125 0.8671875 0.7453125
1 0.71875 0.1984375 0.9515625 0.1984375 0.9515625 0.4375 0.71875 0.4375
1 0.4453125 0.0671875 0.65625 0.0671875 0.65625 0.2828125 0.4453125 0.2828125
1 0.5015625 0.00625 0.709375 0.00625 0.709375 0.15 0.5015625 0.15
1 0.6375 0.034375 0.85 0.034375 0.85 0.25625 0.6375 0.25625
1 0.9453125 0.3265625 1 0.3265625 1 0.553125 0.9453125 0.553125
1 0.496875 0.7734375 0.7359375 0.7734375 0.7359375 1 0.496875 1
1 0.703125 0.7203125 0.91875 0.7203125 0.91875 0.9328125 0.703125 0.9328125
1 0.20625 0.1515625 0.40625 0.1515625 0.40625 0.3546875 0.20625 0.3546875
1 0.2171875 0.271875 0.3859375 0.271875 0.3859375 0.446875 0.2171875 0.446875
1 0.2703125 0.003125 0.43125 0.003125 0.43125 0.1625 0.2703125 0.1625
1 0.3625 0.0046875 0.553125 0.0046875 0.553125 0.1328125 0.3625 0.1328125
1 0.4375 0.0046875 0.5875 0.0046875 0.5875 0.0421875 0.4375 0.0421875
1 0.3171875 0.003125 0.4640625 0.003125 0.4640625 0.109375 0.3171875 0.109375
1 0.18125 0.0734375 0.334375 0.0734375 0.334375 0.2296875 0.18125 0.2296875
1 0.103125 0.14375 0.2171875 0.14375 0.2171875 0.259375 0.103125 0.259375
1 0.053125 0.646875 0.2203125 0.646875 0.2203125 0.8296875 0.053125 0.8296875