1 0.421875 0.44375 0.603125 0.44375 0.603125 0.684375 0.421875 0.684375
1 0.28125 0.465625 0.4359375 0.465625 0.4359375 0.68125 0.28125 0.68125
1 0.1609375 0.4828125 0.346875 0.4828125 0.346875 0.696875 0.1609375 0.696875
1 0.0453125 0.6578125 0.259375 0.6578125 0.259375 0.9359375 0.0453125 0.9359375
1 0.0515625 0.2796875 0.21875 0.2796875 0.21875 0.4921875 0.0515625 0.4921875
1 0.0890625 0.1859375 0.2328125 0.1859375 0.2328125 0.378125 0.0890625 0.378125
1 0.0875 0.1171875 0.2015625 0.1171875 0.2015625 0.2578125 0.0875 0.2578125
1 0.0015625 0.096875 0.0359375 0.096875 0.0359375 0.3046875 0.0015625 0.3046875
1 0.3546875 0.203125 0.5328125 0.203125 0.5328125 0.4375 0.3546875 0.4375
1 0.5609375 0.1890625 0.73125 0.1890625 0.73125 0.434375 0.5609375 0.434375
1 0.59375 0.375 0.7984375 0.375 0.7984375 0.63125 0.59375 0.63125
1 0.7890625 0.6296875 0.9625 0.6296875 0.9625 0.8546875 0.7890625 0.8546875
1 0.7890625 0.2875 0.9640625 0.2875 0.9640625 0.521875 0.7890625 0.521875
1 0.6 0.0734375 0.7515625 0.0734375 0.7515625 0.2765625 0.6 0.2765625
1 0.70625 0 0.8609375 0 0.8609375 0.175 0.70625 0.175
1 0.790625 0.103125 0.946875 0.103125 0.946875 0.325 0.790625 0.325
1 0.95625 0.4703125 1 0.4703125 1 0.7140625 0.95625 0.7140625
1 0.3234375 0.75 0.5234375 0.75 0.5234375 0.9578125 0.3234375 0.9578125
1 0.546875 0.7640625 0.715625 0.7640625 0.715625 0.9625 0.546875 0.9625
1 0.35 0.0703125 0.4828125 0.0703125 0.4828125 0.25625 0.35 0.25625
1 0.3046875 0.175 0.425 0.175 0.425 0.34375 0.3046875 0.34375
1 0.4765625 0 0.5890625 0 0.5890625 0.0953125 0.4765625 0.0953125
1 0.578125 0 0.7265625 0 0.7265625 0.109375 0.578125 0.109375
1 0.7484375 0 0.915625 0 0.915625 0.053125 0.7484375 0.053125
1 0.6703125 0 0.79375 0 0.79375 0.0453125 0.6703125 0.0453125
1 0.53125 0 0.64375 0 0.64375 0.0578125 0.53125 0.0578125
1 0.3609375 0 0.4703125 0 0.4703125 0.128125 0.3609375 0.128125
1 0.2578125 0.009375 0.3484375 0.009375 0.3484375 0.1203125 0.2578125 0.1203125
1 0.0078125 0.4546875 0.1015625 0.4546875 0.1015625 0.6484375 0.0078125 0.6484375