1 0.4703125 0.528125 0.7171875 0.528125 0.7171875 0.7953125 0.4703125 0.7953125
1 0.3515625 0.5984375 0.5875 0.5984375 0.5875 0.853125 0.3515625 0.853125
1 0.2640625 0.6390625 0.521875 0.6390625 0.521875 0.91875 0.2640625 0.91875
1 0.2765625 0.8453125 0.5734375 0.8453125 0.5734375 1 0.2765625 1
1 0.059375 0.5109375 0.2875 0.5109375 0.2875 0.75625 0.059375 0.75625
1 0.0328125 0.4171875 0.234375 0.4171875 0.234375 0.6359375 0.0328125 0.6359375
1 0.025 0.3671875 0.140625 0.3671875 0.140625 0.5265625 0.025 0.5265625
1 0.265625 0.325 0.51875 0.325 0.51875 0.596875 0.265625 0.596875
1 0.4140625 0.2265625 0.696875 0.2265625 0.696875 0.53125 0.4140625 0.53125
1 0.5703125 0.3875 0.85 0.3875 0.85 0.6890625 0.5703125 0.6890625
1 0.878125 0.5640625 1 0.5640625 1 0.8140625 0.878125 0.8140625
1 0.6796875 0.2484375 0.9265625 0.2484375 0.9265625 0.5140625 0.6796875 0.5140625
1 0.3890625 0.1203125 0.6125 0.1203125 0.6125 0.3609375 0.3890625 0.3609375
1 0.4234375 0.0640625 0.6421875 0.0640625 0.6421875 0.228125 0.4234375 0.228125
1 0.5703125 0.0875 0.796875 0.0875 0.796875 0.3296875 0.5703125 0.3296875
1 0.915625 0.3796875 1 0.3796875 1 0.60625 0.915625 0.60625
1 0.565625 0.8296875 0.8125 0.8296875 0.8125 1 0.565625 1
1 0.7546875 0.775 0.98125 0.775 0.98125 1 0.7546875 1
1 0.1703125 0.2109375 0.38125 0.2109375 0.38125 0.4375 0.1703125 0.4375
1 0.2 0.334375 0.38125 0.334375 0.38125 0.5296875 0.2 0.5296875
1 0.20625 0.0578125 0.3765625 0.0578125 0.3765625 0.2421875 0.20625 0.2421875
1 0.284375 0.04375 0.4875 0.04375 0.4875 0.2109375 0.284375 0.2109375
1 0.35 0.053125 0.5078125 0.053125 0.5078125 0.1171875 0.35 0.1171875
1 0.24375 0.0375 0.396875 0.0375 0.396875 0.1875 0.24375 0.1875
1 0.1296875 0.134375 0.2921875 0.134375 0.2921875 0.309375 0.1296875 0.309375
1 0.065625 0.209375 0.1859375 0.209375 0.1859375 0.3390625 0.065625 0.3390625
1 0.103125 0.71875 0.2875 0.71875 0.2875 0.9171875 0.103125 0.9171875