1 0.36875 0.3765625 0.621875 0.3765625 0.621875 0.646875 0.36875 0.646875
1 0.2390625 0.4796875 0.465625 0.4796875 0.465625 0.7234375 0.2390625 0.7234375
1 0.1328125 0.5359375 0.3875 0.5359375 0.3875 0.8046875 0.1328125 0.8046875
1 0.1015625 0.7453125 0.3828125 0.7453125 0.3828125 0.975 0.1015625 0.975
1 0 0.4453125 0.1828125 0.4453125 0.1828125 0.684375 0 0.684375
1 0 0.353125 0.159375 0.353125 0.159375 0.575 0 0.575
1 0 0.3109375 0.084375 0.3109375 0.084375 0.4734375 0 0.4734375
1 0.20625 0.2046875 0.4703125 0.2046875 0.4703125 0.4859375 0.20625 0.4859375
1 0.39375 0.0859375 0.659375 0.0859375 0.659375 0.3734375 0.39375 0.3734375
1 0.5 0.209375 0.7890625 0.209375 0.7890625 0.515625 0.5 0.515625
1 0.7765625 0.3390625 0.959375 0.3390625 0.959375 0.6 0.7765625 0.6
1 0.6515625 0.0453125 0.9078125 0.0453125 0.9078125 0.3203125 0.6515625 0.3203125
1 0.39375 0 0.6125 0 0.6125 0.2171875 0.39375 0.2171875
1 0.4640625 0 0.6640625 0 0.6640625 0.0671875 0.4640625 0.0671875
1 0.5765625 0 0.825 0 0.825 0.1625 0.5765625 0.1625
1 0.8703125 0.1546875 0.975 0.1546875 0.975 0.3875 0.8703125 0.3875
1 0.4015625 0.6765625 0.6375 0.6765625 0.6375 0.921875 0.4015625 0.921875
1 0.6171875 0.590625 0.8234375 0.590625 0.8234375 0.8078125 0.6171875 0.8078125
1 0.15625 0.1265625 0.3484375 0.1265625 0.3484375 0.3328125 0.15625 0.3328125
1 0.153125 0.2421875 0.328125 0.2421875 0.328125 0.43125 0.153125 0.43125
1 0.2328125 0 0.3890625 0 0.3890625 0.13125 0.2328125 0.13125
1 0.31875 0 0.5140625 0 0.5140625 0.0859375 0.31875 0.0859375
1 0.2765625 0 0.4234375 0 0.4234375 0.0734375 0.2765625 0.0734375
1 0.13125 0.053125 0.290625 0.053125 0.290625 0.2234375 0.13125 0.2234375
1 0.046875 0.1421875 0.171875 0.1421875 0.171875 0.275 0.046875 0.275
1 0 0.640625 0.1484375 0.640625 0.1484375 0.8515625 0 0.8515625