1 0 0.26875 0.35 0.26875 0.35 0.7765625 0 0.7765625
1 0.228125 0.334375 0.8859375 0.334375 0.8859375 0.9546875 0.228125 0.9546875
1 0.41875 0 0.996875 0 0.996875 0.6390625 0.41875 0.6390625
1 0.684375 0.1984375 0.99375 0.1984375 0.99375 0.70625 0.684375 0.70625
1 0.44375 0 0.8765625 0 0.8765625 0.28125 0.44375 0.28125
1 0.2984375 0 0.65 0 0.65 0.1859375 0.2984375 0.1859375
1 0.0625 0 0.5796875 0 0.5796875 0.51875 0.0625 0.51875
1 0.159375 0.2109375 0.6125 0.2109375 0.6125 0.7078125 0.159375 0.7078125
1 0 0.18125 0.134375 0.18125 0.134375 0.39375 0 0.39375
1 0.1 0 0.3796875 0 0.3796875 0.253125 0.1 0.253125
0 0.4640625 0.5625 0.715625 0.5625 0.715625 0.8453125 0.4640625 0.8453125
0 0.859375 0.3671875 0.990625 0.3671875 0.990625 0.5296875 0.859375 0.5296875
0 0.6296875 0.21875 0.8078125 0.21875 0.8078125 0.4203125 0.6296875 0.4203125
0 0.60625 0.0109375 0.74375 0.0109375 0.74375 0.159375 0.60625 0.159375
0 0.23125 0.1609375 0.4328125 0.1609375 0.4328125 0.38125 0.23125 0.38125
0 0.0421875 0.4515625 0.225 0.4515625 0.225 0.653125 0.0421875 0.653125