1 0 0.196875 0.321875 0.196875 0.321875 0.5125 0 0.5125
1 0.125 0.5828125 0.675 0.5828125 0.675 0.9984375 0.125 0.9984375
1 0.4796875 0.38125 0.953125 0.38125 0.953125 0.7578125 0.4796875 0.7578125
1 0.6375 0.6828125 0.9875 0.6828125 0.9875 0.9640625 0.6375 0.9640625
1 0.6328125 0.184375 0.9953125 0.184375 0.9953125 0.4296875 0.6328125 0.4296875
1 0.540625 0.0390625 0.85625 0.0390625 0.85625 0.2390625 0.540625 0.2390625
1 0.234375 0.1234375 0.675 0.1234375 0.675 0.3671875 0.234375 0.3671875
1 0.215625 0.3375 0.5734375 0.3375 0.5734375 0.6046875 0.215625 0.6046875
1 0.1421875 0.0203125 0.290625 0.0203125 0.290625 0.153125 0.1421875 0.153125
1 0.3515625 0.003125 0.58125 0.003125 0.58125 0.1265625 0.3515625 0.1265625
0 0.3296875 0.74375 0.5140625 0.74375 0.5140625 0.9 0.3296875 0.9
0 0.7546875 0.7890625 0.8703125 0.7890625 0.8703125 0.8875 0.7546875 0.8875
0 0.6546875 0.525 0.7796875 0.525 0.7796875 0.6359375 0.6546875 0.6359375
0 0.753125 0.315625 0.8609375 0.315625 0.8609375 0.3796875 0.753125 0.3796875
0 0.3734375 0.221875 0.5296875 0.221875 0.5296875 0.325 0.3734375 0.325
0 0.0875 0.3265625 0.225 0.3265625 0.225 0.4296875 0.0875 0.4296875