1 0 0.2265625 0.3296875 0.2265625 0.3296875 0.6921875 0 0.6921875
1 0.1625 0.4078125 0.80625 0.4078125 0.80625 0.9703125 0.1625 0.9703125
1 0.4234375 0.0859375 0.9921875 0.0859375 0.9921875 0.6671875 0.4234375 0.6671875
1 0.6484375 0.328125 0.9828125 0.328125 0.9828125 0.79375 0.6484375 0.79375
1 0.5015625 0 0.93125 0 0.93125 0.3015625 0.5015625 0.3015625
1 0.3765625 0 0.728125 0 0.728125 0.1671875 0.3765625 0.1671875
1 0.096875 0 0.615625 0 0.615625 0.45625 0.096875 0.45625
1 0.1515625 0.2296875 0.5953125 0.2296875 0.5953125 0.6734375 0.1515625 0.6734375
1 0 0.1 0.175 0.1 0.175 0.3015625 0 0.3015625
1 0.16875 0 0.45 0 0.45 0.1859375 0.16875 0.1859375
0 0.3921875 0.61875 0.634375 0.61875 0.634375 0.8734375 0.3921875 0.8734375
0 0.8171875 0.490625 0.959375 0.490625 0.959375 0.6375 0.8171875 0.6375
0 0.628125 0.29375 0.8 0.29375 0.8 0.4765625 0.628125 0.4765625
0 0.6546875 0.071875 0.790625 0.071875 0.790625 0.2015625 0.6546875 0.2015625
0 0.2640625 0.1515625 0.4625 0.1515625 0.4625 0.3453125 0.2640625 0.3453125
0 0.028125 0.396875 0.20625 0.396875 0.20625 0.578125 0.028125 0.578125