1 0 0.1921875 0.325 0.1921875 0.325 0.5171875 0 0.5171875
1 0.1328125 0.590625 0.66875 0.590625 0.66875 0.996875 0.1328125 0.996875
1 0.4796875 0.38125 0.953125 0.38125 0.953125 0.7578125 0.4796875 0.7578125
1 0.6359375 0.68125 0.9890625 0.68125 0.9890625 0.965625 0.6359375 0.965625
1 0.6296875 0.1796875 0.9984375 0.1796875 0.9984375 0.434375 0.6296875 0.434375
1 0.540625 0.0390625 0.85625 0.0390625 0.85625 0.240625 0.540625 0.240625
1 0.2296875 0.1140625 0.6796875 0.1140625 0.6796875 0.378125 0.2296875 0.378125
1 0.2125 0.334375 0.5765625 0.334375 0.5765625 0.6078125 0.2125 0.6078125
1 0.1421875 0.0203125 0.290625 0.0203125 0.290625 0.153125 0.1421875 0.153125
1 0.35 0.003125 0.5828125 0.003125 0.5828125 0.128125 0.35 0.128125
0 0.325 0.7375 0.51875 0.7375 0.51875 0.9046875 0.325 0.9046875
0 0.7546875 0.7890625 0.8703125 0.7890625 0.8703125 0.8875 0.7546875 0.8875
0 0.653125 0.521875 0.7828125 0.521875 0.7828125 0.6375 0.653125 0.6375
0 0.7515625 0.3125 0.8625 0.3125 0.8625 0.3828125 0.7515625 0.3828125
0 0.3734375 0.221875 0.5296875 0.221875 0.5296875 0.325 0.3734375 0.325
0 0.0859375 0.321875 0.228125 0.321875 0.228125 0.4328125 0.0859375 0.4328125