1 0 0 0.44375 0 0.44375 0.45 0 0.45
1 0 0.3671875 0.584375 0.3671875 0.584375 1 0 1
1 0.309375 0.2515625 0.9328125 0.2515625 0.9328125 0.85 0.309375 0.85
1 0.371875 0.5984375 0.828125 0.5984375 0.828125 0.9375 0.371875 0.9375
1 0.590625 0.1125 0.978125 0.1125 0.978125 0.5296875 0.590625 0.5296875
1 0.5984375 0 0.990625 0 0.990625 0.3 0.5984375 0.3
1 0.253125 0 0.803125 0 0.803125 0.4109375 0.253125 0.4109375
1 0.1375 0.1578125 0.609375 0.1578125 0.609375 0.6015625 0.1375 0.6015625
1 0.28125 0 0.4765625 0 0.4765625 0.0609375 0.28125 0.0609375
1 0.4765625 0 0.7546875 0 0.7546875 0.115625 0.4765625 0.115625
0 0.1125 0.6 0.375 0.6 0.375 0.859375 0.1125 0.859375
0 0.5125 0.7609375 0.6671875 0.7609375 0.6671875 0.9125 0.5125 0.9125
0 0.5296875 0.4734375 0.7046875 0.4734375 0.7046875 0.65 0.5296875 0.65
0 0.73125 0.29375 0.86875 0.29375 0.86875 0.415625 0.73125 0.415625
0 0.4140625 0.109375 0.6109375 0.109375 0.6109375 0.2859375 0.4140625 0.2859375
0 0.10625 0.14375 0.2921875 0.14375 0.2921875 0.321875 0.10625 0.321875