1 0 0.184375 0.328125 0.184375 0.328125 0.565625 0 0.565625
1 0.1125 0.603125 0.659375 0.603125 0.659375 1 0.1125 1
1 0.465625 0.45625 0.95 0.45625 0.95 0.9171875 0.465625 0.9171875
1 0.6171875 0.784375 0.978125 0.784375 0.978125 1 0.6171875 1
1 0.6265625 0.28125 0.9984375 0.28125 0.9984375 0.6 0.6265625 0.6
1 0.5421875 0.1265625 0.8640625 0.1265625 0.8640625 0.3828125 0.5421875 0.3828125
1 0.228125 0.1453125 0.684375 0.1453125 0.684375 0.4890625 0.228125 0.4890625
1 0.203125 0.3625 0.5765625 0.3625 0.5765625 0.7015625 0.203125 0.7015625
1 0.1453125 0.0375 0.2984375 0.0375 0.2984375 0.196875 0.1453125 0.196875
1 0.3546875 0.05625 0.590625 0.05625 0.590625 0.221875 0.3546875 0.221875
0 0.3078125 0.784375 0.50625 0.784375 0.50625 0.9875 0.3078125 0.9875
0 0.7375 0.9109375 0.85625 0.9109375 0.85625 1 0.7375 1
0 0.6421875 0.628125 0.775 0.628125 0.775 0.765625 0.6421875 0.765625
0 0.7484375 0.4359375 0.8609375 0.4359375 0.8609375 0.5265625 0.7484375 0.5265625
0 0.3734375 0.278125 0.53125 0.278125 0.53125 0.409375 0.3734375 0.409375
0 0.08125 0.328125 0.2265625 0.328125 0.2265625 0.4640625 0.08125 0.4640625