1 0.03125 0 0.484375 0 0.484375 0.4203125 0.03125 0.4203125
1 0 0.33125 0.5953125 0.33125 0.5953125 1 0 1
1 0.3109375 0.2859375 0.9359375 0.2859375 0.9359375 0.903125 0.3109375 0.903125
1 0.35 0.6359375 0.8078125 0.6359375 0.8078125 0.9578125 0.35 0.9578125
1 0.615625 0.178125 0.9859375 0.178125 0.9859375 0.6015625 0.615625 0.6015625
1 0.634375 0.0078125 0.99375 0.0078125 0.99375 0.3671875 0.634375 0.3671875
1 0.303125 0 0.8296875 0 0.8296875 0.4296875 0.303125 0.4296875
1 0.1671875 0.15625 0.6296875 0.15625 0.6296875 0.60625 0.1671875 0.60625
1 0.3421875 0 0.540625 0 0.540625 0.059375 0.3421875 0.059375
1 0.5328125 0 0.8046875 0 0.8046875 0.15 0.5328125 0.15
0 0.1171875 0.5921875 0.365625 0.5921875 0.365625 0.8421875 0.1171875 0.8421875
0 0.4890625 0.8015625 0.6453125 0.8015625 0.6453125 0.94375 0.4890625 0.94375
0 0.534375 0.5171875 0.7046875 0.5171875 0.7046875 0.690625 0.534375 0.690625
0 0.75 0.3609375 0.88125 0.3609375 0.88125 0.48125 0.75 0.48125
0 0.4515625 0.125 0.646875 0.125 0.646875 0.309375 0.4515625 0.309375
0 0.153125 0.1171875 0.3296875 0.1171875 0.3296875 0.290625 0.153125 0.290625