1 0 0.1953125 0.321875 0.1953125 0.321875 0.5140625 0 0.5140625
1 0.1375 0.5984375 0.6625 0.5984375 0.6625 0.9875 0.1375 0.9875
1 0.4875 0.3921875 0.946875 0.3921875 0.946875 0.746875 0.4875 0.746875
1 0.628125 0.671875 0.9984375 0.671875 0.9984375 0.975 0.628125 0.975
1 0.6359375 0.1890625 0.9921875 0.1890625 0.9921875 0.425 0.6359375 0.425
1 0.546875 0.0546875 0.85 0.0546875 0.85 0.225 0.546875 0.225
1 0.2328125 0.1203125 0.6765625 0.1203125 0.6765625 0.3703125 0.2328125 0.3703125
1 0.215625 0.3375 0.5734375 0.3375 0.5734375 0.6046875 0.215625 0.6046875
1 0.14375 0.021875 0.290625 0.021875 0.290625 0.1515625 0.14375 0.1515625
1 0.346875 0 0.5875 0 0.5875 0.134375 0.346875 0.134375
0 0.3265625 0.740625 0.5171875 0.740625 0.5171875 0.9015625 0.3265625 0.9015625
0 0.7578125 0.790625 0.86875 0.790625 0.86875 0.884375 0.7578125 0.884375
0 0.6515625 0.5203125 0.7828125 0.5203125 0.7828125 0.6390625 0.6515625 0.6390625
0 0.75 0.3109375 0.8625 0.3109375 0.8625 0.384375 0.75 0.384375
0 0.371875 0.215625 0.5328125 0.215625 0.5328125 0.33125 0.371875 0.33125
0 0.0859375 0.321875 0.228125 0.321875 0.228125 0.4328125 0.0859375 0.4328125