1 0.0046875 0.1703125 0.3390625 0.1703125 0.3390625 0.5890625 0.0046875 0.5890625
1 0.1546875 0.4203125 0.775 0.4203125 0.775 0.975 0.1546875 0.975
1 0.46875 0.1375 1 0.1375 1 0.6765625 0.46875 0.6765625
1 0.678125 0.4265625 1 0.4265625 1 0.81875 0.678125 0.81875
1 0.584375 0 0.9875 0 0.9875 0.30625 0.584375 0.30625
1 0.46875 0 0.815625 0 0.815625 0.1515625 0.46875 0.1515625
1 0.1828125 0 0.6609375 0 0.6609375 0.378125 0.1828125 0.378125
1 0.2015625 0.225 0.6046875 0.225 0.6046875 0.6140625 0.2015625 0.6140625
1 0.071875 0.0171875 0.2453125 0.0171875 0.2453125 0.2 0.071875 0.2
1 0.275 0 0.525 0 0.525 0.10625 0.275 0.10625
0 0.3859375 0.6359375 0.5984375 0.6359375 0.5984375 0.85625 0.3859375 0.85625
0 0.8140625 0.5625 0.946875 0.5625 0.946875 0.7015625 0.8140625 0.7015625
0 0.66875 0.3390625 0.8125 0.3390625 0.8125 0.49375 0.66875 0.49375
0 0.7265625 0.1125 0.8453125 0.1125 0.8453125 0.215625 0.7265625 0.215625
0 0.3359375 0.13125 0.509375 0.13125 0.509375 0.2875 0.3359375 0.2875
0 0.075 0.3328125 0.228125 0.3328125 0.228125 0.4828125 0.075 0.4828125