0 0.0 608.507136 19.84 622.599168
0 0.0 224.827392 69.76 274.788864
0 0.0 297.207552 80.64 372.790272
0 18.56 526.5185280000001 58.24 566.231808
0 35.84 19.85664 155.52 103.126272
0 46.08 473.354496 55.68 488.08704
0 75.52 552.780288 131.84 602.742528
0 100.48 525.2375040000001 113.28 536.767488
0 142.72 120.420096 168.96 186.395136
0 152.96 0.0 311.68 114.655488
0 166.4 226.108416 302.72 388.80384000000004
0 206.08 129.388032 265.6 211.37587200000002
0 507.52 157.571328 547.2 210.094848
0 517.76 379.19615999999996 531.2 393.92793600000005
0 528.64 14.732543999999999 544.64 28.823808
0 533.76 100.563456 554.88 117.858048
0 551.04 617.4743040000001 585.6 648.220416
0 556.16 142.83878399999998 568.32 153.08774400000001
0 558.72 342.68544 1023.36 453.497856
0 564.48 489.368064 586.88 520.75392
0 574.72 88.39372800000001 594.56 108.250368
0 579.84 535.486464 593.28 555.343104
0 592.0 554.06208 609.28 568.793856
0 611.84 595.055616 714.88 636.0499199999999
0 622.08 187.67616 650.24 203.689728
0 632.96 274.788864 671.36 320.266752
0 709.76 671.920128 727.04 693.057792
0 717.44 625.8017279999999 739.84 642.45504
0 736.0 588.650496 759.68 607.2261120000001
0 775.68 0.0 789.12 8.967168000000001
0 784.64 44.837376000000006 800.64 64.694016
0 808.96 212.65689600000002 845.44 248.52710399999998
0 811.52 466.949376 827.52 479.759616
0 824.32 598.899456 837.76 608.507136
0 845.44 536.767488 860.16 554.06208
0 873.6 129.388032 999.04 245.965056
0 892.16 240.84096 914.56 264.540672
0 961.92 494.49216 1000.32 525.2375040000001
0 964.48 654.625536 1023.36 689.2147199999999
0 1009.28 465.66835199999997 1022.72 481.04064
