1 0.334375 0.4140625 0.5890625 0.4140625 0.5890625 0.6578125 0.334375 0.6578125
1 0.6015625 0.3171875 0.8390625 0.3171875 0.8390625 0.5578125 0.6015625 0.5578125
1 0.690625 0.1640625 0.9 0.1640625 0.9 0.353125 0.690625 0.353125
1 0.68125 0.5109375 0.921875 0.5109375 0.921875 0.7359375 0.68125 0.7359375
1 0.1640625 0.5828125 0.4125 0.5828125 0.4125 0.828125 0.1640625 0.828125
1 0.3796875 0.1734375 0.6390625 0.1734375 0.6390625 0.428125 0.3796875 0.428125
1 0.1203125 0.1796875 0.290625 0.1796875 0.290625 0.3765625 0.1203125 0.3765625
1 0.2421875 0.1875 0.396875 0.1875 0.396875 0.3796875 0.2421875 0.3796875
1 0.2296875 0.028125 0.43125 0.028125 0.43125 0.20625 0.2296875 0.20625
1 0.3875 0.0171875 0.60625 0.0171875 0.60625 0.1703125 0.3875 0.1703125
1 0.0109375 0.09375 0.1640625 0.09375 0.1640625 0.2265625 0.0109375 0.2265625
1 0.040625 0.3234375 0.23125 0.3234375 0.23125 0.4609375 0.040625 0.4609375
1 0.1171875 0.3984375 0.29375 0.3984375 0.29375 0.584375 0.1171875 0.584375
1 0.01875 0.1984375 0.165625 0.1984375 0.165625 0.3859375 0.01875 0.3859375
1 0.9078125 0.2609375 0.9953125 0.2609375 0.9953125 0.36875 0.9078125 0.36875