1 0.2734375 0.440625 0.6109375 0.440625 0.6109375 0.8015625 0.2734375 0.8015625
1 0.5078125 0.3 0.8140625 0.3 0.8140625 0.634375 0.5078125 0.634375
1 0.546875 0.1390625 0.8078125 0.1390625 0.8078125 0.409375 0.546875 0.409375
1 0.621875 0.45 0.9640625 0.45 0.9640625 0.815625 0.621875 0.815625
1 0.1609375 0.6453125 0.4921875 0.6453125 0.4921875 1 0.1609375 1
1 0.2546875 0.203125 0.5796875 0.203125 0.5796875 0.553125 0.2546875 0.553125
1 0 0.2765625 0.2453125 0.2765625 0.2453125 0.5640625 0 0.5640625
1 0.1171875 0.2671875 0.34375 0.2671875 0.34375 0.534375 0.1171875 0.534375
1 0.059375 0.096875 0.3234375 0.096875 0.3234375 0.3703125 0.059375 0.3703125
1 0.2125 0.0546875 0.4734375 0.0546875 0.4734375 0.2953125 0.2125 0.2953125
1 0 0.24375 0.0703125 0.24375 0.0703125 0.4296875 0 0.4296875
1 0 0.4375 0.203125 0.4375 0.203125 0.659375 0 0.659375
1 0.059375 0.49375 0.3078125 0.49375 0.3078125 0.7703125 0.059375 0.7703125
1 0 0.3453125 0.115625 0.3453125 0.115625 0.5796875 0 0.5796875
1 0.771875 0.2125 0.9125 0.2125 0.9125 0.378125 0.771875 0.378125