1 0.3375 0.41875 0.5859375 0.41875 0.5859375 0.6546875 0.3375 0.6546875
1 0.6078125 0.3234375 0.8328125 0.3234375 0.8328125 0.5515625 0.6078125 0.5515625
1 0.6890625 0.1625 0.9 0.1625 0.9 0.3546875 0.6890625 0.3546875
1 0.678125 0.5046875 0.925 0.5046875 0.925 0.7421875 0.678125 0.7421875
1 0.16875 0.5875 0.4078125 0.5875 0.4078125 0.8234375 0.16875 0.8234375
1 0.384375 0.178125 0.634375 0.178125 0.634375 0.4234375 0.384375 0.4234375
1 0.115625 0.1765625 0.29375 0.1765625 0.29375 0.378125 0.115625 0.378125
1 0.246875 0.1890625 0.3921875 0.1890625 0.3921875 0.3765625 0.246875 0.3765625
1 0.2296875 0.028125 0.43125 0.028125 0.43125 0.2046875 0.2296875 0.2046875
1 0.3859375 0.015625 0.60625 0.015625 0.60625 0.171875 0.3859375 0.171875
1 0.0109375 0.09375 0.1640625 0.09375 0.1640625 0.2265625 0.0109375 0.2265625
1 0.040625 0.3234375 0.2328125 0.3234375 0.2328125 0.4625 0.040625 0.4625
1 0.1171875 0.396875 0.2953125 0.396875 0.2953125 0.5859375 0.1171875 0.5859375
1 0.0234375 0.2015625 0.1625 0.2015625 0.1625 0.384375 0.0234375 0.384375
1 0.9015625 0.2546875 0.996875 0.2546875 0.996875 0.3734375 0.9015625 0.3734375