1 0.34375 0.2890625 0.6390625 0.2890625 0.6390625 0.61875 0.34375 0.61875
1 0.5859375 0.1109375 0.859375 0.1109375 0.859375 0.4234375 0.5859375 0.4234375
1 0.63125 0 0.8828125 0 0.8828125 0.20625 0.63125 0.20625
1 0.69375 0.25 0.990625 0.25 0.990625 0.58125 0.69375 0.58125
1 0.2140625 0.5140625 0.5 0.5140625 0.5 0.840625 0.2140625 0.840625
1 0.3375 0.04375 0.6375 0.04375 0.6375 0.3828125 0.3375 0.3828125
1 0.0734375 0.165625 0.29375 0.165625 0.29375 0.434375 0.0734375 0.434375
1 0.20625 0.1421875 0.3890625 0.1421875 0.3890625 0.384375 0.20625 0.384375
1 0.153125 0 0.3921875 0 0.3921875 0.2265625 0.153125 0.2265625
1 0.303125 0 0.55625 0 0.55625 0.1390625 0.303125 0.1390625
1 0.00625 0.134375 0.134375 0.134375 0.134375 0.3140625 0.00625 0.3140625
1 0.03125 0.328125 0.2515625 0.328125 0.2515625 0.5390625 0.03125 0.5390625
1 0.121875 0.375 0.3390625 0.375 0.3390625 0.63125 0.121875 0.63125
1 0.0109375 0.2359375 0.165625 0.2359375 0.165625 0.46875 0.0109375 0.46875
1 0.859375 0 0.9796875 0 0.9796875 0.1453125 0.859375 0.1453125