1 0.3375 0.4171875 0.5875 0.4171875 0.5875 0.6546875 0.3375 0.6546875
1 0.609375 0.325 0.83125 0.325 0.83125 0.55 0.609375 0.55
1 0.696875 0.171875 0.89375 0.171875 0.89375 0.3453125 0.696875 0.3453125
1 0.675 0.503125 0.928125 0.503125 0.928125 0.74375 0.675 0.74375
1 0.1671875 0.5859375 0.409375 0.5859375 0.409375 0.8265625 0.1671875 0.8265625
1 0.390625 0.184375 0.628125 0.184375 0.628125 0.4171875 0.390625 0.4171875
1 0.1171875 0.1765625 0.2921875 0.1765625 0.2921875 0.378125 0.1171875 0.378125
1 0.24375 0.1875 0.3953125 0.1875 0.3953125 0.3796875 0.24375 0.3796875
1 0.23125 0.028125 0.4296875 0.028125 0.4296875 0.2046875 0.23125 0.2046875
1 0.390625 0.025 0.6015625 0.025 0.6015625 0.1625 0.390625 0.1625
1 0.0125 0.096875 0.1640625 0.096875 0.1640625 0.2234375 0.0125 0.2234375
1 0.04375 0.3265625 0.228125 0.3265625 0.228125 0.4578125 0.04375 0.4578125
1 0.1171875 0.396875 0.2953125 0.396875 0.2953125 0.5859375 0.1171875 0.5859375
1 0.0265625 0.203125 0.1578125 0.203125 0.1578125 0.38125 0.0265625 0.38125
1 0.9015625 0.2546875 0.996875 0.2546875 0.996875 0.3734375 0.9015625 0.3734375