1 0.2171875 0.2515625 0.59375 0.2515625 0.59375 0.64375 0.2171875 0.64375
1 0.4890625 0.2890625 0.85 0.2890625 0.85 0.66875 0.4890625 0.66875
1 0.6890625 0.1984375 0.9734375 0.1984375 0.9734375 0.5078125 0.6890625 0.5078125
1 0.4375 0.5 0.790625 0.5 0.790625 0.8671875 0.4375 0.8671875
1 0 0.3234375 0.35 0.3234375 0.35 0.7140625 0 0.7140625
1 0.4 0.05625 0.7875 0.05625 0.7875 0.4609375 0.4 0.4609375
1 0.2359375 0 0.5109375 0 0.5109375 0.24375 0.2359375 0.24375
1 0.33125 0.015625 0.5859375 0.015625 0.5859375 0.29375 0.33125 0.29375
1 0.4296875 0 0.7140625 0 0.7140625 0.159375 0.4296875 0.159375
1 0.571875 0 0.859375 0 0.859375 0.2109375 0.571875 0.2109375
1 0.25 0 0.4578125 0 0.4578125 0.0484375 0.25 0.0484375
1 0.1203125 0.0421875 0.3734375 0.0421875 0.3734375 0.29375 0.1203125 0.29375
1 0.1015625 0.1453125 0.371875 0.1453125 0.371875 0.4328125 0.1015625 0.4328125
1 0.153125 0 0.3984375 0 0.3984375 0.190625 0.153125 0.190625
1 0.8546875 0.403125 0.95625 0.403125 0.95625 0.553125 0.8546875 0.553125