1 0.315625 0.353125 0.6609375 0.353125 0.6609375 0.709375 0.315625 0.709375
1 0.4859375 0.128125 0.8171875 0.128125 0.8171875 0.4734375 0.4859375 0.4734375
1 0.4765625 0 0.75625 0 0.75625 0.2546875 0.4765625 0.2546875
1 0.6578125 0.2390625 0.9828125 0.2390625 0.9828125 0.571875 0.6578125 0.571875
1 0.2640625 0.5921875 0.6046875 0.5921875 0.6046875 0.946875 0.2640625 0.946875
1 0.221875 0.1265625 0.578125 0.1265625 0.578125 0.496875 0.221875 0.496875
1 0.00625 0.334375 0.25625 0.334375 0.25625 0.603125 0.00625 0.603125
1 0.1140625 0.2796875 0.3484375 0.2796875 0.3484375 0.534375 0.1140625 0.534375
1 0.0171875 0.1296875 0.2828125 0.1296875 0.2828125 0.4 0.0171875 0.4
1 0.1421875 0.0203125 0.409375 0.0203125 0.409375 0.2796875 0.1421875 0.2796875
1 0 0.3390625 0.06875 0.3390625 0.06875 0.5375 0 0.5375
1 0.01875 0.4875 0.253125 0.4875 0.253125 0.7171875 0.01875 0.7171875
1 0.125 0.5125 0.3734375 0.5125 0.3734375 0.7734375 0.125 0.7734375
1 0 0.421875 0.15625 0.421875 0.15625 0.665625 0 0.665625
1 0.7125 0 0.84375 0 0.84375 0.1375 0.7125 0.1375