1 0.3390625 0.4453125 0.68125 0.4453125 0.68125 0.8234375 0.3390625 0.8234375
1 0.5296875 0.2859375 0.8484375 0.2859375 0.8484375 0.64375 0.5296875 0.64375
1 0.521875 0.1125 0.8109375 0.1125 0.8109375 0.4265625 0.521875 0.4265625
1 0.678125 0.434375 1 0.434375 1 0.815625 0.678125 0.815625
1 0.2734375 0.6609375 0.6078125 0.6609375 0.6078125 1 0.2734375 1
1 0.2625 0.196875 0.6125 0.196875 0.6125 0.5859375 0.2625 0.5859375
1 0.028125 0.3015625 0.290625 0.3015625 0.290625 0.6046875 0.028125 0.6046875
1 0.15 0.2921875 0.375 0.2921875 0.375 0.5609375 0.15 0.5609375
1 0.05625 0.115625 0.3265625 0.115625 0.3265625 0.4078125 0.05625 0.4078125
1 0.1859375 0.05 0.465625 0.05 0.465625 0.3359375 0.1859375 0.3359375
1 0.0140625 0.28125 0.103125 0.28125 0.103125 0.48125 0.0140625 0.48125
1 0.0328125 0.459375 0.278125 0.459375 0.278125 0.709375 0.0328125 0.709375
1 0.1359375 0.515625 0.3921875 0.515625 0.3921875 0.8078125 0.1359375 0.8078125
1 0.0203125 0.3796875 0.175 0.3796875 0.175 0.6296875 0.0203125 0.6296875
1 0.75625 0.19375 0.9015625 0.19375 0.9015625 0.3671875 0.75625 0.3671875