1 0.2953125 0.2671875 0.659375 0.2671875 0.659375 0.6453125 0.2953125 0.6453125
1 0.5796875 0.3421875 0.9109375 0.3421875 0.9109375 0.6890625 0.5796875 0.6890625
1 0.7703125 0.2625 1 0.2625 1 0.5484375 0.7703125 0.5484375
1 0.51875 0.5265625 0.8859375 0.5265625 0.8859375 0.9078125 0.51875 0.9078125
1 0.05625 0.3171875 0.4171875 0.3171875 0.4171875 0.69375 0.05625 0.69375
1 0.478125 0.1015625 0.828125 0.1015625 0.828125 0.4671875 0.478125 0.4671875
1 0.2796875 0 0.559375 0 0.559375 0.2453125 0.2796875 0.2453125
1 0.3828125 0.03125 0.6359375 0.03125 0.6359375 0.3015625 0.3828125 0.3015625
1 0.4765625 0 0.7546875 0 0.7546875 0.1765625 0.4765625 0.1765625
1 0.63125 0 0.8953125 0 0.8953125 0.2359375 0.63125 0.2359375
1 0.29375 0 0.496875 0 0.496875 0.0421875 0.29375 0.0421875
1 0.1765625 0.0359375 0.415625 0.0359375 0.415625 0.278125 0.1765625 0.278125
1 0.1578125 0.1359375 0.43125 0.1359375 0.43125 0.421875 0.1578125 0.421875
1 0.20625 0 0.43125 0 0.43125 0.1703125 0.20625 0.1703125
1 0.925 0.4578125 1 0.4578125 1 0.6203125 0.925 0.6203125