0 734.72 511.03192 807.04 589.06164
0 0.0 472.01706 28.16 523.18382
0 0.64 543.011145 54.4 595.457485
0 223.36 152.22207 253.44 182.28261
0 323.2 279.50055 359.68 314.67804
0 324.48 244.32306 364.8 282.059025
0 341.76 353.05311 358.4 384.39323
0 364.8 337.063155 404.48 364.56590500000004
0 563.2 314.67804 585.6 334.505365
0 594.56 340.90121 615.68 362.00743
0 598.4 264.15038499999997 624.64 295.490505
0 610.56 244.32306 639.36 274.3836
0 620.8 421.489405 643.2 445.79389
0 652.16 250.71890499999998 677.12 276.942075
0 685.44 335.78426 705.92 354.33269
0 819.2 411.89529500000003 881.92 494.402175
0 821.76 0.0 883.2 68.436295
0 832.0 106.81136500000001 883.2 152.22207
0 837.12 255.835855 905.6 347.936845
0 863.36 632.55366 940.8 684.36021
0 878.08 117.04458 942.08 203.389515
0 909.44 524.4634 963.2 596.73638
0 934.4 319.1552 1014.4 376.717805
0 995.84 507.833655 1023.36 582.665795
