0 148.48 526.99543 174.72 546.8455200000001
0 156.16 562.213665 177.28 585.906308
0 170.88 544.284507 200.96 573.0991759999999
0 186.88 495.61905900000005 232.32 530.8372939999999
0 194.56 583.344606 222.08 605.756398
0 206.08 310.561927 228.48 334.25457
0 219.52 560.932814 243.2 592.309185
0 225.92 74.279023 348.16 140.873629
0 247.04 16.648996 349.44 62.112661
0 409.6 534.679158 554.24 591.0290229999999
0 480.64 281.747258 665.6 402.13002700000004
0 484.48 0.0 665.6 67.235376
0 636.8 378.438073 732.16 434.787249
0 678.4 643.536335 771.84 684.517366
0 780.8 616.0018279999999 819.2 679.3946510000001
0 819.2 612.1599640000001 840.32 632.0100540000001
0 823.04 133.189901 850.56 163.285421
0 826.88 637.132769 850.56 662.106263
0 850.56 164.566272 895.36 209.389167
0 881.92 200.424588 914.56 233.08181
0 940.8 217.073584 964.48 252.93189999999998
