0 18.561336 764.16 42.88257 786.56
0 22.401495 709.76 51.843168 748.16
0 22.401495 793.6 56.963606999999996 858.24
0 35.842392 676.48 56.963606999999996 697.6
0 67.84394400000001 896.64 85.125 907.52
0 71.043963 578.56 92.16517800000001 590.72
0 71.043963 805.76 95.365878 844.16
0 78.084822 734.08 111.36665400000001 764.16
0 81.284841 664.32 107.52649500000001 683.52
0 92.16517800000001 889.6 116.487093 908.8
0 99.206037 958.08 116.487093 974.08
0 106.24621499999999 533.12 120.32725199999999 545.28
0 130.567449 497.92 151.688664 515.2
0 149.768925 646.4 165.769701 672.64
0 158.729523 805.76 190.090935 824.96
0 161.929542 984.32 190.090935 1008.64
0 195.211374 707.84 211.21214999999998 728.96
0 207.37199099999998 561.28 230.413626 578.56
0 252.815121 466.56 270.735636 483.84
0 254.73486 581.76 264.975738 592.64
0 270.735636 860.16 284.81667300000004 874.24
0 270.735636 963.2 291.217392 981.12
0 284.81667300000004 469.76 312.338607 494.72
0 302.09772899999996 492.8 319.378785 506.88
0 302.09772899999996 718.72 338.57958 746.24
0 305.297748 772.48 347.54017799999997 817.92
0 309.137907 295.04 321.298524 305.28
0 309.137907 907.52 331.539402 933.76
0 309.137907 855.04 338.57958 876.16
0 319.378785 459.52 338.57958 478.72
0 319.378785 487.68 342.42042000000004 496.0
0 324.49922399999997 263.68 347.54017799999997 280.96
0 324.49922399999997 592.64 347.54017799999997 625.92
0 337.299981 893.44 376.981851 921.6
