0 589.44 367.359744 637.44 412.160256
0 645.12 419.199744 674.56 451.839744
0 654.72 344.96025599999996 695.68 379.520256
0 688.64 395.52 720.64 426.879744
0 728.32 450.56025600000004 766.72 480.0
0 731.52 410.88 757.76 436.479744
0 772.48 409.599744 792.32 428.15999999999997
0 780.16 470.40000000000003 794.88 486.39974400000006
0 786.56 428.15999999999997 808.96 449.28
0 797.44 464.00025600000004 821.12 498.56025600000004
0 816.0 414.08025599999996 832.0 424.32
0 838.4 444.159744 848.64 456.320256
0 850.56 455.04 863.36 466.56000000000006
0 853.12 375.680256 940.16 414.08025599999996
0 865.92 420.48 895.36 441.59999999999997
0 910.08 403.20000000000005 953.6 425.60025599999994
0 913.92 444.159744 935.04 465.27974399999994
