0 769.28 46.77184 837.76 118.531918
0 23.04 421.58926299999996 40.32 440.16959499999996
0 92.8 518.9775500000001 117.76 546.528404
0 133.12 472.84636400000005 147.84 488.86407999999994
0 164.48 425.43318700000003 185.6 444.01420199999995
0 241.92 487.582772 263.04 508.085066
0 255.36 470.283065 268.16 480.534895
0 405.12 538.839873 421.76 551.653636
0 466.56 535.63592 487.68 555.498243
0 682.88 97.38828699999999 730.24 157.615227
0 688.0 183.884773 707.84 210.153636
0 827.52 146.082772 867.84 207.59102
0 865.28 136.471596 894.08 171.070327
0 867.84 292.805515 899.2 316.512445
0 871.68 396.60102500000005 892.8 417.74465599999996
0 891.52 265.255344 924.16 297.93143
0 895.36 173.63294299999998 920.32 198.62118099999998
0 921.6 328.685554 942.72 350.469839
0 925.44 36.520693 970.24 74.96334800000001
0 945.28 262.692045 971.52 300.494046
0 984.96 256.285505 1008.64 283.835676
