1 0.1015625 0.4328125 0.146875 0.4328125 0.146875 0.475 0.1015625 0.475
1 0.1265625 0.421875 0.1734375 0.421875 0.1734375 0.4703125 0.1265625 0.4703125
1 0.203125 0.284375 0.2578125 0.284375 0.2578125 0.3390625 0.203125 0.3390625
1 0.2296875 0.325 0.278125 0.325 0.278125 0.3703125 0.2296875 0.3703125
1 0.2546875 0.3484375 0.3015625 0.3484375 0.3015625 0.39375 0.2546875 0.39375
1 0.278125 0.278125 0.3125 0.278125 0.3125 0.3078125 0.278125 0.3078125
1 0.3296875 0.2484375 0.3890625 0.2484375 0.3890625 0.3046875 0.3296875 0.3046875
1 0.296875 0.5515625 0.35625 0.5515625 0.35625 0.60625 0.296875 0.60625
1 0.1546875 0.6046875 0.2078125 0.6046875 0.2078125 0.6578125 0.1546875 0.6578125
1 0.478125 0.6828125 0.528125 0.6828125 0.528125 0.734375 0.478125 0.734375
1 0.4328125 0.7265625 0.4875 0.7265625 0.4875 0.784375 0.4328125 0.784375
1 0.10625 0.55625 0.146875 0.55625 0.146875 0.5953125 0.10625 0.5953125
1 0.728125 0.684375 0.78125 0.684375 0.78125 0.7328125 0.728125 0.7328125
1 0.7 0.7 0.746875 0.7 0.746875 0.746875 0.7 0.746875
1 0.625 0.790625 0.6859375 0.790625 0.6859375 0.8484375 0.625 0.8484375
1 0.4578125 0.8515625 0.5328125 0.8515625 0.5328125 0.9234375 0.4578125 0.9234375
1 0.440625 0.9484375 0.5046875 0.9484375 0.5046875 1 0.440625 1
1 0.4921875 0.9515625 0.5484375 0.9515625 0.5484375 1 0.4921875 1
1 0.6609375 0.9375 0.715625 0.9375 0.715625 0.9859375 0.6609375 0.9859375
1 0.771875 0.8078125 0.8234375 0.8078125 0.8234375 0.859375 0.771875 0.859375
1 0.8359375 0.634375 0.8921875 0.634375 0.8921875 0.6859375 0.8359375 0.6859375
1 0.9328125 0.6984375 0.9875 0.6984375 0.9875 0.7546875 0.9328125 0.7546875
1 0.9078125 0.4703125 0.9625 0.4703125 0.9625 0.5265625 0.9078125 0.5265625
1 0.946875 0.440625 1 0.440625 1 0.5 0.946875 0.5
1 0.934375 0.4765625 0.9921875 0.4765625 0.9921875 0.53125 0.934375 0.53125
1 0.871875 0.478125 0.928125 0.478125 0.928125 0.528125 0.871875 0.528125
1 0.821875 0.5578125 0.8625 0.5578125 0.8625 0.5984375 0.821875 0.5984375
1 0.815625 0.34375 0.86875 0.34375 0.86875 0.396875 0.815625 0.396875
1 0.821875 0.321875 0.871875 0.321875 0.871875 0.3734375 0.821875 0.3734375
1 0.703125 0.3296875 0.75625 0.3296875 0.75625 0.38125 0.703125 0.38125
1 0.6453125 0.3546875 0.7015625 0.3546875 0.7015625 0.409375 0.6453125 0.409375
1 0.4015625 0.4640625 0.4640625 0.4640625 0.4640625 0.521875 0.4015625 0.521875
1 0.4859375 0.2390625 0.5359375 0.2390625 0.5359375 0.2859375 0.4859375 0.2859375
1 0.5 0.2203125 0.55 0.2203125 0.55 0.2625 0.5 0.2625
1 0.659375 0.175 0.6953125 0.175 0.6953125 0.20625 0.659375 0.20625
1 0.421875 0.1859375 0.48125 0.1859375 0.48125 0.2421875 0.421875 0.2421875
1 0.4625 0.140625 0.5125 0.140625 0.5125 0.190625 0.4625 0.190625
1 0.478125 0.1140625 0.5296875 0.1140625 0.5296875 0.1609375 0.478125 0.1609375
1 0.45 0.1125 0.4890625 0.1125 0.4890625 0.1484375 0.45 0.1484375
1 0.4203125 0.13125 0.459375 0.13125 0.459375 0.16875 0.4203125 0.16875
1 0.3671875 0.0890625 0.4171875 0.0890625 0.4171875 0.1359375 0.3671875 0.1359375
1 0.36875 0.0578125 0.415625 0.0578125 0.415625 0.1046875 0.36875 0.1046875
1 0.3515625 0.0125 0.4125 0.0125 0.4125 0.0671875 0.3515625 0.0671875
1 0.2078125 0.153125 0.2609375 0.153125 0.2609375 0.2015625 0.2078125 0.2015625
1 0.26875 0.1015625 0.315625 0.1015625 0.315625 0.1453125 0.26875 0.1453125
1 0.29375 0.121875 0.33125 0.121875 0.33125 0.159375 0.29375 0.159375
1 0.271875 0.209375 0.3078125 0.209375 0.3078125 0.24375 0.271875 0.24375