1 0.1640625 0.2546875 0.196875 0.2546875 0.196875 0.2859375 0.1640625 0.2859375
1 0.1921875 0.25625 0.2234375 0.25625 0.2234375 0.29375 0.1921875 0.29375
1 0.3265625 0.178125 0.365625 0.178125 0.365625 0.21875 0.3265625 0.21875
1 0.33125 0.2265625 0.365625 0.2265625 0.365625 0.2546875 0.33125 0.2546875
1 0.340625 0.253125 0.3765625 0.253125 0.3765625 0.290625 0.340625 0.290625
1 0.3984375 0.203125 0.428125 0.203125 0.428125 0.221875 0.3984375 0.221875
1 0.459375 0.2125 0.496875 0.2125 0.496875 0.2484375 0.459375 0.2484375
1 0.26875 0.4515625 0.3171875 0.4515625 0.3171875 0.4953125 0.26875 0.4953125
1 0.11875 0.4296875 0.1578125 0.4296875 0.1578125 0.4671875 0.11875 0.4671875
1 0.365625 0.65 0.3984375 0.65 0.3984375 0.690625 0.365625 0.690625
1 0.3015625 0.6671875 0.3375 0.6671875 0.3375 0.7125 0.3015625 0.7125
1 0.10625 0.3609375 0.134375 0.3609375 0.134375 0.3890625 0.10625 0.3890625
1 0.5828125 0.7734375 0.6234375 0.7734375 0.6234375 0.8078125 0.5828125 0.8078125
1 0.55 0.76875 0.5828125 0.76875 0.5828125 0.80625 0.55 0.80625
1 0.4359375 0.8171875 0.48125 0.8171875 0.48125 0.8578125 0.4359375 0.8578125
1 0.2546875 0.79375 0.3109375 0.79375 0.3109375 0.846875 0.2546875 0.846875
1 0.19375 0.865625 0.2421875 0.865625 0.2421875 0.9078125 0.19375 0.9078125
1 0.2390625 0.8890625 0.275 0.8890625 0.275 0.934375 0.2390625 0.934375
1 0.390625 0.9609375 0.4359375 0.9609375 0.4359375 0.9921875 0.390625 0.9921875
1 0.559375 0.8984375 0.5921875 0.8984375 0.5921875 0.9390625 0.559375 0.9390625
1 0.703125 0.784375 0.74375 0.784375 0.74375 0.81875 0.703125 0.81875
1 0.753125 0.884375 0.7921875 0.884375 0.7921875 0.925 0.753125 0.925
1 0.8515625 0.6765625 0.8859375 0.6765625 0.8859375 0.7171875 0.8515625 0.7171875
1 0.896875 0.675 0.946875 0.675 0.946875 0.7125 0.896875 0.7125
1 0.86875 0.6953125 0.9125 0.6953125 0.9125 0.734375 0.86875 0.734375
1 0.8125 0.665625 0.8578125 0.665625 0.8578125 0.7 0.8125 0.7
1 0.73125 0.70625 0.7609375 0.70625 0.7609375 0.734375 0.73125 0.734375
1 0.834375 0.5234375 0.871875 0.5234375 0.871875 0.5609375 0.834375 0.5609375
1 0.853125 0.5046875 0.884375 0.5046875 0.884375 0.54375 0.853125 0.54375
1 0.7421875 0.45625 0.78125 0.45625 0.78125 0.4953125 0.7421875 0.4953125
1 0.6796875 0.4515625 0.71875 0.4515625 0.71875 0.490625 0.6796875 0.490625
1 0.4078125 0.4296875 0.45625 0.4296875 0.45625 0.471875 0.4078125 0.471875
1 0.6 0.2734375 0.6359375 0.2734375 0.6359375 0.309375 0.6 0.309375
1 0.6234375 0.2671875 0.6609375 0.2671875 0.6609375 0.29375 0.6234375 0.29375
1 0.7875 0.2984375 0.8140625 0.2984375 0.8140625 0.3203125 0.7875 0.3203125
1 0.5703125 0.2 0.6125 0.2 0.6125 0.240625 0.5703125 0.240625
1 0.6296875 0.178125 0.6640625 0.178125 0.6640625 0.2140625 0.6296875 0.2140625
1 0.6578125 0.1625 0.69375 0.1625 0.69375 0.1984375 0.6578125 0.1984375
1 0.634375 0.1453125 0.6640625 0.1453125 0.6640625 0.1703125 0.634375 0.1703125
1 0.6015625 0.146875 0.625 0.146875 0.625 0.1734375 0.6015625 0.1734375
1 0.571875 0.0875 0.6109375 0.0875 0.6109375 0.121875 0.571875 0.121875
1 0.590625 0.0609375 0.6234375 0.0609375 0.6234375 0.0953125 0.590625 0.0953125
1 0.5953125 0.0203125 0.6453125 0.0203125 0.6453125 0.05625 0.5953125 0.05625
1 0.4 0.0671875 0.440625 0.0671875 0.440625 0.103125 0.4 0.103125
1 0.48125 0.0515625 0.5140625 0.0515625 0.5140625 0.08125 0.48125 0.08125
1 0.49375 0.0765625 0.5203125 0.0765625 0.5203125 0.1078125 0.49375 0.1078125
1 0.4265625 0.14375 0.4578125 0.14375 0.4578125 0.165625 0.4265625 0.165625