1 0.0875 0.5234375 0.134375 0.5234375 0.134375 0.5765625 0.0875 0.5765625
1 0.1109375 0.5140625 0.1578125 0.5140625 0.1578125 0.5671875 0.1109375 0.5671875
1 0.159375 0.3671875 0.215625 0.3671875 0.215625 0.4296875 0.159375 0.4296875
1 0.1953125 0.4078125 0.240625 0.4078125 0.240625 0.4578125 0.1953125 0.4578125
1 0.2203125 0.4265625 0.2703125 0.4265625 0.2703125 0.48125 0.2203125 0.48125
1 0.23125 0.353125 0.265625 0.353125 0.265625 0.3921875 0.23125 0.3921875
1 0.28125 0.321875 0.3359375 0.321875 0.3359375 0.3828125 0.28125 0.3828125
1 0.2984375 0.6234375 0.3609375 0.6234375 0.3609375 0.6953125 0.2984375 0.6953125
1 0.16875 0.69375 0.225 0.69375 0.225 0.7546875 0.16875 0.7546875
1 0.5 0.7453125 0.553125 0.7453125 0.553125 0.80625 0.5 0.80625
1 0.4640625 0.79375 0.5203125 0.79375 0.5203125 0.859375 0.4640625 0.859375
1 0.1140625 0.6484375 0.15625 0.6484375 0.15625 0.696875 0.1140625 0.696875
1 0.74375 0.725 0.8 0.725 0.8 0.7875 0.74375 0.7875
1 0.7171875 0.74375 0.76875 0.74375 0.76875 0.8015625 0.7171875 0.8015625
1 0.6640625 0.840625 0.725 0.840625 0.725 0.909375 0.6640625 0.909375
1 0.5125 0.9140625 0.5890625 0.9140625 0.5890625 1 0.5125 1
1 0.725 0.9875 0.7796875 0.9875 0.7796875 1 0.725 1
1 0.809375 0.846875 0.8609375 0.846875 0.8609375 0.9078125 0.809375 0.9078125
1 0.840625 0.6671875 0.896875 0.6671875 0.896875 0.728125 0.840625 0.728125
1 0.946875 0.725 1 0.725 1 0.7890625 0.946875 0.7890625
1 0.88125 0.496875 0.9375 0.496875 0.9375 0.559375 0.88125 0.559375
1 0.915625 0.4609375 0.9796875 0.4609375 0.9796875 0.5328125 0.915625 0.5328125
1 0.909375 0.5 0.9671875 0.5 0.9671875 0.565625 0.909375 0.565625
1 0.8484375 0.50625 0.9015625 0.50625 0.9015625 0.5640625 0.8484375 0.5640625
1 0.8140625 0.5953125 0.8515625 0.5953125 0.8515625 0.6375 0.8140625 0.6375
1 0.771875 0.3796875 0.8203125 0.3796875 0.8203125 0.434375 0.771875 0.434375
1 0.7703125 0.3546875 0.821875 0.3546875 0.821875 0.4125 0.7703125 0.4125
1 0.6546875 0.36875 0.7125 0.36875 0.7125 0.434375 0.6546875 0.434375
1 0.6046875 0.4 0.6609375 0.4 0.6609375 0.4640625 0.6046875 0.4640625
1 0.3859375 0.528125 0.4515625 0.528125 0.4515625 0.6 0.3859375 0.6
1 0.4296875 0.2984375 0.4765625 0.2984375 0.4765625 0.3515625 0.4296875 0.3515625
1 0.440625 0.2765625 0.4875 0.2765625 0.4875 0.328125 0.440625 0.328125
1 0.5859375 0.2203125 0.6203125 0.2203125 0.6203125 0.259375 0.5859375 0.259375
1 0.353125 0.24375 0.41875 0.24375 0.41875 0.31875 0.353125 0.31875
1 0.3875 0.2 0.4375 0.2 0.4375 0.259375 0.3875 0.259375
1 0.3984375 0.1734375 0.4484375 0.1734375 0.4484375 0.228125 0.3984375 0.228125
1 0.3703125 0.175 0.4078125 0.175 0.4078125 0.2171875 0.3703125 0.2171875
1 0.3453125 0.1984375 0.38125 0.1984375 0.38125 0.2390625 0.3453125 0.2390625
1 0.284375 0.1546875 0.3359375 0.1546875 0.3359375 0.2109375 0.284375 0.2109375
1 0.28125 0.1265625 0.328125 0.1265625 0.328125 0.1796875 0.28125 0.1796875
1 0.2578125 0.0765625 0.31875 0.0765625 0.31875 0.14375 0.2578125 0.14375
1 0.1390625 0.228125 0.196875 0.228125 0.196875 0.29375 0.1390625 0.29375
1 0.19375 0.1796875 0.2359375 0.1796875 0.2359375 0.2265625 0.19375 0.2265625
1 0.2203125 0.196875 0.2578125 0.196875 0.2578125 0.240625 0.2203125 0.240625
1 0.2140625 0.2875 0.2484375 0.2875 0.2484375 0.3265625 0.2140625 0.3265625