1 0.2859375 0.1109375 0.3328125 0.1109375 0.3328125 0.1578125 0.2859375 0.1578125
1 0.309375 0.1203125 0.35625 0.1203125 0.35625 0.171875 0.309375 0.171875
1 0.4609375 0.0859375 0.5171875 0.0859375 0.5171875 0.14375 0.4609375 0.14375
1 0.45625 0.134375 0.5015625 0.134375 0.5015625 0.178125 0.45625 0.178125
1 0.4515625 0.1609375 0.5046875 0.1609375 0.5046875 0.215625 0.4515625 0.215625
1 0.53125 0.1328125 0.5671875 0.1328125 0.5671875 0.165625 0.53125 0.165625
1 0.578125 0.1578125 0.63125 0.1578125 0.63125 0.2109375 0.578125 0.2109375
1 0.31875 0.33125 0.384375 0.33125 0.384375 0.3953125 0.31875 0.3953125
1 0.1859375 0.265625 0.240625 0.265625 0.240625 0.3203125 0.1859375 0.3203125
1 0.35 0.55 0.4 0.55 0.4 0.6046875 0.35 0.6046875
1 0.28125 0.546875 0.3375 0.546875 0.3375 0.609375 0.28125 0.609375
1 0.1984375 0.196875 0.2390625 0.196875 0.2390625 0.2375 0.1984375 0.2375
1 0.51875 0.734375 0.5734375 0.734375 0.5734375 0.7859375 0.51875 0.7859375
1 0.4890625 0.7203125 0.5375 0.7203125 0.5375 0.771875 0.4890625 0.771875
1 0.3625 0.73125 0.425 0.73125 0.425 0.7921875 0.3625 0.7921875
1 0.19375 0.653125 0.271875 0.653125 0.271875 0.73125 0.19375 0.73125
1 0.115625 0.7046875 0.18125 0.7046875 0.18125 0.76875 0.115625 0.76875
1 0.1515625 0.7421875 0.2078125 0.7421875 0.2078125 0.803125 0.1515625 0.803125
1 0.278125 0.8546875 0.3375 0.8546875 0.3375 0.90625 0.278125 0.90625
1 0.4546875 0.846875 0.50625 0.846875 0.50625 0.9015625 0.4546875 0.9015625
1 0.63125 0.78125 0.684375 0.78125 0.684375 0.8328125 0.63125 0.8328125
1 0.6453125 0.890625 0.7 0.890625 0.7 0.94375 0.6453125 0.94375
1 0.8046875 0.721875 0.8546875 0.721875 0.8546875 0.7765625 0.8046875 0.7765625
1 0.8484375 0.73125 0.9140625 0.73125 0.9140625 0.7921875 0.8484375 0.7921875
1 0.815625 0.7453125 0.875 0.7453125 0.875 0.8015625 0.815625 0.8015625
1 0.771875 0.6984375 0.83125 0.6984375 0.83125 0.753125 0.771875 0.753125
1 0.6859375 0.715625 0.7265625 0.715625 0.7265625 0.75625 0.6859375 0.75625
1 0.8375 0.56875 0.890625 0.56875 0.890625 0.6234375 0.8375 0.6234375
1 0.8609375 0.5578125 0.9078125 0.5578125 0.9078125 0.609375 0.8609375 0.609375
1 0.7703125 0.478125 0.825 0.478125 0.825 0.5328125 0.7703125 0.5328125
1 0.7125 0.4546875 0.7671875 0.4546875 0.7671875 0.509375 0.7125 0.509375
1 0.4578125 0.3515625 0.5234375 0.3515625 0.5234375 0.4140625 0.4578125 0.4140625
1 0.69375 0.259375 0.7453125 0.259375 0.7453125 0.3109375 0.69375 0.3109375
1 0.721875 0.2609375 0.7703125 0.2609375 0.7703125 0.303125 0.721875 0.303125
1 0.8703125 0.3390625 0.9046875 0.3390625 0.9046875 0.3734375 0.8703125 0.3734375
1 0.6875 0.1796875 0.7453125 0.1796875 0.7453125 0.2390625 0.6875 0.2390625
1 0.7515625 0.1765625 0.8015625 0.1765625 0.8015625 0.228125 0.7515625 0.228125
1 0.784375 0.1703125 0.834375 0.1703125 0.834375 0.221875 0.784375 0.221875
1 0.771875 0.1484375 0.8109375 0.1484375 0.8109375 0.184375 0.771875 0.184375
1 0.7375 0.1390625 0.7734375 0.1390625 0.7734375 0.1765625 0.7375 0.1765625
1 0.7265625 0.0734375 0.778125 0.0734375 0.778125 0.1234375 0.7265625 0.1234375
1 0.7515625 0.053125 0.8 0.053125 0.8 0.1015625 0.7515625 0.1015625
1 0.76875 0.0125 0.834375 0.0125 0.834375 0.071875 0.76875 0.071875
1 0.5671875 0.0015625 0.6234375 0.0015625 0.6234375 0.0546875 0.5671875 0.0546875
1 0.653125 0.0125 0.6984375 0.0125 0.6984375 0.0546875 0.653125 0.0546875
1 0.6578125 0.0390625 0.696875 0.0390625 0.696875 0.08125 0.6578125 0.08125
1 0.575 0.0828125 0.615625 0.0828125 0.615625 0.11875 0.575 0.11875