1 0.1625 0.2546875 0.1984375 0.2546875 0.1984375 0.2859375 0.1625 0.2859375
1 0.1921875 0.2578125 0.2234375 0.2578125 0.2234375 0.29375 0.1921875 0.29375
1 0.3265625 0.178125 0.365625 0.178125 0.365625 0.21875 0.3265625 0.21875
1 0.33125 0.2265625 0.365625 0.2265625 0.365625 0.2546875 0.33125 0.2546875
1 0.340625 0.2546875 0.375 0.2546875 0.375 0.290625 0.340625 0.290625
1 0.3984375 0.203125 0.428125 0.203125 0.428125 0.221875 0.3984375 0.221875
1 0.459375 0.2109375 0.496875 0.2109375 0.496875 0.25 0.459375 0.25
1 0.2703125 0.4515625 0.315625 0.4515625 0.315625 0.4953125 0.2703125 0.4953125
1 0.11875 0.4296875 0.1578125 0.4296875 0.1578125 0.4671875 0.11875 0.4671875
1 0.3640625 0.65 0.4 0.65 0.4 0.690625 0.3640625 0.690625
1 0.3015625 0.6671875 0.3375 0.6671875 0.3375 0.7125 0.3015625 0.7125
1 0.10625 0.359375 0.134375 0.359375 0.134375 0.390625 0.10625 0.390625
1 0.58125 0.7734375 0.6234375 0.7734375 0.6234375 0.809375 0.58125 0.809375
1 0.55 0.76875 0.5828125 0.76875 0.5828125 0.80625 0.55 0.80625
1 0.4359375 0.8171875 0.48125 0.8171875 0.48125 0.8578125 0.4359375 0.8578125
1 0.2546875 0.79375 0.3109375 0.79375 0.3109375 0.846875 0.2546875 0.846875
1 0.1953125 0.8671875 0.240625 0.8671875 0.240625 0.90625 0.1953125 0.90625
1 0.240625 0.8890625 0.2734375 0.8890625 0.2734375 0.9328125 0.240625 0.9328125
1 0.3921875 0.9609375 0.434375 0.9609375 0.434375 0.9921875 0.3921875 0.9921875
1 0.559375 0.8984375 0.5921875 0.8984375 0.5921875 0.9390625 0.559375 0.9390625
1 0.7015625 0.784375 0.74375 0.784375 0.74375 0.8203125 0.7015625 0.8203125
1 0.753125 0.884375 0.7921875 0.884375 0.7921875 0.925 0.753125 0.925
1 0.8515625 0.675 0.8875 0.675 0.8875 0.7171875 0.8515625 0.7171875
1 0.896875 0.675 0.946875 0.675 0.946875 0.7125 0.896875 0.7125
1 0.86875 0.6953125 0.9125 0.6953125 0.9125 0.734375 0.86875 0.734375
1 0.8125 0.66875 0.8578125 0.66875 0.8578125 0.696875 0.8125 0.696875
1 0.7328125 0.7078125 0.759375 0.7078125 0.759375 0.734375 0.7328125 0.734375
1 0.8359375 0.525 0.8703125 0.525 0.8703125 0.5609375 0.8359375 0.5609375
1 0.8515625 0.5046875 0.8859375 0.5046875 0.8859375 0.54375 0.8515625 0.54375
1 0.7421875 0.45625 0.7828125 0.45625 0.7828125 0.496875 0.7421875 0.496875
1 0.6796875 0.4515625 0.7203125 0.4515625 0.7203125 0.490625 0.6796875 0.490625
1 0.4078125 0.4296875 0.45625 0.4296875 0.45625 0.471875 0.4078125 0.471875
1 0.6015625 0.2734375 0.634375 0.2734375 0.634375 0.3078125 0.6015625 0.3078125
1 0.6234375 0.2671875 0.6609375 0.2671875 0.6609375 0.29375 0.6234375 0.29375
1 0.7875 0.2984375 0.8140625 0.2984375 0.8140625 0.3203125 0.7875 0.3203125
1 0.5671875 0.1984375 0.615625 0.1984375 0.615625 0.24375 0.5671875 0.24375
1 0.6296875 0.1765625 0.6640625 0.1765625 0.6640625 0.215625 0.6296875 0.215625
1 0.6578125 0.1640625 0.69375 0.1640625 0.69375 0.196875 0.6578125 0.196875
1 0.634375 0.1453125 0.6640625 0.1453125 0.6640625 0.1703125 0.634375 0.1703125
1 0.6015625 0.146875 0.625 0.146875 0.625 0.1734375 0.6015625 0.1734375
1 0.571875 0.0890625 0.6109375 0.0890625 0.6109375 0.1203125 0.571875 0.1203125
1 0.590625 0.0609375 0.6234375 0.0609375 0.6234375 0.0953125 0.590625 0.0953125
1 0.5953125 0.0203125 0.6453125 0.0203125 0.6453125 0.0546875 0.5953125 0.0546875
1 0.3984375 0.065625 0.440625 0.065625 0.440625 0.103125 0.3984375 0.103125
1 0.48125 0.053125 0.5140625 0.053125 0.5140625 0.0796875 0.48125 0.0796875
1 0.4953125 0.0765625 0.51875 0.0765625 0.51875 0.10625 0.4953125 0.10625
1 0.428125 0.14375 0.45625 0.14375 0.45625 0.1640625 0.428125 0.1640625