1 0.1625 0.2625 0.1984375 0.2625 0.1984375 0.296875 0.1625 0.296875
1 0.1890625 0.2671875 0.2234375 0.2671875 0.2234375 0.309375 0.1890625 0.309375
1 0.3296875 0.209375 0.3703125 0.209375 0.3703125 0.25625 0.3296875 0.25625
1 0.3296875 0.25625 0.36875 0.25625 0.36875 0.29375 0.3296875 0.29375
1 0.3390625 0.2890625 0.3734375 0.2890625 0.3734375 0.3265625 0.3390625 0.3265625
1 0.403125 0.2453125 0.4296875 0.2453125 0.4296875 0.26875 0.403125 0.26875
1 0.45625 0.2609375 0.5015625 0.2609375 0.5015625 0.3078125 0.45625 0.3078125
1 0.2546875 0.4765625 0.3 0.4765625 0.3 0.5203125 0.2546875 0.5203125
1 0.1046875 0.4296875 0.1453125 0.4296875 0.1453125 0.4734375 0.1046875 0.4734375
1 0.3359375 0.684375 0.371875 0.684375 0.371875 0.7296875 0.3359375 0.7296875
1 0.2703125 0.6921875 0.309375 0.6921875 0.309375 0.74375 0.2703125 0.74375
1 0.096875 0.359375 0.128125 0.359375 0.128125 0.3921875 0.096875 0.3921875
1 0.5421875 0.840625 0.5859375 0.840625 0.5859375 0.8796875 0.5421875 0.8796875
1 0.5109375 0.83125 0.5453125 0.83125 0.5453125 0.871875 0.5109375 0.871875
1 0.3921875 0.8625 0.440625 0.8625 0.440625 0.909375 0.3921875 0.909375
1 0.215625 0.8109375 0.271875 0.8109375 0.271875 0.871875 0.215625 0.871875
1 0.146875 0.875 0.1984375 0.875 0.1984375 0.9234375 0.146875 0.9234375
1 0.190625 0.903125 0.23125 0.903125 0.23125 0.9546875 0.190625 0.9546875
1 0.340625 0.9984375 0.3859375 0.9984375 0.3859375 1 0.340625 1
1 0.5109375 0.959375 0.546875 0.959375 0.546875 1 0.5109375 1
1 0.6609375 0.8671875 0.70625 0.8671875 0.70625 0.909375 0.6609375 0.909375
1 0.70625 0.9734375 0.746875 0.9734375 0.746875 1 0.70625 1
1 0.8171875 0.7796875 0.85625 0.7796875 0.85625 0.828125 0.8171875 0.828125
1 0.8640625 0.7875 0.9171875 0.7875 0.9171875 0.8328125 0.8640625 0.8328125
1 0.834375 0.8046875 0.8796875 0.8046875 0.8796875 0.8484375 0.834375 0.8484375
1 0.78125 0.7671875 0.828125 0.7671875 0.828125 0.80625 0.78125 0.80625
1 0.696875 0.79375 0.728125 0.79375 0.728125 0.8265625 0.696875 0.8265625
1 0.8125 0.628125 0.853125 0.628125 0.853125 0.6703125 0.8125 0.6703125
1 0.83125 0.609375 0.8671875 0.609375 0.8671875 0.65625 0.83125 0.65625
1 0.725 0.5484375 0.765625 0.5484375 0.765625 0.5921875 0.725 0.5921875
1 0.6609375 0.534375 0.7046875 0.534375 0.7046875 0.578125 0.6609375 0.578125
1 0.39375 0.4734375 0.440625 0.4734375 0.440625 0.5203125 0.39375 0.5203125
1 0.5953125 0.3453125 0.634375 0.3453125 0.634375 0.3828125 0.5953125 0.3828125
1 0.61875 0.340625 0.6609375 0.340625 0.6609375 0.3734375 0.61875 0.3734375
1 0.7828125 0.3953125 0.809375 0.3953125 0.809375 0.421875 0.7828125 0.421875
1 0.5703125 0.2671875 0.615625 0.2671875 0.615625 0.3140625 0.5703125 0.3140625
1 0.6328125 0.253125 0.6671875 0.253125 0.6671875 0.2953125 0.6328125 0.2953125
1 0.6609375 0.24375 0.7 0.24375 0.7 0.2828125 0.6609375 0.2828125
1 0.640625 0.221875 0.6703125 0.221875 0.6703125 0.2515625 0.640625 0.2515625
1 0.6046875 0.2171875 0.634375 0.2171875 0.634375 0.25 0.6046875 0.25
1 0.58125 0.15625 0.621875 0.15625 0.621875 0.19375 0.58125 0.19375
1 0.6015625 0.13125 0.6375 0.13125 0.6375 0.1703125 0.6015625 0.1703125
1 0.609375 0.0921875 0.6609375 0.0921875 0.6609375 0.134375 0.609375 0.134375
1 0.409375 0.1109375 0.453125 0.1109375 0.453125 0.15 0.409375 0.15
1 0.490625 0.10625 0.5296875 0.10625 0.5296875 0.140625 0.490625 0.140625
1 0.5046875 0.134375 0.53125 0.134375 0.53125 0.165625 0.5046875 0.165625
1 0.434375 0.1890625 0.4640625 0.1890625 0.4640625 0.215625 0.434375 0.215625