1 0.1375 0.353125 0.18125 0.353125 0.18125 0.396875 0.1375 0.396875
1 0.1640625 0.353125 0.20625 0.353125 0.20625 0.4 0.1640625 0.4
1 0.2671875 0.253125 0.3171875 0.253125 0.3171875 0.3078125 0.2671875 0.3078125
1 0.2875 0.3015625 0.3296875 0.3015625 0.3296875 0.3421875 0.2875 0.3421875
1 0.3046875 0.328125 0.35 0.328125 0.35 0.3765625 0.3046875 0.3765625
1 0.34375 0.26875 0.378125 0.26875 0.378125 0.3 0.34375 0.3
1 0.403125 0.2671875 0.453125 0.2671875 0.453125 0.31875 0.403125 0.31875
1 0.303125 0.5328125 0.3625 0.5328125 0.3625 0.5921875 0.303125 0.5921875
1 0.153125 0.534375 0.2046875 0.534375 0.2046875 0.5859375 0.153125 0.5859375
1 0.4578125 0.7171875 0.50625 0.7171875 0.50625 0.771875 0.4578125 0.771875
1 0.4046875 0.74375 0.45625 0.74375 0.45625 0.803125 0.4046875 0.803125
1 0.1171875 0.46875 0.15625 0.46875 0.15625 0.509375 0.1171875 0.509375
1 0.703125 0.8078125 0.759375 0.8078125 0.759375 0.8578125 0.703125 0.8578125
1 0.6734375 0.809375 0.71875 0.809375 0.71875 0.859375 0.6734375 0.859375
1 0.58125 0.871875 0.6390625 0.871875 0.6390625 0.9296875 0.58125 0.9296875
1 0.4015625 0.871875 0.475 0.871875 0.475 0.9453125 0.4015625 0.9453125
1 0.3703125 0.9578125 0.4265625 0.9578125 0.4265625 1 0.3703125 1
1 0.4203125 0.9765625 0.46875 0.9765625 0.46875 1 0.4203125 1
1 0.725 0.9375 0.771875 0.9375 0.771875 0.990625 0.725 0.990625
1 0.8203125 0.8 0.8765625 0.8 0.8765625 0.8515625 0.8203125 0.8515625
1 0.9046875 0.89375 0.9546875 0.89375 0.9546875 0.9484375 0.9046875 0.9484375
1 0.928125 0.671875 0.9765625 0.671875 0.9765625 0.728125 0.928125 0.728125
1 0.9703125 0.6609375 1 0.6609375 1 0.71875 0.9703125 0.71875
1 0.9515625 0.6875 1 0.6875 1 0.7421875 0.9515625 0.7421875
1 0.8890625 0.66875 0.94375 0.66875 0.94375 0.7140625 0.8890625 0.7140625
1 0.8265625 0.7234375 0.8609375 0.7234375 0.8609375 0.7609375 0.8265625 0.7609375
1 0.8640625 0.525 0.909375 0.525 0.909375 0.5734375 0.8640625 0.5734375
1 0.871875 0.503125 0.9171875 0.503125 0.9171875 0.5546875 0.871875 0.5546875
1 0.7515625 0.46875 0.8046875 0.46875 0.8046875 0.5234375 0.7515625 0.5234375
1 0.690625 0.4734375 0.74375 0.4734375 0.74375 0.5265625 0.690625 0.5265625
1 0.425 0.4890625 0.4875 0.4890625 0.4875 0.55 0.425 0.55
1 0.5578125 0.309375 0.6015625 0.309375 0.6015625 0.3546875 0.5578125 0.3546875
1 0.5765625 0.2984375 0.6234375 0.2984375 0.6234375 0.3390625 0.5765625 0.3390625
1 0.7421875 0.3078125 0.775 0.3078125 0.775 0.340625 0.7421875 0.340625
1 0.5 0.234375 0.5625 0.234375 0.5625 0.2984375 0.5 0.2984375
1 0.553125 0.209375 0.5984375 0.209375 0.5984375 0.259375 0.553125 0.259375
1 0.575 0.190625 0.621875 0.190625 0.621875 0.2390625 0.575 0.2390625
1 0.546875 0.178125 0.584375 0.178125 0.584375 0.2125 0.546875 0.2125
1 0.515625 0.1859375 0.5484375 0.1859375 0.5484375 0.2203125 0.515625 0.2203125
1 0.46875 0.128125 0.5171875 0.128125 0.5171875 0.175 0.46875 0.175
1 0.478125 0.1 0.521875 0.1 0.521875 0.1453125 0.478125 0.1453125
1 0.4671875 0.0546875 0.528125 0.0546875 0.528125 0.1046875 0.4671875 0.1046875
1 0.296875 0.1296875 0.3515625 0.1296875 0.3515625 0.1828125 0.296875 0.1828125
1 0.3703125 0.1078125 0.4125 0.1078125 0.4125 0.146875 0.3703125 0.146875
1 0.3921875 0.13125 0.425 0.13125 0.425 0.16875 0.3921875 0.16875
1 0.3515625 0.20625 0.3859375 0.20625 0.3859375 0.2375 0.3515625 0.2375