1 0.1640625 0.2546875 0.196875 0.2546875 0.196875 0.284375 0.1640625 0.284375
1 0.1921875 0.25625 0.2234375 0.25625 0.2234375 0.29375 0.1921875 0.29375
1 0.3265625 0.178125 0.365625 0.178125 0.365625 0.21875 0.3265625 0.21875
1 0.33125 0.225 0.3671875 0.225 0.3671875 0.25625 0.33125 0.25625
1 0.340625 0.2546875 0.375 0.2546875 0.375 0.2890625 0.340625 0.2890625
1 0.4 0.203125 0.4265625 0.203125 0.4265625 0.221875 0.4 0.221875
1 0.45625 0.2109375 0.5 0.2109375 0.5 0.2515625 0.45625 0.2515625
1 0.271875 0.4546875 0.3140625 0.4546875 0.3140625 0.4921875 0.271875 0.4921875
1 0.11875 0.4296875 0.1578125 0.4296875 0.1578125 0.4671875 0.11875 0.4671875
1 0.365625 0.65 0.3984375 0.65 0.3984375 0.690625 0.365625 0.690625
1 0.3015625 0.6671875 0.3375 0.6671875 0.3375 0.7125 0.3015625 0.7125
1 0.10625 0.3609375 0.134375 0.3609375 0.134375 0.3890625 0.10625 0.3890625
1 0.5828125 0.7734375 0.6234375 0.7734375 0.6234375 0.8078125 0.5828125 0.8078125
1 0.5515625 0.7703125 0.5828125 0.7703125 0.5828125 0.80625 0.5515625 0.80625
1 0.4359375 0.8171875 0.48125 0.8171875 0.48125 0.8578125 0.4359375 0.8578125
1 0.25625 0.79375 0.309375 0.79375 0.309375 0.846875 0.25625 0.846875
1 0.19375 0.8671875 0.2421875 0.8671875 0.2421875 0.9078125 0.19375 0.9078125
1 0.2375 0.8890625 0.2765625 0.8890625 0.2765625 0.934375 0.2375 0.934375
1 0.3921875 0.9609375 0.434375 0.9609375 0.434375 0.9921875 0.3921875 0.9921875
1 0.559375 0.8984375 0.5921875 0.8984375 0.5921875 0.9390625 0.559375 0.9390625
1 0.7015625 0.784375 0.74375 0.784375 0.74375 0.8203125 0.7015625 0.8203125
1 0.753125 0.884375 0.7921875 0.884375 0.7921875 0.925 0.753125 0.925
1 0.8515625 0.675 0.8875 0.675 0.8875 0.7171875 0.8515625 0.7171875
1 0.896875 0.675 0.946875 0.675 0.946875 0.7125 0.896875 0.7125
1 0.86875 0.6953125 0.9125 0.6953125 0.9125 0.734375 0.86875 0.734375
1 0.8125 0.6671875 0.8578125 0.6671875 0.8578125 0.6984375 0.8125 0.6984375
1 0.73125 0.70625 0.7609375 0.70625 0.7609375 0.734375 0.73125 0.734375
1 0.834375 0.5234375 0.871875 0.5234375 0.871875 0.5609375 0.834375 0.5609375
1 0.8515625 0.5046875 0.8859375 0.5046875 0.8859375 0.5453125 0.8515625 0.5453125
1 0.7421875 0.45625 0.78125 0.45625 0.78125 0.4953125 0.7421875 0.4953125
1 0.6796875 0.4515625 0.7203125 0.4515625 0.7203125 0.490625 0.6796875 0.490625
1 0.409375 0.43125 0.4546875 0.43125 0.4546875 0.471875 0.409375 0.471875
1 0.6 0.2734375 0.6359375 0.2734375 0.6359375 0.3078125 0.6 0.3078125
1 0.621875 0.2671875 0.6625 0.2671875 0.6625 0.29375 0.621875 0.29375
1 0.7875 0.2984375 0.8140625 0.2984375 0.8140625 0.3203125 0.7875 0.3203125
1 0.5703125 0.2 0.6125 0.2 0.6125 0.240625 0.5703125 0.240625
1 0.6296875 0.1765625 0.6640625 0.1765625 0.6640625 0.215625 0.6296875 0.215625
1 0.6578125 0.1640625 0.69375 0.1640625 0.69375 0.196875 0.6578125 0.196875
1 0.634375 0.1453125 0.6640625 0.1453125 0.6640625 0.1703125 0.634375 0.1703125
1 0.6 0.1453125 0.6265625 0.1453125 0.6265625 0.175 0.6 0.175
1 0.571875 0.0890625 0.6109375 0.0890625 0.6109375 0.1203125 0.571875 0.1203125
1 0.590625 0.0609375 0.6234375 0.0609375 0.6234375 0.0953125 0.590625 0.0953125
1 0.596875 0.0203125 0.6453125 0.0203125 0.6453125 0.0546875 0.596875 0.0546875
1 0.4 0.0671875 0.440625 0.0671875 0.440625 0.1015625 0.4 0.1015625
1 0.4796875 0.0515625 0.515625 0.0515625 0.515625 0.08125 0.4796875 0.08125
1 0.4953125 0.0765625 0.51875 0.0765625 0.51875 0.10625 0.4953125 0.10625
1 0.428125 0.14375 0.45625 0.14375 0.45625 0.165625 0.428125 0.165625