1 0.115625 0.41875 0.1625 0.41875 0.1625 0.4625 0.115625 0.4625
1 0.140625 0.409375 0.1890625 0.409375 0.1890625 0.459375 0.140625 0.459375
1 0.2171875 0.2765625 0.2734375 0.2765625 0.2734375 0.33125 0.2171875 0.33125
1 0.2453125 0.3203125 0.2921875 0.3203125 0.2921875 0.3609375 0.2453125 0.3609375
1 0.265625 0.3390625 0.31875 0.3390625 0.31875 0.3890625 0.265625 0.3890625
1 0.2921875 0.271875 0.328125 0.271875 0.328125 0.303125 0.2921875 0.303125
1 0.3484375 0.2484375 0.4015625 0.2484375 0.4015625 0.2984375 0.3484375 0.2984375
1 0.30625 0.54375 0.3734375 0.54375 0.3734375 0.6046875 0.30625 0.6046875
1 0.1671875 0.59375 0.221875 0.59375 0.221875 0.6453125 0.1671875 0.6453125
1 0.490625 0.684375 0.5421875 0.684375 0.5421875 0.7359375 0.490625 0.7359375
1 0.4453125 0.7265625 0.5015625 0.7265625 0.5015625 0.7828125 0.4453125 0.7828125
1 0.1203125 0.5421875 0.1609375 0.5421875 0.1609375 0.58125 0.1203125 0.58125
1 0.7421875 0.696875 0.796875 0.696875 0.796875 0.7453125 0.7421875 0.7453125
1 0.7109375 0.7078125 0.7609375 0.7078125 0.7609375 0.759375 0.7109375 0.759375
1 0.6359375 0.7984375 0.7 0.7984375 0.7 0.8546875 0.6359375 0.8546875
1 0.46875 0.853125 0.546875 0.853125 0.546875 0.925 0.46875 0.925
1 0.453125 0.946875 0.51875 0.946875 0.51875 1 0.453125 1
1 0.5046875 0.953125 0.5609375 0.953125 0.5609375 1 0.5046875 1
1 0.671875 0.946875 0.7296875 0.946875 0.7296875 0.9953125 0.671875 0.9953125
1 0.784375 0.8203125 0.8359375 0.8203125 0.8359375 0.8734375 0.784375 0.8734375
1 0.85 0.653125 0.9046875 0.653125 0.9046875 0.7015625 0.85 0.7015625
1 0.9453125 0.7203125 1 0.7203125 1 0.7734375 0.9453125 0.7734375
1 0.925 0.4921875 0.9765625 0.4921875 0.9765625 0.54375 0.925 0.54375
1 0.9625 0.4625 1 0.4625 1 0.521875 0.9625 0.521875
1 0.9484375 0.4984375 1 0.4984375 1 0.5515625 0.9484375 0.5515625
1 0.884375 0.4953125 0.94375 0.4953125 0.94375 0.546875 0.884375 0.546875
1 0.8359375 0.5734375 0.878125 0.5734375 0.878125 0.6140625 0.8359375 0.6140625
1 0.8296875 0.3609375 0.8859375 0.3609375 0.8859375 0.4125 0.8296875 0.4125
1 0.8390625 0.3390625 0.8875 0.3390625 0.8875 0.3875 0.8390625 0.3875
1 0.7171875 0.3421875 0.771875 0.3421875 0.771875 0.39375 0.7171875 0.39375
1 0.6609375 0.365625 0.715625 0.365625 0.715625 0.4171875 0.6609375 0.4171875
1 0.4140625 0.4609375 0.48125 0.4609375 0.48125 0.5234375 0.4140625 0.5234375
1 0.5015625 0.2421875 0.553125 0.2421875 0.553125 0.290625 0.5015625 0.290625
1 0.5171875 0.225 0.5671875 0.225 0.5671875 0.265625 0.5171875 0.265625
1 0.675 0.184375 0.7125 0.184375 0.7125 0.2171875 0.675 0.2171875
1 0.4375 0.1859375 0.4984375 0.1859375 0.4984375 0.24375 0.4375 0.24375
1 0.478125 0.14375 0.528125 0.14375 0.528125 0.1921875 0.478125 0.1921875
1 0.4953125 0.1171875 0.546875 0.1171875 0.546875 0.165625 0.4953125 0.165625
1 0.465625 0.115625 0.5046875 0.115625 0.5046875 0.15 0.465625 0.15
1 0.4375 0.134375 0.475 0.134375 0.475 0.16875 0.4375 0.16875
1 0.3828125 0.0875 0.4359375 0.0875 0.4359375 0.134375 0.3828125 0.134375
1 0.384375 0.0578125 0.4328125 0.0578125 0.4328125 0.103125 0.384375 0.103125
1 0.3671875 0.0109375 0.43125 0.0109375 0.43125 0.065625 0.3671875 0.065625
1 0.221875 0.14375 0.278125 0.14375 0.278125 0.19375 0.221875 0.19375
1 0.284375 0.0984375 0.33125 0.0984375 0.33125 0.1390625 0.284375 0.1390625
1 0.309375 0.115625 0.35 0.115625 0.35 0.1578125 0.309375 0.1578125
1 0.2859375 0.2046875 0.325 0.2046875 0.325 0.2390625 0.2859375 0.2390625