1 0.4765625 0.2921875 0.7 0.2921875 0.7 0.5703125 0.4765625 0.5703125
1 0.4359375 0.471875 0.746875 0.471875 0.746875 0.803125 0.4359375 0.803125
1 0.0734375 0.3390625 0.3203125 0.3390625 0.3203125 0.6390625 0.0734375 0.6390625
1 0 0.496875 0.1859375 0.496875 0.1859375 0.7578125 0 0.7578125
1 0.11875 0.490625 0.3859375 0.490625 0.3859375 0.7859375 0.11875 0.7859375
1 0.209375 0.578125 0.45625 0.578125 0.45625 0.8578125 0.209375 0.8578125
1 0.203125 0.7609375 0.40625 0.7609375 0.40625 0.9640625 0.203125 0.9640625
1 0.8296875 0.75625 1 0.75625 1 1 0.8296875 1
1 0.59375 0.84375 0.8234375 0.84375 0.8234375 1 0.59375 1
1 0.390625 0.8453125 0.609375 0.8453125 0.609375 1 0.390625 1
1 0.15625 0.89375 0.390625 0.89375 0.390625 1 0.15625 1
1 0.19375 0.74375 0.4140625 0.74375 0.4140625 0.975 0.19375 0.975
1 0.0546875 0.778125 0.25 0.778125 0.25 1 0.0546875 1
1 0.0453125 0.09375 0.265625 0.09375 0.265625 0.3578125 0.0453125 0.3578125
1 0.13125 0.1046875 0.353125 0.1046875 0.353125 0.3578125 0.13125 0.3578125
1 0.7078125 0.3921875 0.9296875 0.3921875 0.9296875 0.646875 0.7078125 0.646875
1 0.625 0.6 0.9171875 0.6 0.9171875 0.9375 0.625 0.9375
1 0.828125 0.621875 1 0.621875 1 0.8328125 0.828125 0.8328125
1 0.296875 0.6359375 0.5484375 0.6359375 0.5484375 0.9390625 0.296875 0.9390625
1 0.615625 0.278125 0.8390625 0.278125 0.8390625 0.50625 0.615625 0.50625
1 0.5625 0.0828125 0.753125 0.0828125 0.753125 0.2703125 0.5625 0.2703125
1 0.646875 0.0953125 0.8578125 0.0953125 0.8578125 0.253125 0.646875 0.253125
1 0.3203125 0.0484375 0.4625 0.0484375 0.4625 0.1953125 0.3203125 0.1953125
1 0.440625 0.0640625 0.6515625 0.0640625 0.6515625 0.184375 0.440625 0.184375
1 0.25625 0.1421875 0.4625 0.1421875 0.4625 0.35 0.25625 0.35
1 0.184375 0.215625 0.4796875 0.215625 0.4796875 0.5203125 0.184375 0.5203125
1 0.46875 0.759375 0.703125 0.759375 0.703125 1 0.46875 1