1 0.484375 0.19375 0.7078125 0.19375 0.7078125 0.4421875 0.484375 0.4421875
1 0.36875 0.38125 0.6734375 0.38125 0.6734375 0.6625 0.36875 0.6625
1 0.065625 0.21875 0.3140625 0.21875 0.3140625 0.4859375 0.065625 0.4859375
1 0 0.3625 0.128125 0.3625 0.128125 0.5984375 0 0.5984375
1 0.0546875 0.3734375 0.3203125 0.3734375 0.3203125 0.6296875 0.0546875 0.6296875
1 0.109375 0.459375 0.3640625 0.459375 0.3640625 0.7140625 0.109375 0.7140625
1 0.053125 0.6390625 0.25625 0.6390625 0.25625 0.8109375 0.053125 0.8109375
1 0.659375 0.671875 0.875 0.671875 0.875 0.9125 0.659375 0.9125
1 0.3953125 0.7375 0.640625 0.7375 0.640625 0.940625 0.3953125 0.940625
1 0.1953125 0.73125 0.4203125 0.73125 0.4203125 0.953125 0.1953125 0.953125
1 0 0.765625 0.1890625 0.765625 0.1890625 0.9734375 0 0.9734375
1 0.040625 0.6171875 0.2703125 0.6171875 0.2703125 0.828125 0.040625 0.828125
1 0 0.65 0.0796875 0.65 0.0796875 0.8625 0 0.8625
1 0.1375 0 0.3578125 0 0.3578125 0.209375 0.1375 0.209375
1 0.2203125 0 0.440625 0 0.440625 0.2125 0.2203125 0.2125
1 0.6828125 0.3109375 0.9 0.3109375 0.9 0.5296875 0.6828125 0.5296875
1 0.5 0.509375 0.8015625 0.509375 0.8015625 0.815625 0.5 0.815625
1 0.71875 0.534375 0.9046875 0.534375 0.9046875 0.7265625 0.71875 0.7265625
1 0.184375 0.5359375 0.4140625 0.5359375 0.4140625 0.7828125 0.184375 0.7828125
1 0.6421875 0.196875 0.85625 0.196875 0.85625 0.38125 0.6421875 0.38125
1 0.6625 0 0.8625 0 0.8625 0.1578125 0.6625 0.1578125
1 0.7640625 0 0.9734375 0 0.9734375 0.1421875 0.7640625 0.1421875
1 0.4484375 0 0.5890625 0 0.5890625 0.065625 0.4484375 0.065625
1 0.575 0 0.7828125 0 0.7828125 0.0546875 0.575 0.0546875
1 0.3375 0.034375 0.54375 0.034375 0.54375 0.2109375 0.3375 0.2109375
1 0.2203125 0.1125 0.515625 0.1125 0.515625 0.3703125 0.2203125 0.3703125
1 0.3109375 0.6625 0.5359375 0.6625 0.5359375 0.86875 0.3109375 0.86875