1 0.384375 0.2390625 0.68125 0.2390625 0.68125 0.5859375 0.384375 0.5859375
1 0.440625 0.4171875 0.7953125 0.4171875 0.7953125 0.8140625 0.440625 0.8140625
1 0.075 0.4421875 0.3671875 0.4421875 0.3671875 0.78125 0.075 0.78125
1 0.0625 0.6421875 0.3046875 0.6421875 0.3046875 0.93125 0.0625 0.93125
1 0.1703125 0.5625 0.484375 0.5625 0.484375 0.915625 0.1703125 0.915625
1 0.2875 0.6296875 0.5703125 0.6296875 0.5703125 0.9515625 0.2875 0.9515625
1 0.3375 0.8046875 0.5875 0.8046875 0.5875 1 0.3375 1
1 0.88125 0.5828125 1 0.5828125 1 0.878125 0.88125 0.878125
1 0.7046875 0.7328125 0.9859375 0.7328125 0.9859375 1 0.7046875 1
1 0.540625 0.8265625 0.80625 0.8265625 0.80625 1 0.540625 1
1 0.35625 0.946875 0.6296875 0.946875 0.6296875 1 0.35625 1
1 0.3265625 0.790625 0.5953125 0.790625 0.5953125 1 0.3265625 1
1 0.225 0.89375 0.4703125 0.89375 0.4703125 1 0.225 1
1 0.00625 0.225 0.209375 0.225 0.209375 0.5140625 0.00625 0.5140625
1 0.021875 0.1890625 0.2890625 0.1890625 0.2890625 0.490625 0.021875 0.490625
1 0.6375 0.26875 0.896875 0.26875 0.896875 0.565625 0.6375 0.565625
1 0.646875 0.478125 1 0.478125 1 0.8859375 0.646875 0.8859375
1 0.825 0.459375 1 0.459375 1 0.70625 0.825 0.70625
1 0.390625 0.6609375 0.6765625 0.6609375 0.6765625 0.990625 0.390625 0.990625
1 0.515625 0.190625 0.7578125 0.190625 0.7578125 0.4546875 0.515625 0.4546875
1 0.38125 0.065625 0.596875 0.065625 0.596875 0.25 0.38125 0.25
1 0.440625 0.075 0.671875 0.075 0.671875 0.1921875 0.440625 0.1921875
1 0.1625 0.090625 0.3171875 0.090625 0.3171875 0.2625 0.1625 0.2625
1 0.259375 0.04375 0.471875 0.04375 0.471875 0.2109375 0.259375 0.2109375
1 0.1421875 0.178125 0.3828125 0.178125 0.3828125 0.4453125 0.1421875 0.4453125
1 0.1171875 0.2546875 0.4578125 0.2546875 0.4578125 0.6296875 0.1171875 0.6296875
1 0.571875 0.7046875 0.85625 0.7046875 0.85625 1 0.571875 1