1 0.5265625 0.2609375 0.709375 0.2609375 0.709375 0.471875 0.5265625 0.471875
1 0.4453125 0.4515625 0.7125 0.4515625 0.7125 0.6875 0.4453125 0.6875
1 0.109375 0.284375 0.3140625 0.284375 0.3140625 0.5109375 0.109375 0.5109375
1 0 0.4234375 0.1515625 0.4234375 0.1515625 0.6296875 0 0.6296875
1 0.121875 0.440625 0.35 0.440625 0.35 0.6546875 0.121875 0.6546875
1 0.196875 0.5296875 0.40625 0.5296875 0.40625 0.734375 0.196875 0.734375
1 0.1546875 0.7 0.3328125 0.7 0.3328125 0.8390625 0.1546875 0.8390625
1 0.7875 0.7359375 0.9625 0.7359375 0.9625 0.94375 0.7875 0.94375
1 0.5296875 0.8125 0.734375 0.8125 0.734375 0.95625 0.5296875 0.95625
1 0.325 0.796875 0.5109375 0.796875 0.5109375 0.9765625 0.325 0.9765625
1 0.078125 0.8328125 0.2828125 0.8328125 0.2828125 0.9984375 0.078125 0.9984375
1 0.1484375 0.6859375 0.3375 0.6859375 0.3375 0.8484375 0.1484375 0.8484375
1 0 0.7046875 0.159375 0.7046875 0.159375 0.8984375 0 0.8984375
1 0.134375 0.0390625 0.3171875 0.0390625 0.3171875 0.2375 0.134375 0.2375
1 0.2171875 0.05625 0.4046875 0.05625 0.4046875 0.2421875 0.2171875 0.2421875
1 0.7390625 0.375 0.9265625 0.375 0.9265625 0.5625 0.7390625 0.5625
1 0.6109375 0.584375 0.85625 0.584375 0.85625 0.834375 0.6109375 0.834375
1 0.815625 0.5984375 0.9671875 0.5984375 0.9671875 0.7578125 0.815625 0.7578125
1 0.2734375 0.590625 0.4828125 0.590625 0.4828125 0.81875 0.2734375 0.81875
1 0.6703125 0.2578125 0.8640625 0.2578125 0.8640625 0.4171875 0.6703125 0.4171875
1 0.6609375 0.05 0.8265625 0.05 0.8265625 0.1859375 0.6609375 0.1859375
1 0.75625 0 0.934375 0 0.934375 0.175 0.75625 0.175
1 0.4234375 0 0.5453125 0 0.5453125 0.103125 0.4234375 0.103125
1 0.5453125 0 0.7421875 0 0.7421875 0.090625 0.5453125 0.090625
1 0.3359375 0.0984375 0.5171875 0.0984375 0.5171875 0.2421875 0.3359375 0.2421875
1 0.2453125 0.1828125 0.5015625 0.1828125 0.5015625 0.39375 0.2453125 0.39375
1 0.421875 0.721875 0.6234375 0.721875 0.6234375 0.9 0.421875 0.9