1 0.525 0.259375 0.7109375 0.259375 0.7109375 0.4734375 0.525 0.4734375
1 0.446875 0.453125 0.7109375 0.453125 0.7109375 0.6859375 0.446875 0.6859375
1 0.1078125 0.284375 0.315625 0.284375 0.315625 0.5125 0.1078125 0.5125
1 0 0.421875 0.153125 0.421875 0.153125 0.6296875 0 0.6296875
1 0.121875 0.440625 0.35 0.440625 0.35 0.6546875 0.121875 0.6546875
1 0.1921875 0.525 0.409375 0.525 0.409375 0.7390625 0.1921875 0.7390625
1 0.1546875 0.7 0.3328125 0.7 0.3328125 0.8390625 0.1546875 0.8390625
1 0.7859375 0.7359375 0.9640625 0.7359375 0.9640625 0.9453125 0.7859375 0.9453125
1 0.5234375 0.803125 0.7390625 0.803125 0.7390625 0.965625 0.5234375 0.965625
1 0.321875 0.79375 0.5140625 0.79375 0.5140625 0.98125 0.321875 0.98125
1 0.075 0.828125 0.2859375 0.828125 0.2859375 0.9984375 0.075 0.9984375
1 0.14375 0.68125 0.3421875 0.68125 0.3421875 0.8546875 0.14375 0.8546875
1 0.0015625 0.7078125 0.1546875 0.7078125 0.1546875 0.8953125 0.0015625 0.8953125
1 0.1328125 0.0375 0.3171875 0.0375 0.3171875 0.2390625 0.1328125 0.2390625
1 0.2171875 0.05625 0.4046875 0.05625 0.4046875 0.2421875 0.2171875 0.2421875
1 0.740625 0.3765625 0.925 0.3765625 0.925 0.5609375 0.740625 0.5609375
1 0.60625 0.5796875 0.8609375 0.5796875 0.8609375 0.8390625 0.60625 0.8390625
1 0.8125 0.596875 0.96875 0.596875 0.96875 0.759375 0.8125 0.759375
1 0.28125 0.5984375 0.4734375 0.5984375 0.4734375 0.8109375 0.28125 0.8109375
1 0.6734375 0.2625 0.8609375 0.2625 0.8609375 0.4125 0.6734375 0.4125
1 0.65625 0.0453125 0.8296875 0.0453125 0.8296875 0.1921875 0.65625 0.1921875
1 0.75625 0 0.934375 0 0.934375 0.175 0.75625 0.175
1 0.4234375 0 0.5453125 0 0.5453125 0.103125 0.4234375 0.103125
1 0.5484375 0 0.740625 0 0.740625 0.0859375 0.5484375 0.0859375
1 0.3359375 0.0984375 0.5171875 0.0984375 0.5171875 0.2421875 0.3359375 0.2421875
1 0.2453125 0.184375 0.5015625 0.184375 0.5015625 0.39375 0.2453125 0.39375
1 0.425 0.7265625 0.61875 0.7265625 0.61875 0.896875 0.425 0.896875