1 0.353125 0.18125 0.659375 0.18125 0.659375 0.4796875 0.353125 0.4796875
1 0.3828125 0.3546875 0.75 0.3546875 0.75 0.69375 0.3828125 0.69375
1 0.0109375 0.421875 0.3125 0.421875 0.3125 0.7140625 0.0109375 0.7140625
1 0 0.6234375 0.225 0.6234375 0.225 0.8765625 0 0.8765625
1 0.090625 0.5328125 0.415625 0.5328125 0.415625 0.8328125 0.090625 0.8328125
1 0.2046875 0.584375 0.496875 0.584375 0.496875 0.859375 0.2046875 0.859375
1 0.2359375 0.753125 0.4921875 0.753125 0.4921875 0.9859375 0.2359375 0.9859375
1 0.8171875 0.4625 0.96875 0.4625 0.96875 0.7359375 0.8171875 0.7359375
1 0.615625 0.6359375 0.9078125 0.6359375 0.9078125 0.8953125 0.615625 0.8953125
1 0.4375 0.75 0.7109375 0.75 0.7109375 1 0.4375 1
1 0.2421875 0.89375 0.5203125 0.89375 0.5203125 1 0.2421875 1
1 0.2234375 0.7390625 0.503125 0.7390625 0.503125 0.9953125 0.2234375 0.9953125
1 0.1140625 0.8546875 0.3625 0.8546875 0.3625 1 0.1140625 1
1 0 0.2109375 0.184375 0.2109375 0.184375 0.4671875 0 0.4671875
1 0 0.175 0.2703125 0.175 0.2703125 0.434375 0 0.434375
1 0.6109375 0.178125 0.8796875 0.178125 0.8796875 0.4328125 0.6109375 0.4328125
1 0.5859375 0.3890625 0.953125 0.3890625 0.953125 0.7375 0.5859375 0.7375
1 0.7796875 0.3453125 0.9765625 0.3453125 0.9765625 0.5609375 0.7796875 0.5609375
1 0.30625 0.6015625 0.6 0.6015625 0.6 0.8859375 0.30625 0.8859375
1 0.5 0.115625 0.75 0.115625 0.75 0.3390625 0.5 0.3390625
1 0.3875 0.0046875 0.6078125 0.0046875 0.6078125 0.1546875 0.3875 0.1546875
1 0.453125 0.0046875 0.6875 0.0046875 0.6875 0.0875 0.453125 0.0875
1 0.159375 0.0578125 0.3203125 0.0578125 0.3203125 0.203125 0.159375 0.203125
1 0.265625 0.003125 0.4859375 0.003125 0.4859375 0.1328125 0.265625 0.1328125
1 0.1203125 0.15 0.3703125 0.15 0.3703125 0.375 0.1203125 0.375
1 0.078125 0.23125 0.4296875 0.23125 0.4296875 0.55 0.078125 0.55
1 0.484375 0.625 0.778125 0.625 0.778125 0.896875 0.484375 0.896875