1 0.5203125 0.253125 0.7171875 0.253125 0.7171875 0.4796875 0.5203125 0.4796875
1 0.446875 0.453125 0.709375 0.453125 0.709375 0.684375 0.446875 0.684375
1 0.1140625 0.2890625 0.309375 0.2890625 0.309375 0.5078125 0.1140625 0.5078125
1 0 0.425 0.1484375 0.425 0.1484375 0.6265625 0 0.6265625
1 0.1234375 0.4421875 0.3484375 0.4421875 0.3484375 0.6515625 0.1234375 0.6515625
1 0.2015625 0.5328125 0.4 0.5328125 0.4 0.7296875 0.2015625 0.7296875
1 0.15 0.6921875 0.3375 0.6921875 0.3375 0.846875 0.15 0.846875
1 0.7859375 0.7359375 0.9640625 0.7359375 0.9640625 0.9453125 0.7859375 0.9453125
1 0.521875 0.8015625 0.740625 0.8015625 0.740625 0.9671875 0.521875 0.9671875
1 0.325 0.7953125 0.5125 0.7953125 0.5125 0.978125 0.325 0.978125
1 0.075 0.828125 0.2859375 0.828125 0.2859375 0.9984375 0.075 0.9984375
1 0.14375 0.68125 0.3421875 0.68125 0.3421875 0.8546875 0.14375 0.8546875
1 0 0.7046875 0.159375 0.7046875 0.159375 0.8984375 0 0.8984375
1 0.1390625 0.0421875 0.3125 0.0421875 0.3125 0.234375 0.1390625 0.234375
1 0.2171875 0.05625 0.4046875 0.05625 0.4046875 0.2421875 0.2171875 0.2421875
1 0.7421875 0.378125 0.925 0.378125 0.925 0.5609375 0.7421875 0.5609375
1 0.609375 0.5828125 0.85625 0.5828125 0.85625 0.8359375 0.609375 0.8359375
1 0.815625 0.5984375 0.9671875 0.5984375 0.9671875 0.7578125 0.815625 0.7578125
1 0.28125 0.5984375 0.4734375 0.5984375 0.4734375 0.8109375 0.28125 0.8109375
1 0.675 0.265625 0.859375 0.265625 0.859375 0.409375 0.675 0.409375
1 0.6609375 0.0515625 0.825 0.0515625 0.825 0.1859375 0.6609375 0.1859375
1 0.7640625 0.0046875 0.9296875 0.0046875 0.9296875 0.1703125 0.7640625 0.1703125
1 0.425 0.003125 0.54375 0.003125 0.54375 0.1 0.425 0.1
1 0.5484375 0 0.740625 0 0.740625 0.0890625 0.5484375 0.0890625
1 0.3359375 0.0953125 0.51875 0.0953125 0.51875 0.2453125 0.3359375 0.2453125
1 0.2453125 0.1828125 0.5015625 0.1828125 0.5015625 0.39375 0.2453125 0.39375
1 0.4171875 0.71875 0.6265625 0.71875 0.6265625 0.903125 0.4171875 0.903125