1 0.546875 0.3484375 0.8109375 0.3484375 0.8109375 0.6421875 0.546875 0.6421875
1 0.3859375 0.46875 0.7390625 0.46875 0.7390625 0.8296875 0.3859375 0.8296875
1 0.146875 0.153125 0.4375 0.153125 0.4375 0.471875 0.146875 0.471875
1 0.0078125 0.21875 0.234375 0.21875 0.234375 0.4921875 0.0078125 0.4921875
1 0.1015625 0.2953125 0.409375 0.2953125 0.409375 0.615625 0.1015625 0.615625
1 0.1390625 0.409375 0.425 0.409375 0.425 0.7109375 0.1390625 0.7109375
1 0.0609375 0.5390625 0.2890625 0.5390625 0.2890625 0.7625 0.0609375 0.7625
1 0.6015625 0.890625 0.853125 0.890625 0.853125 1 0.6015625 1
1 0.3609375 0.828125 0.6140625 0.828125 0.6140625 1 0.3609375 1
1 0.165625 0.7078125 0.4171875 0.7078125 0.4171875 0.975 0.165625 0.975
1 0.021875 0.6234375 0.1921875 0.6234375 0.1921875 0.875 0.021875 0.875
1 0.0515625 0.5234375 0.3 0.5234375 0.3 0.775 0.0515625 0.775
1 0.0171875 0.4734375 0.1296875 0.4734375 0.1296875 0.728125 0.0171875 0.728125
1 0.278125 0.028125 0.534375 0.028125 0.534375 0.2375 0.278125 0.2375
1 0.3515625 0.034375 0.6078125 0.034375 0.6078125 0.284375 0.3515625 0.284375
1 0.7078125 0.55625 0.9640625 0.55625 0.9640625 0.8296875 0.7078125 0.8296875
1 0.4796875 0.66875 0.8203125 0.66875 0.8203125 1 0.4796875 1
1 0.7015625 0.7890625 0.9140625 0.7890625 0.9140625 1 0.7015625 1
1 0.1765625 0.5015625 0.471875 0.5015625 0.471875 0.825 0.1765625 0.825
1 0.7015625 0.4203125 0.953125 0.4203125 0.953125 0.671875 0.7015625 0.671875
1 0.784375 0.2359375 0.9984375 0.2359375 0.9984375 0.4515625 0.784375 0.4515625
1 0.8734375 0.240625 1 0.240625 1 0.4890625 0.8734375 0.4890625
1 0.5984375 0.0734375 0.7578125 0.0734375 0.7578125 0.234375 0.5984375 0.234375
1 0.715625 0.1359375 0.9390625 0.1359375 0.9390625 0.3234375 0.715625 0.3234375
1 0.4625 0.1125 0.6953125 0.1125 0.6953125 0.3421875 0.4625 0.3421875
1 0.3171875 0.1359375 0.65 0.1359375 0.65 0.4671875 0.3171875 0.4671875
1 0.2828125 0.69375 0.5484375 0.69375 0.5484375 0.965625 0.2828125 0.965625