1 0.509375 0.3546875 0.7546875 0.3546875 0.7546875 0.6453125 0.509375 0.6453125
1 0.3703125 0.5015625 0.6984375 0.5015625 0.6984375 0.8421875 0.3703125 0.8421875
1 0.0984375 0.2078125 0.3703125 0.2078125 0.3703125 0.5203125 0.0984375 0.5203125
1 0 0.2953125 0.171875 0.2953125 0.171875 0.5640625 0 0.5640625
1 0.0703125 0.3578125 0.35625 0.3578125 0.35625 0.665625 0.0703125 0.665625
1 0.1125 0.465625 0.3875 0.465625 0.3875 0.76875 0.1125 0.76875
1 0.046875 0.615625 0.2609375 0.615625 0.2609375 0.8265625 0.046875 0.8265625
1 0.6203125 0.9 0.8546875 0.9 0.8546875 1 0.6203125 1
1 0.3609375 0.859375 0.6203125 0.859375 0.6203125 1 0.3609375 1
1 0.1640625 0.7671875 0.4078125 0.7671875 0.4078125 1 0.1640625 1
1 0 0.70625 0.1796875 0.70625 0.1796875 0.95625 0 0.95625
1 0.03125 0.5921875 0.278125 0.5921875 0.278125 0.846875 0.03125 0.846875
1 0 0.571875 0.0890625 0.571875 0.0890625 0.809375 0 0.809375
1 0.2046875 0.0328125 0.44375 0.0328125 0.44375 0.2671875 0.2046875 0.2671875
1 0.2828125 0.0453125 0.521875 0.0453125 0.521875 0.30625 0.2828125 0.30625
1 0.6890625 0.5515625 0.925 0.5515625 0.925 0.8125 0.6890625 0.8125
1 0.4765625 0.6828125 0.8015625 0.6828125 0.8015625 1 0.4765625 1
1 0.6984375 0.7859375 0.9 0.7859375 0.9 1 0.6984375 1
1 0.1765625 0.5703125 0.4265625 0.5703125 0.4265625 0.8609375 0.1765625 0.8609375
1 0.66875 0.421875 0.896875 0.421875 0.896875 0.646875 0.66875 0.646875
1 0.71875 0.2109375 0.9328125 0.2109375 0.9328125 0.4296875 0.71875 0.4296875
1 0.81875 0.209375 0.996875 0.209375 0.996875 0.4515625 0.81875 0.4515625
1 0.5234375 0.08125 0.6734375 0.08125 0.6734375 0.23125 0.5234375 0.23125
1 0.646875 0.1296875 0.8609375 0.1296875 0.8609375 0.29375 0.646875 0.29375
1 0.396875 0.13125 0.6171875 0.13125 0.6171875 0.35 0.396875 0.35
1 0.265625 0.1703125 0.5796875 0.1703125 0.5796875 0.4859375 0.265625 0.4859375
1 0.2875 0.7484375 0.528125 0.7484375 0.528125 0.9984375 0.2875 0.9984375