0 329.326208 849.28 524.744119 1024.0
0 0.0 840.96 21.784285 920.96
0 0.0 53.76 48.053148 95.36
0 0.0 671.36 57.023669999999996 795.52
0 0.0 0.0 69.196779 35.84
0 0.0 387.84 105.717472 466.56
0 2.5626160000000002 506.88 104.43616399999999 609.92
0 18.581015 286.08 139.034895 345.6
0 51.897755 197.12 153.130649 251.52
0 72.400732 113.28 172.351635 161.92
0 90.34041 861.44 251.15959 994.56
0 97.38828699999999 53.76 183.244119 95.36
0 112.765349 664.32 274.225183 807.68
0 119.813226 1.28 195.417228 27.52
0 162.10048799999998 524.16 262.05139099999997 613.12
0 176.19624199999998 384.0 303.69799900000004 474.88
0 191.573304 282.88 279.351098 362.88
0 196.699219 192.0 314.5898 252.8
0 226.812689 42.88 322.918985 88.32
0 240.90776 0.0 314.5898 23.68
0 255.00351400000002 116.48 315.87179100000003 167.04
0 331.889507 504.96 485.660127 618.88
0 335.092777 655.36 489.504734 782.72
0 337.014739 392.96 472.20571 464.64
0 347.266569 275.84 461.313226 349.44
0 356.23640800000004 205.44 454.265349 240.64
0 367.12820899999997 0.0 461.313226 23.68
0 370.332162 44.8 463.235188 88.32
0 373.53543199999996 109.44 456.18731099999997 158.72
0 503.600488 32.64 599.707467 95.36
0 503.600488 183.04 624.054368 247.68
0 506.80375799999996 0.0 596.503514 16.64
0 517.696242 118.4 589.455637 167.04
0 524.744119 288.0 611.880576 343.68
0 536.917228 384.0 661.215715 473.6
0 554.216935 520.32 675.311469 606.08
0 566.390044 667.52 682.359346 793.6
0 582.40776 881.28 682.359346 1015.68
0 643.276037 34.56 682.359346 76.16
0 657.371791 107.52 682.359346 165.76
0 662.497023 184.96 682.359346 230.4
