1 0.2203125 0.5046875 0.3265625 0.5046875 0.3265625 0.609375 0.2203125 0.609375
1 0.4046875 0.3734375 0.5140625 0.3734375 0.5140625 0.478125 0.4046875 0.478125
1 0.446875 0.4328125 0.5734375 0.4328125 0.5734375 0.55625 0.446875 0.55625
1 0.478125 0.521875 0.6078125 0.521875 0.6078125 0.65 0.478125 0.65
1 0.6203125 0.4953125 0.7265625 0.4953125 0.7265625 0.5984375 0.6203125 0.5984375
1 0.7046875 0.25 0.8234375 0.25 0.8234375 0.3640625 0.7046875 0.3640625
1 0.63125 0.228125 0.734375 0.228125 0.734375 0.3296875 0.63125 0.3296875
1 0.4640625 0.1828125 0.5828125 0.1828125 0.5828125 0.2953125 0.4640625 0.2953125
1 0.4421875 0.29375 0.5515625 0.29375 0.5515625 0.4015625 0.4421875 0.4015625
1 0.6015625 0.60625 0.7078125 0.60625 0.7078125 0.709375 0.6015625 0.709375
1 0.4953125 0.6140625 0.634375 0.6140625 0.634375 0.75 0.4953125 0.75
1 0.3890625 0.65625 0.5109375 0.65625 0.5109375 0.771875 0.3890625 0.771875
1 0.784375 0.6640625 0.890625 0.6640625 0.890625 0.765625 0.784375 0.765625
1 0.7515625 0.578125 0.8640625 0.578125 0.8640625 0.684375 0.7515625 0.684375
1 0.771875 0.5515625 0.8734375 0.5515625 0.8734375 0.6484375 0.771875 0.6484375
1 0.884375 0.3984375 0.959375 0.3984375 0.959375 0.475 0.884375 0.475
1 0.76875 0.3453125 0.85625 0.3453125 0.85625 0.4328125 0.76875 0.4328125
1 0.3296875 0.0078125 0.4234375 0.0078125 0.4234375 0.090625 0.3296875 0.090625
1 0.0765625 0.428125 0.16875 0.428125 0.16875 0.51875 0.0765625 0.51875
1 0.1546875 0.5703125 0.240625 0.5703125 0.240625 0.653125 0.1546875 0.653125
1 0.03125 0.453125 0.0703125 0.453125 0.0703125 0.5203125 0.03125 0.5203125
1 0.1265625 0.284375 0.225 0.284375 0.225 0.3765625 0.1265625 0.3765625
1 0.275 0.2484375 0.375 0.2484375 0.375 0.346875 0.275 0.346875
1 0.5828125 0.765625 0.6765625 0.765625 0.6765625 0.85625 0.5828125 0.85625