1 0.1546875 0.4796875 0.265625 0.4796875 0.265625 0.5921875 0.1546875 0.5921875
1 0.3671875 0.371875 0.475 0.371875 0.475 0.478125 0.3671875 0.478125
1 0.4015625 0.440625 0.5140625 0.440625 0.5140625 0.55625 0.4015625 0.55625
1 0.41875 0.5328125 0.528125 0.5328125 0.528125 0.65 0.41875 0.65
1 0.5609375 0.515625 0.6609375 0.515625 0.6609375 0.6171875 0.5609375 0.6171875
1 0.6921875 0.28125 0.8046875 0.28125 0.8046875 0.3953125 0.6921875 0.3953125
1 0.6234375 0.253125 0.721875 0.253125 0.721875 0.353125 0.6234375 0.353125
1 0.465625 0.1921875 0.5796875 0.1921875 0.5796875 0.303125 0.465625 0.303125
1 0.421875 0.2984375 0.525 0.2984375 0.525 0.403125 0.421875 0.403125
1 0.515625 0.61875 0.6234375 0.61875 0.6234375 0.7265625 0.515625 0.7265625
1 0.4125 0.621875 0.540625 0.621875 0.540625 0.7546875 0.4125 0.7546875
1 0.3015625 0.65625 0.4078125 0.65625 0.4078125 0.7609375 0.3015625 0.7609375
1 0.69375 0.7 0.7890625 0.7 0.7890625 0.7953125 0.69375 0.7953125
1 0.6765625 0.6140625 0.7796875 0.6140625 0.7796875 0.7109375 0.6765625 0.7109375
1 0.6984375 0.5828125 0.8 0.5828125 0.8 0.684375 0.6984375 0.684375
1 0.8421875 0.4421875 0.9171875 0.4421875 0.9171875 0.521875 0.8421875 0.521875
1 0.740625 0.38125 0.821875 0.38125 0.821875 0.4671875 0.740625 0.4671875
1 0.36875 0.0125 0.4546875 0.0125 0.4546875 0.0859375 0.36875 0.0859375
1 0 0.296875 0.0125 0.296875 0.0125 0.3859375 0 0.3859375
1 0.0296875 0.3921875 0.121875 0.3921875 0.121875 0.4875 0.0296875 0.4875
1 0.0796875 0.540625 0.165625 0.540625 0.165625 0.6265625 0.0796875 0.6265625
1 0 0.4078125 0.021875 0.4078125 0.021875 0.4796875 0 0.4796875
1 0.1125 0.259375 0.203125 0.259375 0.203125 0.3484375 0.1125 0.3484375
1 0.265625 0.2359375 0.359375 0.2359375 0.359375 0.334375 0.265625 0.334375
1 0.4703125 0.7765625 0.559375 0.7765625 0.559375 0.8671875 0.4703125 0.8671875