1 0.225 0.340625 0.29375 0.340625 0.29375 0.4140625 0.225 0.4140625
1 0.4609375 0.353125 0.534375 0.353125 0.534375 0.4296875 0.4609375 0.4296875
1 0.4515625 0.4296875 0.53125 0.4296875 0.53125 0.515625 0.4515625 0.515625
1 0.421875 0.5140625 0.4921875 0.5140625 0.4921875 0.6078125 0.421875 0.6078125
1 0.5546875 0.571875 0.6203125 0.571875 0.6203125 0.646875 0.5546875 0.646875
1 0.7875 0.44375 0.85625 0.44375 0.85625 0.525 0.7875 0.525
1 0.740625 0.378125 0.809375 0.378125 0.809375 0.4515625 0.740625 0.4515625
1 0.6359375 0.2546875 0.7125 0.2546875 0.7125 0.325 0.6359375 0.325
1 0.546875 0.3140625 0.6125 0.3140625 0.6125 0.3953125 0.546875 0.3953125
1 0.4609375 0.6421875 0.534375 0.6421875 0.534375 0.71875 0.4609375 0.71875
1 0.36875 0.59375 0.4515625 0.59375 0.4515625 0.696875 0.36875 0.696875
1 0.2578125 0.565625 0.334375 0.565625 0.334375 0.634375 0.2578125 0.634375
1 0.571875 0.796875 0.64375 0.796875 0.64375 0.86875 0.571875 0.86875
1 0.5984375 0.71875 0.6796875 0.71875 0.6796875 0.7859375 0.5984375 0.7859375
1 0.6359375 0.7 0.7078125 0.7 0.7078125 0.7765625 0.6359375 0.7765625
1 0.8390625 0.64375 0.8828125 0.64375 0.8828125 0.7078125 0.8390625 0.7078125
1 0.7796875 0.540625 0.8328125 0.540625 0.8328125 0.6078125 0.7796875 0.6078125
1 0.6578125 0.028125 0.7125 0.028125 0.7125 0.0875 0.6578125 0.0875
1 0.1234375 0.0546875 0.18125 0.0546875 0.18125 0.1171875 0.1234375 0.1171875
1 0.165625 0.1875 0.2234375 0.1875 0.2234375 0.2625 0.165625 0.2625
1 0.13125 0.3390625 0.190625 0.3390625 0.190625 0.40625 0.13125 0.40625
1 0.09375 0.1578125 0.1390625 0.1578125 0.1390625 0.2078125 0.09375 0.2078125
1 0.296875 0.1171875 0.36875 0.1171875 0.36875 0.184375 0.296875 0.184375
1 0.4453125 0.178125 0.5046875 0.178125 0.5046875 0.2515625 0.4453125 0.2515625
1 0.3453125 0.75 0.4046875 0.75 0.4046875 0.809375 0.3453125 0.809375