1 0.1484375 0.3765625 0.2453125 0.3765625 0.2453125 0.484375 0.1484375 0.484375
1 0.378125 0.26875 0.48125 0.26875 0.48125 0.38125 0.378125 0.38125
1 0.390625 0.3375 0.503125 0.3375 0.503125 0.4640625 0.390625 0.4640625
1 0.384375 0.43125 0.490625 0.43125 0.490625 0.559375 0.384375 0.559375
1 0.5296875 0.421875 0.621875 0.421875 0.621875 0.528125 0.5296875 0.528125
1 0.7171875 0.190625 0.81875 0.190625 0.81875 0.30625 0.7171875 0.30625
1 0.6546875 0.15625 0.753125 0.15625 0.753125 0.2640625 0.6546875 0.2640625
1 0.521875 0.0953125 0.625 0.0953125 0.625 0.203125 0.521875 0.203125
1 0.4515625 0.1953125 0.5484375 0.1953125 0.5484375 0.309375 0.4515625 0.309375
1 0.4578125 0.525 0.559375 0.525 0.559375 0.6375 0.4578125 0.6375
1 0.3546875 0.521875 0.4765625 0.521875 0.4765625 0.665625 0.3546875 0.665625
1 0.240625 0.55625 0.34375 0.55625 0.34375 0.6640625 0.240625 0.6640625
1 0.60625 0.609375 0.7046875 0.609375 0.7046875 0.715625 0.60625 0.715625
1 0.6109375 0.5234375 0.71875 0.5234375 0.71875 0.6296875 0.6109375 0.6296875
1 0.6421875 0.490625 0.74375 0.490625 0.74375 0.603125 0.6421875 0.603125
1 0.8234375 0.35625 0.8921875 0.35625 0.8921875 0.4421875 0.8234375 0.4421875
1 0.7375 0.290625 0.8171875 0.290625 0.8171875 0.3828125 0.7375 0.3828125
1 0 0.178125 0.0546875 0.178125 0.0546875 0.2671875 0 0.2671875
1 0.05 0.2765625 0.1359375 0.2765625 0.1359375 0.378125 0.05 0.378125
1 0.05625 0.4265625 0.1421875 0.4265625 0.1421875 0.5234375 0.05625 0.5234375
1 0 0.2921875 0.0375 0.2921875 0.0375 0.3640625 0 0.3640625
1 0.1578125 0.1421875 0.2546875 0.1421875 0.2546875 0.24375 0.1578125 0.24375
1 0.3171875 0.128125 0.4046875 0.128125 0.4046875 0.2328125 0.3171875 0.2328125
1 0.3765625 0.6859375 0.4578125 0.6859375 0.4578125 0.7734375 0.3765625 0.7734375