1 0.225 0.340625 0.29375 0.340625 0.29375 0.4140625 0.225 0.4140625
1 0.4625 0.353125 0.534375 0.353125 0.534375 0.428125 0.4625 0.428125
1 0.45 0.428125 0.5328125 0.428125 0.5328125 0.5171875 0.45 0.5171875
1 0.41875 0.5109375 0.4953125 0.5109375 0.4953125 0.609375 0.41875 0.609375
1 0.5546875 0.571875 0.621875 0.571875 0.621875 0.646875 0.5546875 0.646875
1 0.784375 0.4421875 0.859375 0.4421875 0.859375 0.5265625 0.784375 0.5265625
1 0.7421875 0.3796875 0.809375 0.3796875 0.809375 0.4515625 0.7421875 0.4515625
1 0.6328125 0.253125 0.715625 0.253125 0.715625 0.3265625 0.6328125 0.3265625
1 0.546875 0.3140625 0.6125 0.3140625 0.6125 0.3953125 0.546875 0.3953125
1 0.4625 0.64375 0.5328125 0.64375 0.5328125 0.7171875 0.4625 0.7171875
1 0.36875 0.59375 0.453125 0.59375 0.453125 0.696875 0.36875 0.696875
1 0.253125 0.5625 0.3375 0.5625 0.3375 0.6390625 0.253125 0.6390625
1 0.571875 0.796875 0.6421875 0.796875 0.6421875 0.86875 0.571875 0.86875
1 0.5984375 0.71875 0.6796875 0.71875 0.6796875 0.7859375 0.5984375 0.7859375
1 0.6390625 0.703125 0.7046875 0.703125 0.7046875 0.7734375 0.6390625 0.7734375
1 0.8421875 0.64375 0.8796875 0.64375 0.8796875 0.7078125 0.8421875 0.7078125
1 0.7796875 0.540625 0.8328125 0.540625 0.8328125 0.6078125 0.7796875 0.6078125
1 0.6546875 0.025 0.715625 0.025 0.715625 0.090625 0.6546875 0.090625
1 0.121875 0.053125 0.1828125 0.053125 0.1828125 0.1171875 0.121875 0.1171875
1 0.1671875 0.190625 0.221875 0.190625 0.221875 0.259375 0.1671875 0.259375
1 0.134375 0.3421875 0.1875 0.3421875 0.1875 0.4046875 0.134375 0.4046875
1 0.09375 0.159375 0.1390625 0.159375 0.1390625 0.2078125 0.09375 0.2078125
1 0.3 0.11875 0.3671875 0.11875 0.3671875 0.18125 0.3 0.18125
1 0.4453125 0.178125 0.5046875 0.178125 0.5046875 0.2515625 0.4453125 0.2515625
1 0.3453125 0.746875 0.4046875 0.746875 0.4046875 0.8125 0.3453125 0.8125