1 0.365625 0.1671875 0.46875 0.1671875 0.46875 0.275 0.365625 0.275
1 0.528125 0.3296875 0.6359375 0.3296875 0.6359375 0.4421875 0.528125 0.4421875
1 0.4609375 0.3828125 0.5796875 0.3828125 0.5796875 0.50625 0.4609375 0.50625
1 0.378125 0.4265625 0.4953125 0.4265625 0.4953125 0.55 0.378125 0.55
1 0.4484375 0.559375 0.5484375 0.559375 0.5484375 0.6640625 0.4484375 0.6640625
1 0.7 0.6125 0.809375 0.6125 0.809375 0.7265625 0.7 0.7265625
1 0.715625 0.53125 0.8203125 0.53125 0.8203125 0.6390625 0.715625 0.6390625
1 0.7265625 0.3703125 0.83125 0.3703125 0.83125 0.4796875 0.7265625 0.4796875
1 0.6140625 0.3578125 0.71875 0.3578125 0.71875 0.4671875 0.6140625 0.4671875
1 0.3296875 0.55 0.4375 0.55 0.4375 0.6625 0.3296875 0.6625
1 0.2765625 0.453125 0.4109375 0.453125 0.4109375 0.5921875 0.2765625 0.5921875
1 0.2390625 0.359375 0.34375 0.359375 0.34375 0.4671875 0.2390625 0.4671875
1 0.309375 0.740625 0.4125 0.740625 0.4125 0.846875 0.309375 0.846875
1 0.384375 0.6984375 0.4921875 0.6984375 0.4921875 0.809375 0.384375 0.809375
1 0.41875 0.7078125 0.525 0.7078125 0.525 0.81875 0.41875 0.81875
1 0.6140625 0.8 0.6921875 0.8 0.6921875 0.88125 0.6140625 0.88125
1 0.6390625 0.68125 0.725 0.68125 0.725 0.771875 0.6390625 0.771875
1 0.9046875 0.2125 0.9875 0.2125 0.9875 0.2984375 0.9046875 0.2984375
1 0.425 0.0125 0.5203125 0.0125 0.5203125 0.1125 0.425 0.1125
1 0.3015625 0.1046875 0.39375 0.1046875 0.39375 0.2 0.3015625 0.2
1 0.409375 0 0.4765625 0 0.4765625 0.015625 0.409375 0.015625
1 0.575 0.04375 0.675 0.04375 0.675 0.1484375 0.575 0.1484375
1 0.6375 0.1875 0.734375 0.1875 0.734375 0.2875 0.6375 0.2875
1 0.1828125 0.55625 0.26875 0.55625 0.26875 0.646875 0.1828125 0.646875