1 0.25 0.234375 0.3453125 0.234375 0.3453125 0.3328125 0.25 0.3328125
1 0.4625 0.315625 0.5609375 0.315625 0.5609375 0.4140625 0.4625 0.4140625
1 0.4171875 0.3828125 0.53125 0.3828125 0.53125 0.5015625 0.4171875 0.5015625
1 0.3515625 0.4546875 0.4640625 0.4546875 0.4640625 0.5796875 0.3515625 0.5796875
1 0.4609375 0.553125 0.5546875 0.553125 0.5546875 0.65 0.4609375 0.65
1 0.7203125 0.49375 0.825 0.49375 0.825 0.603125 0.7203125 0.603125
1 0.7109375 0.4203125 0.8046875 0.4203125 0.8046875 0.515625 0.7109375 0.515625
1 0.6609375 0.2671875 0.76875 0.2671875 0.76875 0.3703125 0.6609375 0.3703125
1 0.5546875 0.3015625 0.6484375 0.3015625 0.6484375 0.40625 0.5546875 0.40625
1 0.3484375 0.59375 0.4453125 0.59375 0.4453125 0.6921875 0.3484375 0.6921875
1 0.2703125 0.51875 0.390625 0.51875 0.390625 0.65 0.2703125 0.65
1 0.1875 0.4546875 0.2984375 0.4546875 0.2984375 0.5625 0.1875 0.5625
1 0.3890625 0.7734375 0.4859375 0.7734375 0.4859375 0.86875 0.3890625 0.86875
1 0.446875 0.7046875 0.5515625 0.7046875 0.5515625 0.8015625 0.446875 0.8015625
1 0.4890625 0.703125 0.578125 0.703125 0.578125 0.7953125 0.4890625 0.7953125
1 0.7015625 0.7046875 0.7640625 0.7046875 0.7640625 0.78125 0.7015625 0.78125
1 0.6828125 0.5875 0.7609375 0.5875 0.7609375 0.671875 0.6828125 0.671875
1 0.775 0.05625 0.8578125 0.05625 0.8578125 0.1421875 0.775 0.1421875
1 0.2734375 0 0.353125 0 0.353125 0.015625 0.2734375 0.015625
1 0.2578125 0.075 0.3390625 0.075 0.3390625 0.1625 0.2578125 0.1625
1 0.171875 0.2109375 0.2484375 0.2109375 0.2484375 0.290625 0.171875 0.290625
1 0.2125 0.0234375 0.275 0.0234375 0.275 0.0875 0.2125 0.0875
1 0.4109375 0.04375 0.5 0.04375 0.5 0.1296875 0.4109375 0.1296875
1 0.5171875 0.1421875 0.6046875 0.1421875 0.6046875 0.2375 0.5171875 0.2375
1 0.203125 0.6609375 0.2859375 0.6609375 0.2859375 0.746875 0.203125 0.746875