1 0.21875 0.2703125 0.3046875 0.2703125 0.3046875 0.36875 0.21875 0.36875
1 0.453125 0.2828125 0.5375 0.2828125 0.5375 0.3734375 0.453125 0.3734375
1 0.434375 0.359375 0.5203125 0.359375 0.5203125 0.4625 0.434375 0.4625
1 0.390625 0.446875 0.471875 0.446875 0.471875 0.5546875 0.390625 0.5546875
1 0.515625 0.5015625 0.59375 0.5015625 0.59375 0.5921875 0.515625 0.5921875
1 0.7609375 0.365625 0.846875 0.365625 0.846875 0.46875 0.7609375 0.46875
1 0.728125 0.3046875 0.8046875 0.3046875 0.8046875 0.390625 0.728125 0.390625
1 0.6390625 0.1765625 0.73125 0.1765625 0.73125 0.2703125 0.6390625 0.2703125
1 0.54375 0.24375 0.6203125 0.24375 0.6203125 0.3390625 0.54375 0.3390625
1 0.4125 0.5734375 0.496875 0.5734375 0.496875 0.6671875 0.4125 0.6671875
1 0.3265625 0.5265625 0.4203125 0.5265625 0.4203125 0.6453125 0.3265625 0.6453125
1 0.2234375 0.5 0.3078125 0.5 0.3078125 0.5859375 0.2234375 0.5859375
1 0.5046875 0.73125 0.5796875 0.73125 0.5796875 0.8125 0.5046875 0.8125
1 0.5421875 0.65 0.628125 0.65 0.628125 0.73125 0.5421875 0.73125
1 0.58125 0.6296875 0.659375 0.6296875 0.659375 0.7203125 0.58125 0.7203125
1 0.7890625 0.571875 0.8421875 0.571875 0.8421875 0.646875 0.7890625 0.646875
1 0.7453125 0.46875 0.8046875 0.46875 0.8046875 0.546875 0.7453125 0.546875
1 0.69375 0 0.7609375 0 0.7609375 0.028125 0.69375 0.028125
1 0.1609375 0 0.23125 0 0.23125 0.065625 0.1609375 0.065625
1 0.184375 0.1234375 0.253125 0.1234375 0.253125 0.209375 0.184375 0.209375
1 0.1328125 0.2796875 0.1953125 0.2796875 0.1953125 0.3546875 0.1328125 0.3546875
1 0.11875 0.09375 0.1734375 0.09375 0.1734375 0.1578125 0.11875 0.1578125
1 0.3296875 0.0515625 0.4015625 0.0515625 0.4015625 0.1265625 0.3296875 0.1265625
1 0.4625 0.1078125 0.5328125 0.1078125 0.5328125 0.1953125 0.4625 0.1953125
1 0.284375 0.6828125 0.3546875 0.6828125 0.3546875 0.7609375 0.284375 0.7609375