1 0.221875 0.3375 0.296875 0.3375 0.296875 0.4171875 0.221875 0.4171875
1 0.4609375 0.353125 0.534375 0.353125 0.534375 0.428125 0.4609375 0.428125
1 0.4546875 0.43125 0.528125 0.43125 0.528125 0.515625 0.4546875 0.515625
1 0.4234375 0.5140625 0.490625 0.5140625 0.490625 0.60625 0.4234375 0.60625
1 0.5546875 0.571875 0.621875 0.571875 0.621875 0.646875 0.5546875 0.646875
1 0.784375 0.4421875 0.859375 0.4421875 0.859375 0.5265625 0.784375 0.5265625
1 0.7421875 0.3796875 0.809375 0.3796875 0.809375 0.4515625 0.7421875 0.4515625
1 0.6328125 0.253125 0.715625 0.253125 0.715625 0.3265625 0.6328125 0.3265625
1 0.546875 0.315625 0.6125 0.315625 0.6125 0.3953125 0.546875 0.3953125
1 0.4609375 0.6421875 0.534375 0.6421875 0.534375 0.71875 0.4609375 0.71875
1 0.3703125 0.5953125 0.45 0.5953125 0.45 0.6953125 0.3703125 0.6953125
1 0.2578125 0.565625 0.334375 0.565625 0.334375 0.634375 0.2578125 0.634375
1 0.575 0.8 0.6390625 0.8 0.6390625 0.8671875 0.575 0.8671875
1 0.6015625 0.721875 0.678125 0.721875 0.678125 0.784375 0.6015625 0.784375
1 0.6390625 0.7015625 0.70625 0.7015625 0.70625 0.775 0.6390625 0.775
1 0.8390625 0.64375 0.8828125 0.64375 0.8828125 0.7078125 0.8390625 0.7078125
1 0.7796875 0.5421875 0.83125 0.5421875 0.83125 0.60625 0.7796875 0.60625
1 0.65625 0.0265625 0.7140625 0.0265625 0.7140625 0.0890625 0.65625 0.0890625
1 0.121875 0.053125 0.1828125 0.053125 0.1828125 0.1171875 0.121875 0.1171875
1 0.165625 0.1890625 0.2234375 0.1890625 0.2234375 0.2609375 0.165625 0.2609375
1 0.1328125 0.3421875 0.1890625 0.3421875 0.1890625 0.4046875 0.1328125 0.4046875
1 0.0921875 0.15625 0.140625 0.15625 0.140625 0.209375 0.0921875 0.209375
1 0.3 0.1203125 0.365625 0.1203125 0.365625 0.1796875 0.3 0.1796875
1 0.4453125 0.178125 0.5046875 0.178125 0.5046875 0.2515625 0.4453125 0.2515625
1 0.3453125 0.746875 0.4046875 0.746875 0.4046875 0.8125 0.3453125 0.8125