1 0.353125 0.190625 0.6765625 0.190625 0.6765625 0.528125 0.353125 0.528125
1 0.0984375 0.0109375 0.403125 0.0109375 0.403125 0.3390625 0.0984375 0.3390625
1 0.0765625 0.5015625 0.35625 0.5015625 0.35625 0.790625 0.0765625 0.790625
1 0.1734375 0.5921875 0.5125 0.5921875 0.5125 0.94375 0.1734375 0.94375
1 0.3109375 0.775 0.6046875 0.775 0.6046875 1 0.3109375 1
1 0.68125 0.909375 0.85625 0.909375 0.85625 1 0.68125 1
1 0.040625 0.671875 0.2109375 0.671875 0.2109375 0.84375 0.040625 0.84375
0 0.4453125 0.3484375 0.5375 0.3484375 0.5375 0.440625 0.4453125 0.440625
0 0.16875 0.14375 0.25625 0.14375 0.25625 0.2328125 0.16875 0.2328125
0 0.15625 0.6328125 0.2359375 0.6328125 0.2359375 0.715625 0.15625 0.715625
0 0.396875 0.9421875 0.465625 0.9421875 0.465625 1 0.396875 1