1 0.2828125 0.240625 0.4984375 0.240625 0.4984375 0.4703125 0.2828125 0.4703125
1 0.0015625 0.259375 0.1671875 0.259375 0.1671875 0.5 0.0015625 0.5
1 0.23125 0.6953125 0.428125 0.6953125 0.428125 0.890625 0.23125 0.890625
1 0.375 0.690625 0.6109375 0.690625 0.6109375 0.9265625 0.375 0.9265625
1 0.5640625 0.7609375 0.7765625 0.7609375 0.7765625 0.9671875 0.5640625 0.9671875
1 0.9046875 0.64375 0.9984375 0.64375 0.9984375 0.8015625 0.9046875 0.8015625
1 0.259375 0.8953125 0.3890625 0.8953125 0.3890625 0.9984375 0.259375 0.9984375
0 0.3578125 0.371875 0.428125 0.371875 0.428125 0.4296875 0.3578125 0.4296875
0 0.03125 0.3921875 0.1015625 0.3921875 0.1015625 0.440625 0.03125 0.440625
0 0.3015625 0.8046875 0.3578125 0.8046875 0.3578125 0.8546875 0.3015625 0.8546875
0 0.6546875 0.9015625 0.703125 0.9015625 0.703125 0.946875 0.6546875 0.946875