1 0.284375 0.240625 0.4984375 0.240625 0.4984375 0.4703125 0.284375 0.4703125
1 0 0.2546875 0.175 0.2546875 0.175 0.5046875 0 0.5046875
1 0.234375 0.6984375 0.4265625 0.6984375 0.4265625 0.8875 0.234375 0.8875
1 0.378125 0.6921875 0.6078125 0.6921875 0.6078125 0.925 0.378125 0.925
1 0.56875 0.765625 0.7734375 0.765625 0.7734375 0.9625 0.56875 0.9625
1 0.9046875 0.6453125 0.9984375 0.6453125 0.9984375 0.8015625 0.9046875 0.8015625
1 0.2609375 0.896875 0.3875 0.896875 0.3875 0.996875 0.2609375 0.996875
0 0.359375 0.371875 0.4265625 0.371875 0.4265625 0.428125 0.359375 0.428125
0 0.03125 0.3921875 0.1015625 0.3921875 0.1015625 0.440625 0.03125 0.440625
0 0.3015625 0.803125 0.3578125 0.803125 0.3578125 0.85625 0.3015625 0.85625
0 0.6546875 0.9015625 0.703125 0.9015625 0.703125 0.946875 0.6546875 0.946875