1 0.278125 0.234375 0.503125 0.234375 0.503125 0.4765625 0.278125 0.4765625
1 0.0046875 0.2609375 0.165625 0.2609375 0.165625 0.4984375 0.0046875 0.4984375
1 0.2328125 0.6984375 0.4265625 0.6984375 0.4265625 0.8875 0.2328125 0.8875
1 0.3859375 0.7015625 0.6 0.7015625 0.6 0.915625 0.3859375 0.915625
1 0.5703125 0.76875 0.7703125 0.76875 0.7703125 0.9609375 0.5703125 0.9609375
1 0.9015625 0.6421875 0.996875 0.6421875 0.996875 0.803125 0.9015625 0.803125
1 0.2578125 0.8921875 0.3921875 0.8921875 0.3921875 0.996875 0.2578125 0.996875
0 0.359375 0.371875 0.4265625 0.371875 0.4265625 0.428125 0.359375 0.428125
0 0.0296875 0.3875 0.103125 0.3875 0.103125 0.44375 0.0296875 0.44375
0 0.3015625 0.803125 0.359375 0.803125 0.359375 0.85625 0.3015625 0.85625
0 0.653125 0.9 0.703125 0.9 0.703125 0.9484375 0.653125 0.9484375