1 0.271875 0.196875 0.528125 0.196875 0.528125 0.471875 0.271875 0.471875
1 0.015625 0.271875 0.19375 0.271875 0.19375 0.5328125 0.015625 0.5328125
1 0.284375 0.6671875 0.5015625 0.6671875 0.5015625 0.8875 0.284375 0.8875
1 0.4375 0.646875 0.6765625 0.646875 0.6765625 0.8921875 0.4375 0.8921875
1 0.628125 0.6875 0.8515625 0.6875 0.8515625 0.909375 0.628125 0.909375
1 0.940625 0.53125 1 0.53125 1 0.7046875 0.940625 0.7046875
1 0.33125 0.865625 0.478125 0.865625 0.478125 0.978125 0.33125 0.978125
0 0.3703125 0.346875 0.44375 0.346875 0.44375 0.4109375 0.3703125 0.4109375
0 0.04375 0.4078125 0.125 0.4078125 0.125 0.475 0.04375 0.475
0 0.365625 0.7828125 0.4296875 0.7828125 0.4296875 0.84375 0.365625 0.84375
0 0.7265625 0.8296875 0.7828125 0.8296875 0.7828125 0.8859375 0.7265625 0.8859375