1 0.1421875 0.2984375 0.46875 0.2984375 0.46875 0.6140625 0.1421875 0.6140625
1 0 0.521875 0.21875 0.521875 0.21875 0.8125 0 0.8125
1 0.375 0.6984375 0.6609375 0.6984375 0.6609375 0.9734375 0.375 0.9734375
1 0.4859375 0.5796875 0.83125 0.5796875 0.83125 0.9109375 0.4859375 0.9109375
1 0.68125 0.528125 0.978125 0.528125 0.978125 0.821875 0.68125 0.821875
1 0.8828125 0.296875 0.9875 0.296875 0.9875 0.4796875 0.8828125 0.4796875
1 0.5203125 0.8765625 0.690625 0.8765625 0.690625 1 0.5203125 1
0 0.2875 0.4453125 0.38125 0.4453125 0.38125 0.534375 0.2875 0.534375
0 0.0375 0.6671875 0.125 0.6671875 0.125 0.7484375 0.0375 0.7484375
0 0.5015625 0.8265625 0.578125 0.8265625 0.578125 0.9015625 0.5015625 0.9015625
0 0.8421875 0.6859375 0.9109375 0.6859375 0.9109375 0.7515625 0.8421875 0.7515625