1 0.2953125 0.19375 0.5265625 0.19375 0.5265625 0.4484375 0.2953125 0.4484375
1 0.009375 0.2234375 0.2046875 0.2234375 0.2046875 0.49375 0.009375 0.49375
1 0.2484375 0.65625 0.4546875 0.65625 0.4546875 0.86875 0.2484375 0.86875
1 0.390625 0.6421875 0.6390625 0.6421875 0.6390625 0.9 0.390625 0.9
1 0.584375 0.709375 0.803125 0.709375 0.803125 0.9296875 0.584375 0.9296875
1 0.9203125 0.5828125 1 0.5828125 1 0.75 0.9203125 0.75
1 0.2796875 0.859375 0.4140625 0.859375 0.4140625 0.975 0.2796875 0.975
0 0.378125 0.334375 0.4484375 0.334375 0.4484375 0.396875 0.378125 0.396875
0 0.0484375 0.3671875 0.1234375 0.3671875 0.1234375 0.4234375 0.0484375 0.4234375
0 0.321875 0.7703125 0.38125 0.7703125 0.38125 0.828125 0.321875 0.828125
0 0.675 0.8546875 0.7265625 0.8546875 0.7265625 0.90625 0.675 0.90625