1 0.2734375 0.20625 0.5359375 0.20625 0.5359375 0.4703125 0.2734375 0.4703125
1 0 0.1765625 0.2078125 0.1765625 0.2078125 0.4421875 0 0.4421875
1 0.1375 0.646875 0.3734375 0.646875 0.3734375 0.871875 0.1375 0.871875
1 0.2703125 0.665625 0.553125 0.665625 0.553125 0.9390625 0.2703125 0.9390625
1 0.4484375 0.7671875 0.7 0.7671875 0.7 1 0.4484375 1
1 0.8140625 0.7125 0.940625 0.7125 0.940625 0.884375 0.8140625 0.884375
1 0.1421875 0.8484375 0.2921875 0.8484375 0.2921875 0.971875 0.1421875 0.971875
0 0.3578125 0.3484375 0.4390625 0.3484375 0.4390625 0.4171875 0.3578125 0.4171875
0 0.0359375 0.3125 0.115625 0.3125 0.115625 0.371875 0.0359375 0.371875
0 0.2140625 0.765625 0.2796875 0.765625 0.2796875 0.825 0.2140625 0.825
0 0.5390625 0.921875 0.596875 0.921875 0.596875 0.975 0.5390625 0.975