1 0.328125 0.0171875 0.878125 0.0171875 0.878125 0.59375 0.328125 0.59375
1 0.7578125 0.178125 1 0.178125 1 0.596875 0.7578125 0.596875
1 0.409375 0.4578125 0.9203125 0.4578125 0.9203125 1 0.409375 1
1 0.45625 0.596875 0.9875 0.596875 0.9875 1 0.45625 1
1 0.3453125 0.796875 0.5953125 0.796875 0.5953125 1 0.3453125 1
1 0.0046875 0.1296875 0.4921875 0.1296875 0.4921875 0.7828125 0.0046875 0.7828125
1 0.2109375 0.0109375 0.625 0.0109375 0.625 0.3359375 0.2109375 0.3359375
1 0.0171875 0.425 0.4234375 0.425 0.4234375 0.940625 0.0171875 0.940625
1 0.090625 0.0046875 0.4609375 0.0046875 0.4609375 0.3203125 0.090625 0.3203125
1 0.0015625 0.05 0.33125 0.05 0.33125 0.4796875 0.0015625 0.4796875
0 0.1234375 0.359375 0.3390625 0.359375 0.3390625 0.6015625 0.1234375 0.6015625
0 0.403125 0.509375 0.5015625 0.509375 0.5015625 0.6171875 0.403125 0.6171875
0 0.575 0.615625 0.771875 0.615625 0.771875 0.8328125 0.575 0.8328125
0 0.059375 0.590625 0.25 0.590625 0.25 0.803125 0.059375 0.803125
0 0.2453125 0.7234375 0.4265625 0.7234375 0.4265625 0.9234375 0.2453125 0.9234375
0 0.05 0.1515625 0.234375 0.1515625 0.234375 0.35625 0.05 0.35625
0 0.20625 0.0640625 0.3546875 0.0640625 0.3546875 0.2390625 0.20625 0.2390625
0 0.378125 0.0328125 0.53125 0.0328125 0.53125 0.2109375 0.378125 0.2109375
0 0.5046875 0.165625 0.696875 0.165625 0.696875 0.3734375 0.5046875 0.3734375
0 0.4140625 0.8671875 0.5046875 0.8671875 0.5046875 0.9578125 0.4140625 0.9578125
0 0.61875 0.828125 0.7984375 0.828125 0.7984375 1 0.61875 1
0 0.8828125 0.71875 0.990625 0.71875 0.990625 0.8578125 0.8828125 0.8578125
0 0.8765625 0.2828125 0.9984375 0.2828125 0.9984375 0.425 0.8765625 0.425