1 0.303125 0.0296875 0.6578125 0.0296875 0.6578125 0.471875 0.303125 0.471875
1 0.6921875 0.003125 0.96875 0.003125 0.96875 0.321875 0.6921875 0.321875
1 0.5484375 0.409375 0.878125 0.409375 0.878125 0.8375 0.5484375 0.8375
1 0.6640625 0.4984375 0.9984375 0.4984375 0.9984375 0.9984375 0.6640625 0.9984375
1 0.5390625 0.796875 0.7015625 0.796875 0.7015625 0.9984375 0.5390625 0.9984375
1 0.0265625 0.328125 0.3609375 0.328125 0.3609375 0.846875 0.0265625 0.846875
1 0.1015625 0 0.3828125 0 0.3828125 0.3390625 0.1015625 0.3390625
1 0.05625 0.6421875 0.4359375 0.6421875 0.4359375 0.996875 0.05625 0.996875
1 0 0.053125 0.221875 0.053125 0.221875 0.40625 0 0.40625
1 0 0.240625 0.1734375 0.240625 0.1734375 0.625 0 0.625
0 0.159375 0.503125 0.296875 0.503125 0.296875 0.6921875 0.159375 0.6921875
0 0.421875 0.5234375 0.4890625 0.5234375 0.4890625 0.6109375 0.421875 0.6109375
0 0.6546875 0.525 0.775 0.525 0.775 0.690625 0.6546875 0.690625
0 0.190625 0.753125 0.30625 0.753125 0.30625 0.91875 0.190625 0.91875
0 0.3953125 0.784375 0.5203125 0.784375 0.5203125 0.9421875 0.3953125 0.9421875
0 0 0.3546875 0.1171875 0.3546875 0.1171875 0.5140625 0 0.5140625
0 0.0921875 0.2 0.1859375 0.2 0.1859375 0.346875 0.0921875 0.346875
0 0.2296875 0.0859375 0.3296875 0.0859375 0.3296875 0.234375 0.2296875 0.234375
0 0.4078125 0.15 0.528125 0.15 0.528125 0.3015625 0.4078125 0.3015625
0 0.5703125 0.8546875 0.634375 0.8546875 0.634375 0.9140625 0.5703125 0.9140625
0 0.7625 0.7 0.8875 0.7 0.8875 0.846875 0.7625 0.846875
0 0.946875 0.478125 0.9953125 0.478125 0.9953125 0.5984375 0.946875 0.5984375
0 0.759375 0.08125 0.834375 0.08125 0.834375 0.196875 0.759375 0.196875