1 0.3375 0.0375 0.79375 0.0375 0.79375 0.5859375 0.3375 0.5859375
1 0.734375 0.1546875 1 0.1546875 1 0.58125 0.734375 0.58125
1 0.45625 0.475 0.9109375 0.475 0.9109375 1 0.45625 1
1 0.5328125 0.6140625 1 0.6140625 1 1 0.5328125 1
1 0.4078125 0.8328125 0.628125 0.8328125 0.628125 1 0.4078125 1
1 0.00625 0.2 0.4296875 0.2 0.4296875 0.8171875 0.00625 0.8171875
1 0.1859375 0.01875 0.5375 0.01875 0.5375 0.3484375 0.1859375 0.3484375
1 0.0140625 0.5046875 0.415625 0.5046875 0.415625 0.9890625 0.0140625 0.9890625
1 0.053125 0.0046875 0.3828125 0.0046875 0.3828125 0.3640625 0.053125 0.3640625
1 0.003125 0.1015625 0.2703125 0.1015625 0.2703125 0.5359375 0.003125 0.5359375
0 0.1296875 0.409375 0.321875 0.409375 0.321875 0.6484375 0.1296875 0.6484375
0 0.4078125 0.5390625 0.496875 0.5390625 0.496875 0.646875 0.4078125 0.646875
0 0.60625 0.63125 0.7734375 0.63125 0.7734375 0.8390625 0.60625 0.8390625
0 0.0890625 0.646875 0.2671875 0.646875 0.2671875 0.8640625 0.0890625 0.8640625
0 0.2875 0.7671875 0.45625 0.7671875 0.45625 0.9671875 0.2875 0.9671875
0 0.0265625 0.209375 0.1921875 0.209375 0.1921875 0.4140625 0.0265625 0.4140625
0 0.159375 0.1 0.30625 0.1 0.30625 0.2890625 0.159375 0.2890625
0 0.325 0.0546875 0.471875 0.0546875 0.471875 0.2421875 0.325 0.2421875
0 0.478125 0.184375 0.64375 0.184375 0.64375 0.38125 0.478125 0.38125
0 0.465625 0.903125 0.54375 0.903125 0.54375 0.9859375 0.465625 0.9859375
0 0.671875 0.840625 0.8265625 0.840625 0.8265625 1 0.671875 1
0 0.9109375 0.70625 1 0.70625 1 0.84375 0.9109375 0.84375
0 0.8390625 0.2609375 0.9625 0.2609375 0.9625 0.4140625 0.8390625 0.4140625