1 0.296875 0.025 0.6640625 0.025 0.6640625 0.475 0.296875 0.475
1 0.69375 0.0046875 0.9671875 0.0046875 0.9671875 0.321875 0.69375 0.321875
1 0.5453125 0.4078125 0.8796875 0.4078125 0.8796875 0.8390625 0.5453125 0.8390625
1 0.66875 0.5 0.9984375 0.5 0.9984375 0.996875 0.66875 0.996875
1 0.5359375 0.7953125 0.7046875 0.7953125 0.7046875 1 0.5359375 1
1 0.0171875 0.3234375 0.3703125 0.3234375 0.3703125 0.8515625 0.0171875 0.8515625
1 0.1015625 0 0.3828125 0 0.3828125 0.3390625 0.1015625 0.3390625
1 0.0515625 0.6375 0.440625 0.6375 0.440625 0.9984375 0.0515625 0.9984375
1 0 0.0515625 0.2234375 0.0515625 0.2234375 0.409375 0 0.409375
1 0 0.24375 0.165625 0.24375 0.165625 0.6234375 0 0.6234375
0 0.159375 0.503125 0.296875 0.503125 0.296875 0.6921875 0.159375 0.6921875
0 0.425 0.525 0.4875 0.525 0.4875 0.609375 0.425 0.609375
0 0.6515625 0.5234375 0.7765625 0.5234375 0.7765625 0.69375 0.6515625 0.69375
0 0.1875 0.7515625 0.3078125 0.7515625 0.3078125 0.91875 0.1875 0.91875
0 0.3984375 0.7859375 0.5171875 0.7859375 0.5171875 0.940625 0.3984375 0.940625
0 0 0.3546875 0.1171875 0.3546875 0.1171875 0.5140625 0 0.5140625
0 0.0953125 0.2 0.1828125 0.2 0.1828125 0.3453125 0.0953125 0.3453125
0 0.2328125 0.0875 0.3265625 0.0875 0.3265625 0.2328125 0.2328125 0.2328125
0 0.403125 0.1453125 0.53125 0.1453125 0.53125 0.3046875 0.403125 0.3046875
0 0.56875 0.853125 0.6359375 0.853125 0.6359375 0.915625 0.56875 0.915625
0 0.7625 0.7015625 0.8859375 0.7015625 0.8859375 0.84375 0.7625 0.84375
0 0.94375 0.478125 0.9984375 0.478125 0.9984375 0.5984375 0.94375 0.5984375
0 0.759375 0.08125 0.834375 0.08125 0.834375 0.196875 0.759375 0.196875