1 0.3171875 0.0390625 0.64375 0.0390625 0.64375 0.4625 0.3171875 0.4625
1 0.6875 0 0.9734375 0 0.9734375 0.3265625 0.6875 0.3265625
1 0.55 0.4109375 0.875 0.4109375 0.875 0.8359375 0.55 0.8359375
1 0.68125 0.5078125 0.9984375 0.5078125 0.9984375 0.9984375 0.68125 0.9984375
1 0.540625 0.796875 0.7015625 0.796875 0.7015625 0.996875 0.540625 0.996875
1 0.0390625 0.3359375 0.3484375 0.3359375 0.3484375 0.840625 0.0390625 0.840625
1 0.1140625 0.0015625 0.36875 0.0015625 0.36875 0.328125 0.1140625 0.328125
1 0.0609375 0.6484375 0.4296875 0.6484375 0.4296875 0.996875 0.0609375 0.996875
1 0 0.0515625 0.221875 0.0515625 0.221875 0.409375 0 0.409375
1 0 0.24375 0.159375 0.24375 0.159375 0.6234375 0 0.6234375
0 0.1609375 0.5046875 0.2953125 0.5046875 0.2953125 0.6921875 0.1609375 0.6921875
0 0.425 0.525 0.4875 0.525 0.4875 0.609375 0.425 0.609375
0 0.6546875 0.5265625 0.7734375 0.5265625 0.7734375 0.6890625 0.6546875 0.6890625
0 0.1859375 0.75 0.3109375 0.75 0.3109375 0.9203125 0.1859375 0.9203125
0 0.3984375 0.7859375 0.51875 0.7859375 0.51875 0.940625 0.3984375 0.940625
0 0 0.3546875 0.1171875 0.3546875 0.1171875 0.5140625 0 0.5140625
0 0.0890625 0.196875 0.1890625 0.196875 0.1890625 0.3484375 0.0890625 0.3484375
0 0.2296875 0.0859375 0.3296875 0.0859375 0.3296875 0.234375 0.2296875 0.234375
0 0.4078125 0.15 0.528125 0.15 0.528125 0.3015625 0.4078125 0.3015625
0 0.571875 0.85625 0.634375 0.85625 0.634375 0.9140625 0.571875 0.9140625
0 0.7671875 0.7046875 0.88125 0.7046875 0.88125 0.840625 0.7671875 0.840625
0 0.9453125 0.478125 0.996875 0.478125 0.996875 0.5984375 0.9453125 0.5984375
0 0.753125 0.0796875 0.840625 0.0796875 0.840625 0.2 0.753125 0.2