1 0.3609375 0.0609375 0.8921875 0.0609375 0.8921875 0.6640625 0.3609375 0.6640625
1 0.759375 0.2703125 1 0.2703125 1 0.7328125 0.759375 0.7328125
1 0.4078125 0.503125 0.9375 0.503125 0.9375 1 0.4078125 1
1 0.4484375 0.65625 0.996875 0.65625 0.996875 1 0.4484375 1
1 0.340625 0.81875 0.5953125 0.81875 0.5953125 1 0.340625 1
1 0.009375 0.1265625 0.5015625 0.1265625 0.5015625 0.784375 0.009375 0.784375
1 0.2515625 0.0375 0.65625 0.0375 0.65625 0.378125 0.2515625 0.378125
1 0.028125 0.4078125 0.4265625 0.4078125 0.4265625 0.946875 0.028125 0.946875
1 0.1125 0.0171875 0.503125 0.0171875 0.503125 0.3515625 0.1125 0.3515625
1 0.0078125 0.0296875 0.3640625 0.0296875 0.3640625 0.484375 0.0078125 0.484375
0 0.134375 0.35 0.359375 0.35 0.359375 0.6109375 0.134375 0.6109375
0 0.4140625 0.5390625 0.5171875 0.5390625 0.5171875 0.6578125 0.4140625 0.6578125
0 0.58125 0.6796875 0.7796875 0.6796875 0.7796875 0.90625 0.58125 0.90625
0 0.05625 0.5625 0.2640625 0.5625 0.2640625 0.8 0.05625 0.8
0 0.240625 0.725 0.434375 0.725 0.434375 0.9453125 0.240625 0.9453125
0 0.06875 0.1328125 0.2640625 0.1328125 0.2640625 0.35625 0.06875 0.35625
0 0.221875 0.0640625 0.396875 0.0640625 0.396875 0.26875 0.221875 0.26875
0 0.3984375 0.0640625 0.5734375 0.0640625 0.5734375 0.2671875 0.3984375 0.2671875
0 0.5296875 0.225 0.7234375 0.225 0.7234375 0.44375 0.5296875 0.44375
0 0.4140625 0.8953125 0.5015625 0.8953125 0.5015625 0.9890625 0.4140625 0.9890625
0 0.6171875 0.89375 0.796875 0.89375 0.796875 1 0.6171875 1
0 0.8859375 0.8265625 1 0.8265625 1 0.971875 0.8859375 0.971875
0 0.8875 0.3890625 1 0.3890625 1 0.55625 0.8875 0.55625