1 0.0953125 0.0109375 0.6265625 0.0109375 0.6265625 0.575 0.0953125 0.575
1 0.43125 0.0046875 0.8296875 0.0046875 0.8296875 0.2625 0.43125 0.2625
1 0.4859375 0.2484375 0.9875 0.2484375 0.9875 0.7875 0.4859375 0.7875
1 0.6265625 0.271875 0.9953125 0.271875 0.9953125 0.8734375 0.6265625 0.8734375
1 0.65625 0.675 0.9 0.675 0.9 0.93125 0.65625 0.93125
1 0 0.4125 0.53125 0.4125 0.53125 1 0 1
1 0 0.1140625 0.31875 0.1140625 0.31875 0.5484375 0 0.5484375
1 0.15625 0.65625 0.6640625 0.65625 0.6640625 1 0.15625 1
1 0 0.2359375 0.2046875 0.2359375 0.2046875 0.6546875 0 0.6546875
1 0 0.4234375 0.2625 0.4234375 0.2625 0.846875 0 0.846875
0 0.1859375 0.6 0.4 0.6 0.4 0.834375 0.1859375 0.834375
0 0.43125 0.53125 0.5328125 0.53125 0.5328125 0.640625 0.43125 0.640625
0 0.6375 0.4 0.825 0.4 0.825 0.60625 0.6375 0.60625
0 0.3265625 0.81875 0.509375 0.81875 0.509375 1 0.3265625 1
0 0.525 0.7484375 0.7125 0.7484375 0.7125 0.9484375 0.525 0.9484375
0 0 0.5515625 0.159375 0.5515625 0.159375 0.7484375 0 0.7484375
0 0 0.38125 0.14375 0.38125 0.14375 0.55625 0 0.55625
0 0.059375 0.2140625 0.221875 0.2140625 0.221875 0.3953125 0.059375 0.3953125
0 0.246875 0.1796875 0.428125 0.1796875 0.428125 0.3734375 0.246875 0.3734375
0 0.7140625 0.7578125 0.8015625 0.7578125 0.8015625 0.8421875 0.7140625 0.8421875
0 0.8109375 0.503125 0.990625 0.503125 0.990625 0.69375 0.8109375 0.69375
0 0.8765625 0.2578125 0.9796875 0.2578125 0.9796875 0.3890625 0.8765625 0.3890625
0 0.53125 0.00625 0.653125 0.00625 0.653125 0.11875 0.53125 0.11875