1 0.115625 0 0.675 0 0.675 0.5578125 0.115625 0.5578125
1 0.4546875 0 0.8640625 0 0.8640625 0.24375 0.4546875 0.24375
1 0.5234375 0.2296875 1 0.2296875 1 0.771875 0.5234375 0.771875
1 0.66875 0.25625 1 0.25625 1 0.859375 0.66875 0.859375
1 0.7203125 0.65625 0.975 0.65625 0.975 0.915625 0.7203125 0.915625
1 0.0328125 0.39375 0.6078125 0.39375 0.6078125 1 0.0328125 1
1 0.0078125 0.09375 0.3671875 0.09375 0.3671875 0.5296875 0.0078125 0.5296875
1 0.215625 0.640625 0.740625 0.640625 0.740625 0.996875 0.215625 0.996875
1 0.01875 0.215625 0.259375 0.215625 0.259375 0.634375 0.01875 0.634375
1 0.0328125 0.403125 0.328125 0.403125 0.328125 0.83125 0.0328125 0.83125
0 0.24375 0.5828125 0.46875 0.5828125 0.46875 0.81875 0.24375 0.81875
0 0.4828125 0.5125 0.590625 0.5125 0.590625 0.6234375 0.4828125 0.6234375
0 0.6828125 0.3828125 0.8796875 0.3828125 0.8796875 0.5890625 0.6828125 0.5890625
0 0.396875 0.7984375 0.5890625 0.7984375 0.5890625 0.9921875 0.396875 0.9921875
0 0.5921875 0.7296875 0.7890625 0.7296875 0.7890625 0.93125 0.5921875 0.93125
0 0.04375 0.5328125 0.2203125 0.5328125 0.2203125 0.73125 0.04375 0.73125
0 0.03125 0.3640625 0.19375 0.3640625 0.19375 0.540625 0.03125 0.540625
0 0.0921875 0.196875 0.2625 0.196875 0.2625 0.378125 0.0921875 0.378125
0 0.2765625 0.1625 0.4671875 0.1625 0.4671875 0.35625 0.2765625 0.35625
0 0.7796875 0.740625 0.8703125 0.740625 0.8703125 0.825 0.7796875 0.825
0 0.8640625 0.4859375 1 0.4859375 1 0.678125 0.8640625 0.678125
0 0.9125 0.240625 1 0.240625 1 0.371875 0.9125 0.371875
0 0.55 0 0.6765625 0 0.6765625 0.1 0.55 0.1