1 0.33125 0.084375 0.9390625 0.084375 0.9390625 0.7796875 0.33125 0.7796875
1 0.7234375 0.4140625 0.984375 0.4140625 0.984375 0.8796875 0.7234375 0.8796875
1 0.2484375 0.521875 0.815625 0.521875 0.815625 1 0.2484375 1
1 0.234375 0.66875 0.834375 0.66875 0.834375 1 0.234375 1
1 0.134375 0.7828125 0.4109375 0.7828125 0.4109375 1 0.134375 1
1 0 0.0453125 0.51875 0.0453125 0.51875 0.7796875 0 0.7796875
1 0.29375 0.0625 0.746875 0.0625 0.746875 0.4515625 0.29375 0.4515625
1 0 0.3015625 0.346875 0.3015625 0.346875 0.903125 0 0.903125
1 0.175 0.0375 0.5953125 0.0375 0.5953125 0.365625 0.175 0.365625
1 0.025 0.009375 0.4234375 0.009375 0.4234375 0.4515625 0.025 0.4515625
0 0.0890625 0.2984375 0.33125 0.2984375 0.33125 0.5765625 0.0890625 0.5765625
0 0.3375 0.5421875 0.446875 0.5421875 0.446875 0.6671875 0.3375 0.6671875
0 0.4359375 0.715625 0.653125 0.715625 0.653125 0.9671875 0.4359375 0.9671875
0 0 0.478125 0.1609375 0.478125 0.1609375 0.7203125 0 0.7203125
0 0.08125 0.6703125 0.2828125 0.6703125 0.2828125 0.903125 0.08125 0.903125
0 0.1046875 0.08125 0.309375 0.08125 0.309375 0.3171875 0.1046875 0.3171875
0 0.29375 0.0671875 0.4640625 0.0671875 0.4640625 0.265625 0.29375 0.265625
0 0.4703125 0.1109375 0.6453125 0.1109375 0.6453125 0.3140625 0.4703125 0.3140625
0 0.5375 0.284375 0.75 0.284375 0.75 0.5265625 0.5375 0.5265625
0 0.2203125 0.8625 0.3171875 0.8625 0.3171875 0.971875 0.2203125 0.971875
0 0.4078125 0.91875 0.603125 0.91875 0.603125 1 0.4078125 1
0 0.7109375 0.9328125 0.8390625 0.9328125 0.8390625 1 0.7109375 1
0 0.865625 0.5421875 0.978125 0.5421875 0.978125 0.6984375 0.865625 0.6984375