1 0.7578125 0.3078125 1 0.3078125 1 0.74375 0.7578125 0.74375
1 0.54375 0.3125 0.815625 0.3125 0.815625 0.5875 0.54375 0.5875
1 0.165625 0.6828125 0.45 0.6828125 0.45 0.9671875 0.165625 0.9671875
1 0.0078125 0.1109375 0.340625 0.1109375 0.340625 0.5765625 0.0078125 0.5765625
1 0.1671875 0 0.4921875 0 0.4921875 0.1875 0.1671875 0.1875
1 0.034375 0.0796875 0.290625 0.0796875 0.290625 0.3421875 0.034375 0.3421875
1 0.234375 0.375 0.5015625 0.375 0.5015625 0.6453125 0.234375 0.6453125
1 0.4296875 0.3359375 0.7609375 0.3359375 0.7609375 0.671875 0.4296875 0.671875
0 0.884375 0.46875 1 0.46875 1 0.63125 0.884375 0.63125
0 0.63125 0.409375 0.73125 0.409375 0.73125 0.509375 0.63125 0.509375
0 0.5359375 0.4609375 0.659375 0.4609375 0.659375 0.584375 0.5359375 0.584375
0 0.01875 0.3046875 0.1375 0.3046875 0.1375 0.4296875 0.01875 0.4296875
0 0.0984375 0.1796875 0.203125 0.1796875 0.203125 0.2859375 0.0984375 0.2859375
0 0.275 0 0.3765625 0 0.3765625 0.0515625 0.275 0.0515625
1 0.58125 0.171875 0.784375 0.171875 0.784375 0.3765625 0.58125 0.3765625
1 0.303125 0.0984375 0.5375 0.0984375 0.5375 0.334375 0.303125 0.334375