1 0.7578125 0 0.9984375 0 0.9984375 0.346875 0.7578125 0.346875
1 0.5125 0.15 0.7078125 0.15 0.7078125 0.43125 0.5125 0.43125
1 0.384375 0.7015625 0.6203125 0.7015625 0.6203125 0.928125 0.384375 0.928125
1 0 0.3640625 0.2171875 0.3640625 0.2171875 0.8578125 0 0.8578125
1 0.0203125 0.034375 0.140625 0.034375 0.140625 0.409375 0.0203125 0.409375
1 0 0.3328125 0.1203125 0.3328125 0.1203125 0.6171875 0 0.6171875
1 0.3078125 0.41875 0.453125 0.41875 0.453125 0.6859375 0.3078125 0.6859375
1 0.4734375 0.2265625 0.665625 0.2265625 0.665625 0.5515625 0.4734375 0.5515625
0 0.853125 0.0828125 0.9609375 0.0828125 0.9609375 0.2421875 0.853125 0.2421875
0 0.5875 0.25 0.6484375 0.25 0.6484375 0.340625 0.5875 0.340625
0 0.5421875 0.3421875 0.621875 0.3421875 0.621875 0.4609375 0.5421875 0.4609375
0 0.0171875 0.59375 0.1 0.59375 0.1 0.7109375 0.0171875 0.7109375
0 0.015625 0.44375 0.0796875 0.44375 0.0796875 0.5609375 0.015625 0.5609375
0 0.040625 0.153125 0.09375 0.153125 0.09375 0.265625 0.040625 0.265625
1 0.45 0.0609375 0.5859375 0.0609375 0.5859375 0.259375 0.45 0.259375
1 0.1828125 0.1953125 0.35 0.1953125 0.35 0.4078125 0.1828125 0.4078125