1 0.7703125 0.215625 1 0.215625 1 0.6375 0.7703125 0.6375
1 0.521875 0.3125 0.7640625 0.3125 0.7640625 0.590625 0.521875 0.590625
1 0.2953125 0.79375 0.5609375 0.79375 0.5609375 1 0.2953125 1
1 0.0046875 0.2890625 0.2609375 0.2890625 0.2609375 0.775 0.0046875 0.775
1 0.0609375 0.0015625 0.2609375 0.0015625 0.2609375 0.3265625 0.0609375 0.3265625
1 0.0046875 0.24375 0.1765625 0.24375 0.1765625 0.5203125 0.0046875 0.5203125
1 0.275 0.471875 0.46875 0.471875 0.46875 0.7328125 0.275 0.7328125
1 0.459375 0.36875 0.7078125 0.36875 0.7078125 0.6875 0.459375 0.6875
0 0.8796875 0.38125 1 0.38125 1 0.5390625 0.8796875 0.5390625
0 0.6109375 0.415625 0.6859375 0.415625 0.6859375 0.50625 0.6109375 0.50625
0 0.5421875 0.4875 0.6421875 0.4875 0.6421875 0.6046875 0.5421875 0.6046875
0 0.009375 0.4984375 0.1 0.4984375 0.1 0.6140625 0.009375 0.6140625
0 0.028125 0.3484375 0.1140625 0.3484375 0.1140625 0.4625 0.028125 0.4625
0 0.115625 0.0765625 0.190625 0.0765625 0.190625 0.184375 0.115625 0.184375
1 0.5 0.1859375 0.6703125 0.1859375 0.6703125 0.3828125 0.5 0.3828125
1 0.21875 0.2015625 0.41875 0.2015625 0.41875 0.415625 0.21875 0.415625