1 0.7078125 0.3484375 0.9890625 0.3484375 0.9890625 0.80625 0.7078125 0.80625
1 0.503125 0.3734375 0.7625 0.3734375 0.7625 0.646875 0.503125 0.646875
1 0.128125 0.74375 0.403125 0.74375 0.403125 1 0.128125 1
1 0 0.16875 0.275 0.16875 0.275 0.6375 0 0.6375
1 0.11875 0.00625 0.43125 0.00625 0.43125 0.25625 0.11875 0.25625
1 0 0.1265625 0.2484375 0.1265625 0.2484375 0.4125 0 0.4125
1 0.196875 0.4296875 0.446875 0.4296875 0.446875 0.7 0.196875 0.7
1 0.3984375 0.4 0.7015625 0.4 0.7015625 0.7265625 0.3984375 0.7265625
0 0.8390625 0.528125 0.9828125 0.528125 0.9828125 0.6984375 0.8390625 0.6984375
0 0.5890625 0.4703125 0.68125 0.4703125 0.68125 0.56875 0.5890625 0.56875
0 0.4921875 0.5203125 0.609375 0.5203125 0.609375 0.64375 0.4921875 0.64375
0 0 0.3609375 0.0859375 0.3609375 0.0859375 0.4796875 0 0.4796875
0 0.05 0.2296875 0.153125 0.2296875 0.153125 0.34375 0.05 0.34375
0 0.228125 0.0125 0.31875 0.0125 0.31875 0.10625 0.228125 0.10625
1 0.5296875 0.225 0.7375 0.225 0.7375 0.44375 0.5296875 0.44375
1 0.259375 0.159375 0.4828125 0.159375 0.4828125 0.3890625 0.259375 0.3890625