1 0.7578125 0.075 0.9984375 0.075 0.9984375 0.425 0.7578125 0.425
1 0.51875 0.2765625 0.6859375 0.2765625 0.6859375 0.5015625 0.51875 0.5015625
1 0.4578125 0.825 0.671875 0.825 0.671875 0.9984375 0.4578125 0.9984375
1 0 0.465625 0.215625 0.465625 0.215625 0.8953125 0 0.8953125
1 0.0171875 0.115625 0.090625 0.115625 0.090625 0.4640625 0.0171875 0.4640625
1 0 0.4171875 0.1125 0.4171875 0.1125 0.665625 0 0.665625
1 0.346875 0.521875 0.4625 0.521875 0.4625 0.75 0.346875 0.75
1 0.496875 0.346875 0.653125 0.346875 0.653125 0.621875 0.496875 0.621875
0 0.840625 0.215625 0.93125 0.215625 0.93125 0.3453125 0.840625 0.3453125
0 0.5859375 0.3578125 0.6359375 0.3578125 0.6359375 0.4328125 0.5859375 0.4328125
0 0.5546875 0.45 0.621875 0.45 0.621875 0.5453125 0.5546875 0.5453125
0 0.0546875 0.6703125 0.1265625 0.6703125 0.1265625 0.7640625 0.0546875 0.7640625
0 0.0328125 0.515625 0.084375 0.515625 0.084375 0.6171875 0.0328125 0.6171875
0 0.0203125 0.228125 0.0609375 0.228125 0.0609375 0.3265625 0.0203125 0.3265625
1 0.434375 0.1734375 0.55 0.1734375 0.55 0.334375 0.434375 0.334375
1 0.18125 0.296875 0.328125 0.296875 0.328125 0.4625 0.18125 0.4625