1 0.7453125 0.0671875 0.996875 0.0671875 0.996875 0.4328125 0.7453125 0.4328125
1 0.528125 0.2828125 0.6765625 0.2828125 0.6765625 0.496875 0.528125 0.496875
1 0.4609375 0.83125 0.6671875 0.83125 0.6671875 0.996875 0.4609375 0.996875
1 0 0.471875 0.2015625 0.471875 0.2015625 0.8921875 0 0.8921875
1 0 0.1140625 0.1109375 0.1140625 0.1109375 0.4671875 0 0.4671875
1 0 0.415625 0.1203125 0.415625 0.1203125 0.66875 0 0.66875
1 0.3421875 0.5203125 0.4671875 0.5203125 0.4671875 0.7515625 0.3421875 0.7515625
1 0.496875 0.346875 0.653125 0.346875 0.653125 0.621875 0.496875 0.621875
0 0.8375 0.2140625 0.934375 0.2140625 0.934375 0.3453125 0.8375 0.3453125
0 0.584375 0.3578125 0.6375 0.3578125 0.6375 0.434375 0.584375 0.434375
0 0.5546875 0.45 0.621875 0.45 0.621875 0.5453125 0.5546875 0.5453125
0 0.0546875 0.6703125 0.125 0.6703125 0.125 0.7625 0.0546875 0.7625
0 0.034375 0.515625 0.0828125 0.515625 0.0828125 0.6171875 0.034375 0.6171875
0 0.021875 0.228125 0.0578125 0.228125 0.0578125 0.325 0.021875 0.325
1 0.4296875 0.171875 0.5546875 0.171875 0.5546875 0.3375 0.4296875 0.3375
1 0.18125 0.2984375 0.328125 0.2984375 0.328125 0.4609375 0.18125 0.4609375