1 0.7578125 0.075 0.9984375 0.075 0.9984375 0.425 0.7578125 0.425
1 0.528125 0.2828125 0.6765625 0.2828125 0.6765625 0.496875 0.528125 0.496875
1 0.459375 0.828125 0.66875 0.828125 0.66875 0.9984375 0.459375 0.9984375
1 0 0.471875 0.2046875 0.471875 0.2046875 0.8921875 0 0.8921875
1 0.0046875 0.1140625 0.103125 0.1140625 0.103125 0.465625 0.0046875 0.465625
1 0.003125 0.4203125 0.10625 0.4203125 0.10625 0.6640625 0.003125 0.6640625
1 0.340625 0.5203125 0.4671875 0.5203125 0.4671875 0.7515625 0.340625 0.7515625
1 0.490625 0.346875 0.6578125 0.346875 0.6578125 0.6234375 0.490625 0.6234375
0 0.8421875 0.215625 0.93125 0.215625 0.93125 0.34375 0.8421875 0.34375
0 0.5828125 0.3578125 0.6390625 0.3578125 0.6390625 0.434375 0.5828125 0.434375
0 0.5546875 0.45 0.621875 0.45 0.621875 0.5453125 0.5546875 0.5453125
0 0.0546875 0.6703125 0.1265625 0.6703125 0.1265625 0.7640625 0.0546875 0.7640625
0 0.0375 0.5171875 0.0796875 0.5171875 0.0796875 0.615625 0.0375 0.615625
0 0.0203125 0.228125 0.0609375 0.228125 0.0609375 0.3265625 0.0203125 0.3265625
1 0.434375 0.175 0.5484375 0.175 0.5484375 0.3328125 0.434375 0.3328125
1 0.18125 0.296875 0.328125 0.296875 0.328125 0.4625 0.18125 0.4625