1 0.7609375 0.1203125 1 0.1203125 1 0.521875 0.7609375 0.521875
1 0.553125 0.2953125 0.7546875 0.2953125 0.7546875 0.53125 0.553125 0.53125
1 0.4546875 0.825 0.7 0.825 0.7 1 0.4546875 1
1 0.034375 0.3921875 0.2828125 0.3921875 0.2828125 0.8421875 0.034375 0.8421875
1 0.015625 0.040625 0.2109375 0.040625 0.2109375 0.4078125 0.015625 0.4078125
1 0.0296875 0.3375 0.190625 0.3375 0.190625 0.6078125 0.0296875 0.6078125
1 0.346875 0.5 0.528125 0.5 0.528125 0.7484375 0.346875 0.7484375
1 0.5078125 0.3546875 0.73125 0.3546875 0.73125 0.6515625 0.5078125 0.6515625
0 0.88125 0.2796875 1 0.2796875 1 0.4265625 0.88125 0.4265625
0 0.6265625 0.378125 0.6984375 0.378125 0.6984375 0.4640625 0.6265625 0.4640625
0 0.5859375 0.465625 0.6765625 0.465625 0.6765625 0.571875 0.5859375 0.571875
0 0.071875 0.5984375 0.1640625 0.5984375 0.1640625 0.7015625 0.071875 0.7015625
0 0.0609375 0.44375 0.134375 0.44375 0.134375 0.5515625 0.0609375 0.5515625
0 0.06875 0.1578125 0.128125 0.1578125 0.128125 0.2578125 0.06875 0.2578125
1 0.46875 0.16875 0.634375 0.16875 0.634375 0.3546875 0.46875 0.3546875
1 0.2125 0.253125 0.3984375 0.253125 0.3984375 0.4390625 0.2125 0.4390625