1 0.759375 0.0984375 1 0.0984375 1 0.46875 0.759375 0.46875
1 0.525 0.2859375 0.69375 0.2859375 0.69375 0.5125 0.525 0.5125
1 0.409375 0.8234375 0.634375 0.8234375 0.634375 1 0.409375 1
1 0 0.428125 0.2046875 0.428125 0.2046875 0.8640625 0 0.8640625
1 0.0078125 0.0734375 0.1375 0.0734375 0.1375 0.43125 0.0078125 0.43125
1 0 0.3765625 0.1109375 0.3765625 0.1109375 0.628125 0 0.628125
1 0.3140625 0.5078125 0.4625 0.5078125 0.4625 0.7484375 0.3140625 0.7484375
1 0.475 0.3453125 0.66875 0.3453125 0.66875 0.6359375 0.475 0.6359375
0 0.8515625 0.246875 0.953125 0.246875 0.953125 0.38125 0.8515625 0.38125
0 0.5859375 0.365625 0.6484375 0.365625 0.6484375 0.446875 0.5859375 0.446875
0 0.546875 0.4546875 0.621875 0.4546875 0.621875 0.55625 0.546875 0.55625
0 0.028125 0.6296875 0.109375 0.6296875 0.109375 0.7296875 0.028125 0.7296875
0 0.025 0.4765625 0.078125 0.4765625 0.078125 0.578125 0.025 0.578125
0 0.034375 0.1875 0.084375 0.1875 0.084375 0.2890625 0.034375 0.2890625
1 0.446875 0.1703125 0.575 0.1703125 0.575 0.3375 0.446875 0.3375
1 0.1828125 0.2703125 0.34375 0.2703125 0.34375 0.4484375 0.1828125 0.4484375