0 755.2 480.534895 901.76 628.539629
0 27.52 513.2109810000001 141.44 564.468082
0 98.56 329.326208 204.8 413.260078
0 145.92 378.02069300000005 263.68 485.660127
0 156.16 194.13592 243.84 256.926159
0 191.36 36.520693 297.6 121.73518800000001
0 198.4 124.29848700000001 284.8 209.51298200000002
0 371.2 399.80497800000006 449.92 473.48701800000003
0 394.88 549.731674 496.0 631.102245
0 467.2 264.61469 577.28 337.014739
0 490.88 180.68082 582.4 235.782528
0 687.36 36.520693 780.8 100.59223999999999
0 775.68 595.86286 837.12 661.215715
0 867.2 378.02069300000005 947.2 443.37354799999997
0 956.8 577.282528 1022.08 652.2458760000001
