0 0.0 503.04 1023.36 718.719744
0 92.16 455.04 112.0 505.599744
0 115.84 460.79999999999995 131.84 473.60025599999994
0 126.08 452.480256 139.52 463.359744
0 147.84 442.23974400000003 163.2 455.04
0 213.76 214.400256 324.48 280.959744
0 257.28 460.79999999999995 274.56 478.08000000000004
0 272.0 443.52 290.56 464.64
0 293.12 468.48 321.92 501.75974400000007
0 294.4 449.91974400000004 311.68 465.920256
0 319.36 474.879744 331.52 489.59999999999997
0 385.92 216.95999999999998 501.76 267.519744
0 392.32 462.08025599999996 463.36 489.59999999999997
0 438.4 488.319744 456.96 500.480256
0 472.96 444.800256 485.12 459.519744
0 474.24 448.640256 501.76 473.60025599999994
0 517.76 439.68 536.32 449.91974400000004
0 520.32 446.079744 552.32 472.32
0 573.44 213.12 683.52 276.48
0 598.4 462.08025599999996 668.8 496.640256
0 663.68 469.76025599999997 679.04 484.479744
0 684.8 471.03974400000004 700.16 487.040256
0 700.8 661.119744 720.64 678.399744
0 758.4 210.56025599999998 877.44 276.48
0 795.52 446.079744 815.36 465.920256
0 824.96 439.68 847.36 453.75974400000007
0 852.48 447.36 864.64 462.08025599999996
0 863.36 459.519744 926.72 501.75974400000007
0 947.84 465.920256 966.4 483.200256
