0 0.0 664.959744 53.12 740.480256
0 0.64 150.399744 530.56 621.440256
0 60.16 670.719744 101.12 690.560256
0 82.56 711.680256 116.48 750.080256
0 108.8 669.440256 142.08 698.2402559999999
0 154.88 457.599744 177.92 486.39974400000006
0 159.36 673.280256 180.48 693.12
0 159.36 727.6800000000001 190.72 753.920256
0 174.72 342.399744 204.16 364.79999999999995
0 180.48 654.72 214.4 694.400256
0 211.84 658.5600000000001 241.28 684.800256
0 449.92 542.079744 499.2 576.639744
0 458.24 499.839744 751.36 767.360256
0 464.0 436.479744 501.12 472.32
0 545.28 330.879744 567.68 353.28000000000003
0 549.12 251.52 570.24 263.04
0 556.16 399.36 576.0 419.199744
0 567.68 483.84000000000003 590.08 504.96
0 572.8 515.840256 595.84 540.800256
0 599.68 298.880256 616.96 322.56
0 600.96 473.60025599999994 627.2 499.839744
0 614.4 289.280256 635.52 298.880256
0 689.28 357.12 717.44 383.36025600000005
0 714.88 288.0 736.0 306.560256
