0 249.6 557.70268 257.28 566.02656
0 268.8 592.27864 279.68 598.68152
0 282.24 563.4649999999999 289.92 568.58744
0 288.64 582.67432 297.6 590.9982
0 300.8 512.24128 307.2 518.6441599999999
0 305.92 552.58024 312.32 556.42156
0 308.48 512.24128 316.16 518.6441599999999
0 313.6 603.8039600000001 320.0 619.81184
0 332.16 557.70268 338.56 564.74544
0 387.2 541.0549199999999 393.6 548.73824
0 397.44 552.58024 404.48 560.26356
0 422.4 543.6158 429.44 548.73824
0 428.8 560.26356 434.56 569.86788
0 547.2 494.95295999999996 693.76 594.8402
0 620.8 598.68152 625.92 602.52352
0 687.36 574.99032 699.52 583.95476
0 846.08 498.79496 947.2 567.307
0 848.64 574.99032 864.64 585.2352
0 888.32 587.7967600000001 901.12 603.8039600000001
0 969.6 560.26356 977.28 567.307
0 969.6 537.21292 980.48 551.29912
0 990.72 521.2050399999999 994.56 530.16948
0 995.84 528.88904 1003.52 539.7737999999999
0 1006.72 514.80216 1023.36 526.32748
0 1014.4 532.73036 1023.36 542.33536
