0 64.0 211.840128 231.68 307.839744
0 216.32 339.84 243.2 363.519936
0 241.28 353.919744 261.76 375.679872
0 244.48 190.719936 275.2 224.00006399999998
0 265.6 294.39993599999997 762.88 561.920256
0 270.72 190.719936 298.88 218.240064
0 302.72 261.759744 315.52 288.0
0 325.12 81.919872 344.32 101.76019199999999
0 332.8 65.279808 357.76 85.760064
0 355.2 231.67987200000002 374.4 251.520192
0 365.44 99.199872 390.4 130.560192
0 385.28 124.160256 405.12 136.960128
0 386.56 7.039872 420.48 34.56
0 392.96 76.799808 453.12 158.079744
0 464.0 46.719936000000004 480.64 65.279808
0 470.4 29.439936 488.96 42.879743999999995
0 525.44 89.600256 538.88 105.599808
0 561.28 159.36019199999998 575.36 183.040128
0 636.8 133.119936 661.76 150.399936
0 692.48 175.359744 710.4 193.280256
