0 0.0 35.2 399.36 213.76
0 135.03974399999998 490.24 192.63974399999998 539.52
0 209.91974399999998 337.92 274.56 406.4
0 276.48 332.16 307.839744 361.6
0 288.63974399999995 184.32 364.160256 257.92
0 362.240256 329.6 440.96025599999996 406.4
0 386.559744 128.0 444.800256 179.2
0 416.64 389.12 490.23974400000003 465.92
0 471.03974400000004 158.08 500.480256 182.4
0 483.200256 257.92 561.920256 330.88
0 540.800256 413.44 593.28 469.12
0 588.159744 288.64 603.519744 302.72
0 591.36 327.04 605.439744 342.4
0 596.480256 360.32 607.359744 370.56
0 617.600256 374.4 622.719744 381.44
0 629.76 337.28 638.7202560000001 346.24
0 638.7202560000001 424.96 647.679744 433.92
0 649.599744 133.76 658.5600000000001 140.8
0 656.64 117.76 669.440256 133.76
