0 235.52 176.64000000000001 699.52 661.760256
0 254.72 161.91974399999998 278.4 192.0
0 279.68 167.04 307.84 192.0
0 288.0 147.200256 302.08 165.759744
0 642.56 177.920256 666.24 201.60000000000002
0 656.64 161.91974399999998 683.52 189.440256
0 684.8 194.55974399999997 712.32 220.160256
0 687.36 172.160256 703.36 185.600256
0 734.72 0.0 766.72 32.000256
0 757.12 92.799744 815.36 133.760256
0 778.24 49.280256 835.2 77.439744
0 800.0 7.040255999999999 836.48 44.160000000000004
0 823.68 90.24 863.36 115.19999999999999
0 831.36 13.440000000000001 879.36 41.600256
0 837.76 128.64000000000001 862.08 158.079744
0 840.96 40.32 880.64 61.44
0 856.32 127.359744 887.04 165.759744
0 890.88 0.0 960.0 70.400256
0 940.16 204.159744 967.68 230.39999999999998
0 975.36 117.12 1023.36 144.639744
0 981.12 82.56 1012.48 110.07974399999999
