0 132.48 627.2002560000001 141.44 638.079744
0 169.6 668.16 255.36 723.84
0 185.6 640.640256 209.28 664.3199999999999
0 194.56 615.680256 219.52 629.76
0 230.4 593.28 245.12 607.359744
0 235.52 623.360256 248.96 632.960256
0 366.72 545.28 384.0 558.72
0 379.52 576.0 398.08 594.560256
0 451.2 692.480256 612.48 767.360256
0 623.36 419.840256 883.84 464.64
0 734.08 679.040256 797.44 717.440256
0 791.04 587.52 965.76 687.999744
0 927.36 679.040256 1023.36 725.1202559999999
0 928.64 424.959744 1022.72 517.760256
