0 8.960256000000001 451.84 66.560256 492.16
0 129.920256 502.4 209.91974399999998 568.96
0 152.31974400000001 672.0 192.63974399999998 698.24
0 180.48 364.16 264.320256 399.36
0 280.32 527.36 341.120256 604.16
0 306.560256 380.16 344.96025599999996 413.44
0 366.080256 437.76 405.75974400000007 472.96
0 477.440256 620.16 513.920256 649.6
0 502.400256 652.8 538.880256 682.88
0 505.599744 481.28 549.7597440000001 530.56
0 572.16 523.52 614.4000000000001 567.04
0 619.520256 523.52 696.320256 684.8
