0 303.36 260.770083 430.72 445.936164
0 162.56 142.878819 263.68 276.787799
0 276.48 44.209224 398.72 228.093997
0 332.8 0.0 444.8 138.394241
0 368.64 196.699219 419.84 265.89599799999996
0 424.96 239.626452 482.56 325.482284
0 453.76 258.207467 562.56 409.415471
0 491.52 15.377061999999999 612.48 176.836896
0 597.76 0.0 707.2 91.62171799999999
0 657.28 87.777794 757.12 256.926159
0 682.24 374.81742299999996 807.68 540.761835
0 903.68 70.478087 1023.36 293.44685200000004
0 917.12 308.182577 1023.36 488.22342599999996
