0 0.0 302.64883199999997 55.750656 347.022336
0 0.0 308.337408 120.604672 469.902336
0 0.0 315.16416000000004 177.492992 568.889088
0 0.0 319.715328 229.830656 741.8311679999999
0 93.297664 324.26649599999996 323.129344 766.8625920000001
0 301.510656 321.990912 621.227008 766.8625920000001
0 345.884672 317.439744 846.507008 766.8625920000001
0 390.257664 326.54208 1022.862336 766.8625920000001
0 460.8 333.368832 1022.862336 724.764672
0 501.76 337.92 1022.862336 691.769088
0 577.990656 344.746752 1022.862336 680.391168
