0 220.88066 446.72 227.923254 460.8
0 227.923254 417.28 250.33115899999999 437.76
0 266.33691500000003 349.44 280.422103 368.64
0 297.708749 280.96 323.958557 300.16
0 320.757099 494.08 338.043745 513.28
0 327.799693 548.48 345.086339 563.84
0 341.244436 534.4 355.329624 558.72
0 371.33538 437.76 393.744052 465.92
0 388.62202599999995 401.28 400.78664599999996 415.36
0 393.744052 444.8 414.871067 465.92
0 404.62778199999997 826.88 418.71297 848.0
0 411.670376 837.12 432.79815800000006 872.32
0 421.913661 817.92 444.962778 839.04
0 432.79815800000006 833.92 453.28549499999997 858.24
0 509.626247 926.08 530.7540290000001 952.32
0 530.7540290000001 906.88 548.0399080000001 922.88
0 530.7540290000001 926.08 549.960476 945.28
0 535.875288 647.68 558.28396 666.88
0 535.875288 458.88 560.204528 476.8
0 540.9973140000001 399.36 551.241366 415.36
0 546.11934 863.36 569.16769 889.6
0 548.0399080000001 850.56 564.045664 864.64
0 549.960476 988.8 574.289716 1006.72
0 551.241366 406.4 564.045664 427.52
0 553.161934 565.76 572.369148 588.16
0 553.8023790000001 498.56 615.26439 529.92
0 562.125096 499.2 581.33231 518.4
0 564.045664 216.32 591.575595 252.8
0 567.247122 561.92 591.575595 583.04
0 570.44858 988.8 598.618189 1011.84
0 577.491174 945.28 600.539524 969.6
0 590.295472 561.92 605.660783 588.16
0 596.6976209999999 469.76 626.788565 492.16
0 614.624712 563.84 633.8311590000001 572.8
0 624.8679970000001 779.52 645.995779 790.4
0 629.9900230000001 172.8 649.197237 207.36
0 629.9900230000001 501.12 656.239831 527.36
0 633.8311590000001 561.92 654.958941 597.12
0 647.916347 504.32 674.166155 529.28
0 651.117805 778.88 686.330775 812.16
0 662.001535 711.04 682.488872 725.12
0 663.282425 801.92 691.452034 828.16
0 667.123561 719.36 698.494628 749.44
0 669.044129 874.24 693.373369 893.44
0 674.166155 590.08 689.531466 606.08
0 677.367613 698.88 693.373369 718.08
0 681.208749 739.2 710.659248 768.64
0 684.410207 807.04 715.781274 840.32
0 695.2939369999999 785.92 717.7018419999999 812.16
0 696.57406 675.84 722.8238680000001 704.0
0 705.5372219999999 721.28 729.8664620000001 739.2
0 708.7386799999999 742.4 733.7075980000001 770.56
0 714.5011509999999 529.28 729.8664620000001 539.52
0 726.6650040000001 472.96 747.792786 496.0
0 734.988488 527.36 752.914812 556.8
0 736.909056 616.32 754.195702 634.24
0 745.872218 465.92 765.079432 490.24
