0 302.08 481.032804 406.4 559.8171600000001
0 0.0 318.980396 74.88 371.50329999999997
0 0.0 0.0 128.64 26.261452
0 3.84 279.90858000000003 55.04 318.980396
0 11.52 467.58171600000003 24.96 490.00019599999996
0 36.48 473.986898 57.6 486.15653799999995
0 49.92 646.28746 115.2 673.83036
0 56.32 171.0198 73.6 194.719042
0 56.32 247.24194599999998 80.0 266.457492
0 62.72 124.902078 126.08 161.411684
0 81.28 404.81065800000005 103.68 421.463994
0 86.4 51.242142 115.2 85.830262
0 87.68 346.52261 138.88 384.95438800000005
0 119.04 409.934392 154.88 437.47729200000003
0 158.72 653.97409 248.96 685.359276
0 206.08 322.18333 318.72 392.640332
0 258.56 0.0 284.8 19.85627
0 295.04 161.411684 413.44 253.647128
0 301.44 377.267758 373.76 447.72544600000003
0 333.44 257.4901 350.08 273.503398
0 351.36 257.4901 376.32 277.34637000000004
0 357.12 302.32706 455.04 368.94109000000003
0 409.6 548.928282 439.68 577.751944
0 426.24 507.294256 503.68 567.503104
0 464.64 660.379272 486.4 685.359276
0 473.6 652.692642 494.72 673.83036
0 496.0 307.450794 552.32 338.836666
0 503.68 621.307456 634.88 685.359276
