1 0.35 0.440625 0.4578125 0.440625 0.4578125 0.5421875 0.35 0.5421875
1 0.3203125 0.553125 0.4546875 0.553125 0.4546875 0.6421875 0.3203125 0.6421875
1 0.21875 0.515625 0.321875 0.515625 0.321875 0.5921875 0.21875 0.5921875
1 0.5171875 0.5484375 0.6328125 0.5484375 0.6328125 0.6359375 0.5171875 0.6359375
1 0.446875 0.703125 0.59375 0.703125 0.59375 0.846875 0.446875 0.846875
1 0.2828125 0.665625 0.403125 0.665625 0.403125 0.79375 0.2828125 0.79375
1 0.2234375 0.5859375 0.3265625 0.5859375 0.3265625 0.6796875 0.2234375 0.6796875
1 0.0453125 0.4453125 0.165625 0.4453125 0.165625 0.5765625 0.0453125 0.5765625
1 0.2125 0.3203125 0.3140625 0.3203125 0.3140625 0.4109375 0.2125 0.4109375
1 0.2484375 0.2640625 0.359375 0.2640625 0.359375 0.346875 0.2484375 0.346875
1 0.328125 0.1796875 0.4703125 0.1796875 0.4703125 0.2859375 0.328125 0.2859375
1 0.425 0.321875 0.51875 0.321875 0.51875 0.415625 0.425 0.415625
1 0.575 0.2984375 0.665625 0.2984375 0.665625 0.384375 0.575 0.384375
1 0.5875 0.403125 0.7171875 0.403125 0.7171875 0.51875 0.5875 0.51875
1 0.6109375 0.2453125 0.7234375 0.2453125 0.7234375 0.3359375 0.6109375 0.3359375
1 0.6609375 0.190625 0.7890625 0.190625 0.7890625 0.30625 0.6609375 0.30625
1 0.815625 0.3203125 0.96875 0.3203125 0.96875 0.4859375 0.815625 0.4859375
1 0.8890625 0.140625 1 0.140625 1 0.2484375 0.8890625 0.2484375
1 0.3359375 0.065625 0.4671875 0.065625 0.4671875 0.1625 0.3359375 0.1625