1 0.3421875 0.4375 0.459375 0.4375 0.459375 0.5484375 0.3421875 0.5484375
1 0.31875 0.5453125 0.465625 0.5453125 0.465625 0.6546875 0.31875 0.6546875
1 0.215625 0.5203125 0.3296875 0.5203125 0.3296875 0.6171875 0.215625 0.6171875
1 0.5125 0.51875 0.6453125 0.51875 0.6453125 0.63125 0.5125 0.63125
1 0.4609375 0.684375 0.6171875 0.684375 0.6171875 0.840625 0.4609375 0.840625
1 0.2921875 0.665625 0.4234375 0.665625 0.4234375 0.80625 0.2921875 0.80625
1 0.2265625 0.590625 0.340625 0.590625 0.340625 0.7 0.2265625 0.7
1 0.0359375 0.4703125 0.1734375 0.4703125 0.1734375 0.6171875 0.0359375 0.6171875
1 0.1953125 0.33125 0.3046875 0.33125 0.3046875 0.434375 0.1953125 0.434375
1 0.2234375 0.2671875 0.346875 0.2671875 0.346875 0.3703125 0.2234375 0.3703125
1 0.2984375 0.1765625 0.4515625 0.1765625 0.4515625 0.296875 0.2984375 0.296875
1 0.4046875 0.309375 0.509375 0.309375 0.509375 0.415625 0.4046875 0.415625
1 0.559375 0.2765625 0.65 0.2765625 0.65 0.365625 0.559375 0.365625
1 0.5796875 0.3765625 0.7125 0.3765625 0.7125 0.49375 0.5796875 0.49375
1 0.584375 0.2140625 0.709375 0.2140625 0.709375 0.3171875 0.584375 0.3171875
1 0.6328125 0.153125 0.76875 0.153125 0.76875 0.2796875 0.6328125 0.2796875
1 0.796875 0.2640625 0.9625 0.2640625 0.9625 0.44375 0.796875 0.44375
1 0.8578125 0.084375 0.9734375 0.084375 0.9734375 0.1984375 0.8578125 0.1984375
1 0.296875 0.0625 0.4375 0.0625 0.4375 0.1734375 0.296875 0.1734375