1 0.3765625 0.453125 0.5265625 0.453125 0.5265625 0.59375 0.3765625 0.59375
1 0.4046875 0.5453125 0.584375 0.5453125 0.584375 0.7015625 0.4046875 0.7015625
1 0.303125 0.5828125 0.440625 0.5828125 0.440625 0.70625 0.303125 0.70625
1 0.571875 0.45625 0.728125 0.45625 0.728125 0.5953125 0.571875 0.5953125
1 0.5984375 0.6125 0.8046875 0.6125 0.8046875 0.809375 0.5984375 0.809375
1 0.43125 0.6671875 0.6234375 0.6671875 0.6234375 0.8546875 0.43125 0.8546875
1 0.34375 0.6390625 0.4921875 0.6390625 0.4921875 0.778125 0.34375 0.778125
1 0.121875 0.603125 0.296875 0.603125 0.296875 0.775 0.121875 0.775
1 0.1921875 0.4140625 0.3390625 0.4140625 0.3390625 0.553125 0.1921875 0.553125
1 0.1875 0.340625 0.346875 0.340625 0.346875 0.4828125 0.1875 0.4828125
1 0.2125 0.2140625 0.4078125 0.2140625 0.4078125 0.3890625 0.2125 0.3890625
1 0.3734375 0.315625 0.5125 0.315625 0.5125 0.45 0.3734375 0.45
1 0.490625 0.225 0.61875 0.225 0.61875 0.34375 0.490625 0.34375
1 0.553125 0.2859375 0.7375 0.2859375 0.7375 0.4578125 0.553125 0.4578125
1 0.4890625 0.146875 0.6453125 0.146875 0.6453125 0.2890625 0.4890625 0.2890625
1 0.5046875 0.06875 0.68125 0.06875 0.68125 0.234375 0.5046875 0.234375
1 0.7078125 0.09375 0.928125 0.09375 0.928125 0.309375 0.7078125 0.309375
1 0.675 0 0.83125 0 0.83125 0.071875 0.675 0.071875
1 0.1609375 0.1203125 0.334375 0.1203125 0.334375 0.275 0.1609375 0.275