1 0.3234375 0.3625 0.4703125 0.3625 0.4703125 0.5046875 0.3234375 0.5046875
1 0.2375 0.4421875 0.4140625 0.4421875 0.4140625 0.5984375 0.2375 0.5984375
1 0.1828125 0.365625 0.3171875 0.365625 0.3171875 0.490625 0.1828125 0.490625
1 0.4109375 0.53125 0.565625 0.53125 0.565625 0.6703125 0.4109375 0.6703125
1 0.24375 0.640625 0.4453125 0.640625 0.4453125 0.8375 0.24375 0.8375
1 0.1234375 0.5234375 0.3125 0.5234375 0.3125 0.7109375 0.1234375 0.7109375
1 0.1390625 0.4296875 0.2859375 0.4296875 0.2859375 0.56875 0.1390625 0.56875
1 0.0484375 0.228125 0.21875 0.228125 0.21875 0.4 0.0484375 0.4
1 0.2703125 0.1875 0.4171875 0.1875 0.4171875 0.328125 0.2703125 0.328125
1 0.3328125 0.1515625 0.4875 0.1515625 0.4875 0.2953125 0.3328125 0.2953125
1 0.434375 0.1140625 0.6265625 0.1140625 0.6265625 0.2890625 0.434375 0.2890625
1 0.45 0.2875 0.5890625 0.2875 0.5890625 0.421875 0.45 0.421875
1 0.596875 0.3390625 0.721875 0.3390625 0.721875 0.459375 0.596875 0.459375
1 0.5328125 0.434375 0.715625 0.434375 0.715625 0.60625 0.5328125 0.60625
1 0.65 0.3046875 0.803125 0.3046875 0.803125 0.446875 0.65 0.446875
1 0.7125 0.2828125 0.884375 0.2828125 0.884375 0.446875 0.7125 0.446875
1 0.7515625 0.471875 0.9671875 0.471875 0.9671875 0.6859375 0.7515625 0.6859375
1 0.9328125 0.34375 0.9796875 0.34375 0.9796875 0.49375 0.9328125 0.49375
1 0.509375 0.0203125 0.6796875 0.0203125 0.6796875 0.175 0.509375 0.175