1 0.35 0.440625 0.4578125 0.440625 0.4578125 0.5421875 0.35 0.5421875
1 0.3171875 0.55 0.45625 0.55 0.45625 0.6453125 0.3171875 0.6453125
1 0.2171875 0.5125 0.325 0.5125 0.325 0.596875 0.2171875 0.596875
1 0.5125 0.5421875 0.6375 0.5421875 0.6375 0.6421875 0.5125 0.6421875
1 0.446875 0.7046875 0.5921875 0.7046875 0.5921875 0.846875 0.446875 0.846875
1 0.2828125 0.665625 0.403125 0.665625 0.403125 0.79375 0.2828125 0.79375
1 0.221875 0.5828125 0.328125 0.5828125 0.328125 0.68125 0.221875 0.68125
1 0.04375 0.44375 0.16875 0.44375 0.16875 0.578125 0.04375 0.578125
1 0.2125 0.31875 0.3140625 0.31875 0.3140625 0.4125 0.2125 0.4125
1 0.246875 0.259375 0.3625 0.259375 0.3625 0.3515625 0.246875 0.3515625
1 0.328125 0.1796875 0.4703125 0.1796875 0.4703125 0.2859375 0.328125 0.2859375
1 0.4234375 0.3203125 0.51875 0.3203125 0.51875 0.415625 0.4234375 0.415625
1 0.578125 0.3015625 0.6625 0.3015625 0.6625 0.38125 0.578125 0.38125
1 0.590625 0.4078125 0.7140625 0.4078125 0.7140625 0.5125 0.590625 0.5125
1 0.609375 0.2453125 0.725 0.2453125 0.725 0.3359375 0.609375 0.3359375
1 0.6625 0.190625 0.7875 0.190625 0.7875 0.3046875 0.6625 0.3046875
1 0.8171875 0.3203125 0.96875 0.3203125 0.96875 0.484375 0.8171875 0.484375
1 0.8921875 0.14375 0.996875 0.14375 0.996875 0.246875 0.8921875 0.246875
1 0.3359375 0.065625 0.4671875 0.065625 0.4671875 0.1625 0.3359375 0.1625