1 0.3515625 0.4421875 0.45625 0.4421875 0.45625 0.540625 0.3515625 0.540625
1 0.3171875 0.55 0.45625 0.55 0.45625 0.6453125 0.3171875 0.6453125
1 0.21875 0.5140625 0.321875 0.5140625 0.321875 0.59375 0.21875 0.59375
1 0.515625 0.5484375 0.6328125 0.5484375 0.6328125 0.6375 0.515625 0.6375
1 0.4484375 0.70625 0.590625 0.70625 0.590625 0.8453125 0.4484375 0.8453125
1 0.278125 0.6609375 0.4078125 0.6609375 0.4078125 0.7984375 0.278125 0.7984375
1 0.221875 0.584375 0.328125 0.584375 0.328125 0.6796875 0.221875 0.6796875
1 0.0484375 0.446875 0.1640625 0.446875 0.1640625 0.575 0.0484375 0.575
1 0.2109375 0.3171875 0.315625 0.3171875 0.315625 0.4140625 0.2109375 0.4140625
1 0.2453125 0.259375 0.3625 0.259375 0.3625 0.353125 0.2453125 0.353125
1 0.3265625 0.1765625 0.4734375 0.1765625 0.4734375 0.2890625 0.3265625 0.2890625
1 0.4234375 0.3203125 0.51875 0.3203125 0.51875 0.415625 0.4234375 0.415625
1 0.5765625 0.3 0.665625 0.3 0.665625 0.384375 0.5765625 0.384375
1 0.5859375 0.4015625 0.71875 0.4015625 0.71875 0.51875 0.5859375 0.51875
1 0.609375 0.24375 0.725 0.24375 0.725 0.3375 0.609375 0.3375
1 0.6625 0.190625 0.7875 0.190625 0.7875 0.3046875 0.6625 0.3046875
1 0.81875 0.3234375 0.965625 0.3234375 0.965625 0.48125 0.81875 0.48125
1 0.8890625 0.140625 1 0.140625 1 0.2484375 0.8890625 0.2484375
1 0.3359375 0.065625 0.4671875 0.065625 0.4671875 0.1640625 0.3359375 0.1640625