1 0.3421875 0.36875 0.4796875 0.36875 0.4796875 0.5296875 0.3421875 0.5296875
1 0.35625 0.4671875 0.5140625 0.4671875 0.5140625 0.63125 0.35625 0.63125
1 0.2484375 0.509375 0.3734375 0.509375 0.3734375 0.64375 0.2484375 0.64375
1 0.5359375 0.365625 0.6765625 0.365625 0.6765625 0.515625 0.5359375 0.515625
1 0.5296875 0.5140625 0.721875 0.5140625 0.721875 0.740625 0.5296875 0.740625
1 0.3640625 0.5890625 0.525 0.5890625 0.525 0.7828125 0.3640625 0.7828125
1 0.278125 0.565625 0.4109375 0.565625 0.4109375 0.715625 0.278125 0.715625
1 0.0609375 0.53125 0.2234375 0.53125 0.2234375 0.7296875 0.0609375 0.7296875
1 0.16875 0.3453125 0.296875 0.3453125 0.296875 0.4921875 0.16875 0.4921875
1 0.18125 0.2734375 0.3140625 0.2734375 0.3140625 0.4171875 0.18125 0.4171875
1 0.221875 0.1375 0.39375 0.1375 0.39375 0.3234375 0.221875 0.3234375
1 0.3640625 0.2328125 0.4875 0.2328125 0.4875 0.378125 0.3640625 0.378125
1 0.4953125 0.13125 0.6125 0.13125 0.6125 0.26875 0.4953125 0.26875
1 0.546875 0.190625 0.7109375 0.190625 0.7109375 0.378125 0.546875 0.378125
1 0.5078125 0.0546875 0.6484375 0.0546875 0.6484375 0.2078125 0.5078125 0.2078125
1 0.534375 0 0.6953125 0 0.6953125 0.15625 0.534375 0.15625
1 0.7265625 0 0.93125 0 0.93125 0.2265625 0.7265625 0.2265625
1 0.1859375 0.0421875 0.34375 0.0421875 0.34375 0.2125 0.1859375 0.2125