1 0.353125 0.40625 0.4921875 0.40625 0.4921875 0.5421875 0.353125 0.5421875
1 0.29375 0.4984375 0.453125 0.4984375 0.453125 0.6328125 0.29375 0.6328125
1 0.2140625 0.425 0.3390625 0.425 0.3390625 0.5375 0.2140625 0.5375
1 0.48125 0.5671875 0.6234375 0.5671875 0.6234375 0.69375 0.48125 0.69375
1 0.346875 0.6828125 0.5375 0.6828125 0.5375 0.8765625 0.346875 0.8765625
1 0.209375 0.5875 0.36875 0.5875 0.36875 0.7546875 0.209375 0.7546875
1 0.190625 0.490625 0.3234375 0.490625 0.3234375 0.61875 0.190625 0.61875
1 0.053125 0.29375 0.215625 0.29375 0.215625 0.465625 0.053125 0.465625
1 0.265625 0.2421875 0.3953125 0.2421875 0.3953125 0.3671875 0.265625 0.3671875
1 0.3203125 0.203125 0.45625 0.203125 0.45625 0.3234375 0.3203125 0.3234375
1 0.415625 0.1546875 0.5890625 0.1546875 0.5890625 0.309375 0.415625 0.309375
1 0.465625 0.321875 0.5875 0.321875 0.5875 0.446875 0.465625 0.446875
1 0.6171875 0.3578125 0.7359375 0.3578125 0.7359375 0.4734375 0.6171875 0.4734375
1 0.5875 0.4578125 0.7515625 0.4578125 0.7515625 0.6171875 0.5875 0.6171875
1 0.6671875 0.3203125 0.8078125 0.3203125 0.8078125 0.45 0.6671875 0.45
1 0.7234375 0.2890625 0.8875 0.2890625 0.8875 0.446875 0.7234375 0.446875
1 0.8109375 0.465625 1 0.465625 1 0.6796875 0.8109375 0.6796875
1 0.9578125 0.328125 1 0.328125 1 0.46875 0.9578125 0.46875
1 0.4625 0.0515625 0.621875 0.0515625 0.621875 0.19375 0.4625 0.19375