1 0.315625 0.3390625 0.475 0.3390625 0.475 0.4921875 0.315625 0.4921875
1 0.21875 0.40625 0.4 0.40625 0.4 0.575 0.21875 0.575
1 0.18125 0.3171875 0.3296875 0.3171875 0.3296875 0.4546875 0.18125 0.4546875
1 0.3625 0.515625 0.5359375 0.515625 0.5359375 0.6796875 0.3625 0.6796875
1 0.1734375 0.60625 0.3921875 0.60625 0.3921875 0.8171875 0.1734375 0.8171875
1 0.0921875 0.478125 0.2796875 0.478125 0.2796875 0.6609375 0.0921875 0.6609375
1 0.1265625 0.3765625 0.2828125 0.3765625 0.2828125 0.525 0.1265625 0.525
1 0.0671875 0.1578125 0.2640625 0.1578125 0.2640625 0.346875 0.0671875 0.346875
1 0.30625 0.159375 0.4546875 0.159375 0.4546875 0.3015625 0.30625 0.3015625
1 0.371875 0.13125 0.53125 0.13125 0.53125 0.28125 0.371875 0.28125
1 0.4765625 0.115625 0.6671875 0.115625 0.6671875 0.29375 0.4765625 0.29375
1 0.4578125 0.2859375 0.603125 0.2859375 0.603125 0.4265625 0.4578125 0.4265625
1 0.59375 0.3640625 0.71875 0.3640625 0.71875 0.484375 0.59375 0.484375
1 0.5109375 0.45625 0.684375 0.45625 0.684375 0.621875 0.5109375 0.621875
1 0.646875 0.3359375 0.8046875 0.3359375 0.8046875 0.4859375 0.646875 0.4859375
1 0.70625 0.325 0.8890625 0.325 0.8890625 0.4984375 0.70625 0.4984375
1 0.6921875 0.5203125 0.93125 0.5203125 0.93125 0.7515625 0.6921875 0.7515625
1 0.9140625 0.428125 0.9625 0.428125 0.9625 0.5765625 0.9140625 0.5765625
1 0.5671875 0.0296875 0.7421875 0.0296875 0.7421875 0.19375 0.5671875 0.19375