0 618.88 448.49878 718.72 519.618204
0 682.24 367.12820899999997 797.44 464.517179
0 713.6 523.462128 860.16 603.5513910000001
0 717.44 370.97281599999997 734.72 389.55314799999996
0 739.84 46.77184 768.64 96.747633
0 760.96 170.429673 776.32 204.38775
0 776.32 285.757638 792.32 318.434407
0 778.88 114.046657 797.44 133.268326
0 785.92 148.004734 819.84 174.27359700000002
0 812.16 240.90776 835.84 268.458614
0 818.56 280.632406 837.12 306.901269
0 821.12 140.316203 840.96 156.974573
0 843.52 138.394241 862.08 166.585066
0 865.92 542.043143 902.4 593.300244
0 960.0 130.70571 972.16 149.28604199999998
