0 466.084998 315.52 547.39347 400.0
0 0.0 39.68 371.971818 496.0
0 110.75943600000001 493.44 176.062362 547.84
0 118.44185399999999 637.44 142.770528 675.84
0 132.526626 709.12 156.8553 732.16
0 174.141588 497.28 238.804482 554.88
0 208.07345400000003 707.2 234.322902 735.36
0 237.524418 673.92 268.89547799999997 719.36
0 242.005998 485.12 303.467376 547.84
0 243.926094 554.88 274.01709 576.0
0 249.688416 758.4 286.821798 785.92
0 277.21792800000003 430.72 375.17265599999996 481.28
0 340.600758 754.56 373.892592 791.68
0 341.88082199999997 474.24 410.385264 544.64
0 413.58610200000004 376.32 436.63471200000004 416.64
0 435.35397 546.56 464.804256 576.0
0 454.561032 613.12 478.88970600000005 637.44
0 526.266312 609.28 555.716598 637.44
0 589.008432 363.52 677.359968 426.24
