0 623.36 365.439744 704.64 435.200256
0 32.64 339.84000000000003 46.08 354.560256
0 49.92 388.479744 65.92 399.36
0 68.48 351.99974399999996 80.0 367.359744
0 77.44 263.04 97.28 280.32
0 85.76 277.760256 104.32 292.479744
0 122.88 235.52025600000002 258.56 330.879744
0 188.8 383.36025600000005 215.04 405.75974400000007
0 247.04 255.36 263.04 280.32
0 247.04 312.320256 291.84 338.55974399999997
0 274.56 259.20000000000005 337.92 307.839744
0 314.24 207.36 327.68 216.95999999999998
0 314.24 289.280256 366.08 332.15999999999997
0 347.52 179.84025599999998 376.32 197.12025599999998
0 355.2 214.400256 429.44 249.60000000000002
0 362.24 376.959744 410.88 401.91974400000004
0 412.16 60.800256000000005 448.0 96.63974400000001
0 545.92 81.920256 584.32 120.320256
0 567.04 92.799744 613.12 135.03974399999998
0 768.0 280.32 844.8 344.96025599999996
0 926.72 241.92000000000002 1023.36 318.71999999999997
