0 0.0 640.64 8.320785 663.68
0 0.0 881.92 22.401237 913.28
0 0.0 663.68 26.241648 688.0
0 15.361011 813.44 54.40318499999999 844.8
0 19.201422 651.52 47.362959000000004 675.84
0 74.884533 827.52 117.127155 853.76
0 90.885507 625.28 113.28737699999999 639.36
0 90.885507 677.76 120.32760300000001 700.16
0 97.926366 856.96 127.367829 885.12
0 104.966592 642.56 117.127155 654.72
0 238.095354 187.52 341.141424 289.92
0 288.658128 892.16 305.939028 913.28
0 426.26663099999996 359.04 538.274082 460.8
