0 660.48 373.82570699999997 839.68 554.977797
0 0.0 483.284653 167.68 650.9946199999999
0 3.2 49.928666 167.68 178.59152300000002
0 83.2 182.432032 284.16 343.10026899999997
0 307.84 18.563257 451.84 199.71534699999998
0 353.92 544.735529 475.52 652.2745620000001
0 396.8 197.15478000000002 599.04 379.586812
0 480.64 49.928666 647.68 177.310898
0 531.84 113.300138 690.56 247.08344599999998
0 544.0 0.0 613.76 34.565947
0 580.48 29.445496 647.68 77.453566
0 620.16 0.0 759.04 53.129203999999994
0 675.2 47.368099 780.16 139.544413
0 782.72 163.228804 827.52 283.569989
0 805.12 55.689771 919.04 210.596903
0 844.16 0.0 945.28 30.725438
0 882.56 258.605656 1023.36 433.35598699999997
0 911.36 99.857332 1023.36 210.596903
0 921.6 170.90982200000002 1023.36 252.20458
0 960.0 0.0 1023.36 58.250338
