0 11.52 599.68 100.47974400000001 677.12
0 11.52 675.2 118.400256 842.88
0 44.799744000000004 475.52 242.55974399999997 755.84
0 60.159744 760.96 247.68 1004.16
0 197.12025599999998 60.16 558.72 382.08
0 203.52 606.72 298.239744 715.52
0 209.28000000000003 820.48 471.680256 1023.36
0 352.640256 465.28 453.75974400000007 572.16
0 387.200256 647.04 478.719744 724.48
0 427.520256 301.44 660.48 673.92
0 492.159744 837.76 663.680256 1002.24
0 597.12 711.68 735.36 878.08
0 600.96 606.72 700.8 718.72
