0 108.16 21.12 135.68 53.120256000000005
0 135.68 27.519743999999996 162.56 54.399744
0 165.12 6.399744 193.92 31.359744
0 187.52 23.679744 204.8 46.08
0 404.48 10.239744 432.0 42.24
0 512.64 0.0 538.24 24.96
0 535.04 47.360256 551.04 69.759744
0 558.08 34.56 581.76 72.96000000000001
0 569.6 18.560256000000003 599.04 46.08
0 574.08 112.640256 606.08 148.479744
0 590.72 0.0 621.44 14.720256
0 615.68 90.87974399999999 637.44 108.15974400000002
0 638.72 89.600256 655.36 119.03999999999999
0 647.68 0.0 670.08 14.720256
0 654.08 17.28 675.2 39.680256
0 679.68 74.240256 707.2 117.759744
0 684.8 0.0 712.32 19.839744
0 695.04 38.400000000000006 713.6 60.800256000000005
0 711.04 92.799744 743.04 121.599744
0 718.08 44.799744000000004 760.32 78.08025599999999
0 741.76 132.48 761.6 158.720256
0 770.56 44.799744000000004 802.56 65.91974400000001
0 839.68 95.36025599999999 865.92 124.160256
