0 160.0 442.841388 504.000512 809.653449
0 0.0 102.040092 185.33376 813.65517
0 88.667136 10.670694000000001 201.33376 110.710347
0 218.667008 0.0 289.999872 76.03017
0 248.000512 335.46594899999997 346.000384 466.184058
0 276.666368 102.040092 432.0 406.160772
0 323.33312 0.0 438.66624 102.040092
0 463.333376 0.0 560.666624 102.040092
0 527.333376 597.5698229999999 727.332864 797.649129
0 569.33376 83.365956 705.333248 212.08362599999998
0 691.33312 166.065942 891.333632 319.459908
0 718.666752 9.337068 831.333376 176.06982299999999
0 831.333376 0.0 1013.999616 77.36379600000001
0 835.999744 128.050857 940.000256 280.11035400000003
0 835.999744 246.764646 1001.33376 390.153888
0 842.000384 368.8125 1023.333376 702.27801
