0 485.12 93.440256 860.8 418.56000000000006
0 0.0 214.400256 268.16 570.24
0 55.04 0.0 282.88 163.839744
0 158.08 0.0 583.04 261.759744
0 186.24 94.08 410.88 322.56
0 203.52 523.520256 355.2 743.04
0 223.36 0.0 445.44 119.03999999999999
0 284.16 444.159744 583.04 710.4000000000001
0 328.96 631.040256 640.0 767.360256
0 445.44 265.599744 605.44 452.480256
0 481.28 0.0 704.64 229.76025600000003
0 585.6 467.840256 908.16 767.360256
0 693.76 0.0 773.12 38.400000000000006
0 757.76 187.520256 920.32 390.39974400000006
0 810.24 145.280256 970.24 297.6
0 833.92 472.32 1022.08 767.360256
0 905.6 254.079744 1023.36 467.840256
0 954.88 31.359744 1023.36 176.000256
