0 245.17209599999998 577.58208 356.823064 671.92832
0 123.16153200000001 335.96416 189.922096 402.696192
0 128.916372 285.339648 177.26056400000002 332.512256
0 135.82306400000002 396.94336 170.353872 452.170752
0 150.786532 393.49248 258.98459599999995 520.05376
0 226.75484 853.716992 377.54137199999997 983.730176
0 239.416372 749.016064 348.76540400000005 847.96416
0 366.030808 209.401856 439.698064 276.134912
0 375.239436 475.18208 494.94806399999993 590.23872
0 408.62016 166.831104 482.28653199999997 227.811328
0 413.22403199999997 403.847168 462.71919199999996 470.580224
0 452.359596 197.896192 501.85387199999997 263.478272
0 455.8125 541.914112 505.30766 601.74336
0 491.49516 483.23584 566.3125 562.624512
0 566.3125 484.386816 608.900968 535.011328
