0 0.0 142.878819 117.76 362.643631
0 17.92 366.487555 158.08 495.27130300000005
0 110.08 191.573304 273.92 270.380576
0 149.12 258.848121 245.12 360.08101500000004
0 280.32 493.989995 312.96 539.480527
0 341.76 236.42318200000003 457.6 349.18853099999995
0 511.36 212.716935 618.88 286.398975
0 560.0 668.263592 570.24 681.718692
0 583.68 643.276037 651.52 682.359346
0 591.36 238.985798 666.24 276.787799
0 630.4 601.629429 673.92 649.041923
0 701.44 257.56681299999997 832.64 301.776037
0 705.28 624.054368 755.2 682.359346
0 709.12 531.7919959999999 753.92 567.030698
0 753.92 515.773597 852.48 610.599268
0 806.4 625.335676 861.44 676.5927770000001
0 851.2 262.692045 907.52 303.057345
0 869.76 556.779551 912.64 606.755344
0 872.32 652.88653 912.64 682.359346
0 883.84 515.773597 945.28 576.641874
0 897.28 611.880576 944.0 663.1376769999999
0 922.24 290.242899 946.56 307.541923
0 931.2 577.923182 993.92 643.276037
