0 3.84 672.0 19.839744 688.0
0 3.84 631.68 21.759744 650.88
0 70.400256 604.16 110.72025599999999 650.88
0 289.280256 542.08 325.760256 574.72
0 371.199744 373.12 378.24 385.28
0 373.119744 394.24 382.08 404.48
0 411.519744 380.16 427.520256 390.4
0 485.120256 373.12 499.20000000000005 380.16
0 586.239744 276.48 612.48 306.56
0 612.48 254.08 638.7202560000001 280.32
0 638.7202560000001 241.92 666.8797440000001 271.36
0 645.7597440000001 306.56 661.760256 320.64
0 649.599744 294.4 663.680256 299.52
0 666.8797440000001 271.36 682.880256 292.48
0 719.360256 266.24 735.36 278.4
