0 360.330345 344.763392 612.5619760000001 555.739136
0 30.885792000000002 133.788672 253.94698899999997 416.80384
0 157.85889699999998 319.035392 187.028552 406.51264
0 216.19820699999997 332.756992 240.22023 403.08224
0 367.194114 30.874624 425.53342399999997 173.239296
0 380.92087300000003 598.62016 406.658254 668.944384
0 396.363769 164.663296 425.53342399999997 193.82272
0 449.55544699999996 586.612736 490.73572399999995 632.92416
0 519.905379 283.015168 540.495907 327.611392
0 528.484506 53.172224 579.9600469999999 85.762048
0 538.77977 90.907648 590.255311 108.060672
0 540.495907 322.465792 559.3702979999999 368.777216
0 585.107679 344.763392 628.004093 358.486016
0 595.402943 367.062016 636.5839990000001 387.644416
0 727.524459 879.920128 756.694114 938.237952
