0 263.68 132.48 387.84 250.23974399999997
0 0.0 0.0 199.68 181.119744
0 18.56 161.91974399999998 149.76 524.7997439999999
0 151.04 243.20025599999997 255.36 330.24
0 161.28 708.48 245.12 767.360256
0 181.12 97.92 220.8 126.72
0 186.88 335.36025600000005 263.04 460.160256
0 198.4 504.96 312.32 583.040256
0 219.52 608.000256 300.16 679.040256
0 284.8 389.76 359.68 497.91974400000004
0 345.6 677.76 437.76 758.4000000000001
0 373.12 116.480256 431.36 200.960256
0 427.52 15.999744 716.8 423.03974400000004
0 448.64 485.120256 517.12 577.280256
0 456.32 3.84 509.44 44.799744000000004
0 469.76 704.64 558.08 767.360256
0 638.72 662.4000000000001 719.36 749.439744
0 721.28 32.000256 840.32 104.31974400000001
0 771.2 146.559744 911.36 355.20000000000005
0 778.88 506.24025599999993 837.12 610.5600000000001
0 814.72 535.040256 896.64 622.719744
0 861.44 594.560256 949.76 683.52
0 924.8 159.35999999999999 1023.36 284.15999999999997
