0 283.333632 305.332992 372.666368 396.66662399999996
0 0.0 272.00025600000004 495.333376 542.666496
0 22.66624 546.667008 177.999872 623.333376
0 154.000384 43.333632 197.332992 86.666496
0 190.666752 8.666879999999999 796.000256 196.66636800000003
0 384.0 192.66662399999998 773.999616 443.33337600000004
0 410.667008 675.999744 496.666624 725.332992
0 826.667008 696.0 1016.000512 767.333376
0 880.666624 152.000256 916.666368 178.00012800000002
0 911.333376 120.0 945.999872 160.666368
0 933.999616 0.0 958.000128 12.666624
0 975.333376 0.0 1009.333248 28.666368
