0 0.0 999.68 23.04 1023.36
0 0.0 223.36 23.679744 244.48
0 0.0 393.6 26.240256000000002 414.72
0 0.0 940.16 30.080256 975.36
0 10.880256000000001 707.84 92.799744 761.6
0 15.999744 323.84 49.280256 348.16
0 28.160255999999997 903.68 64.64025600000001 931.2
0 35.199743999999995 367.36 61.44 390.4
0 47.360256 328.96 63.36 344.96
0 78.72 427.52 110.72025599999999 451.84
0 78.72 840.96 130.56 871.04
0 89.600256 360.32 163.2 414.08
0 128.000256 817.92 176.64000000000001 852.48
0 154.239744 989.44 197.76 1023.36
0 185.600256 840.32 268.160256 936.96
0 201.60000000000002 663.04 236.16 691.2
0 248.319744 924.8 295.68 970.24
0 266.240256 565.12 280.32 579.2
0 268.160256 835.2 309.759744 880.64
0 280.32 481.28 292.479744 500.48
0 292.479744 458.24 304.640256 472.32
0 292.479744 372.48 316.79999999999995 383.36
0 311.679744 411.52 327.03974400000004 419.84
0 316.79999999999995 517.76 332.79974400000003 533.76
0 318.71999999999997 533.76 332.79974400000003 544.0
0 318.71999999999997 421.76 334.08 439.04
0 318.71999999999997 491.52 341.120256 505.6
0 323.840256 383.36 332.79974400000003 395.52
0 330.879744 730.24 421.76025599999997 768.64
0 337.92 505.6 351.99974399999996 516.48
0 355.20000000000005 634.88 369.279744 648.96
0 371.199744 312.96 388.479744 328.96
0 378.24 343.04 405.75974400000007 355.2
0 395.52 300.8 411.519744 325.12
0 400.640256 528.64 414.72 544.0
0 409.599744 572.16 426.879744 607.36
0 411.519744 353.28 432.0 367.36
0 412.79999999999995 383.36 435.84000000000003 398.72
0 421.76025599999997 498.56 490.23974400000003 524.8
0 426.879744 793.6 586.239744 956.16
0 430.719744 372.48 444.800256 385.28
0 435.84000000000003 529.92 458.24025599999993 547.84
0 474.24 388.48 498.56025600000004 416.64
0 481.280256 281.6 497.28 291.84
0 484.479744 362.24 498.56025600000004 376.32
0 493.43999999999994 346.24 509.43974399999996 355.2
0 498.56025600000004 372.48 521.600256 386.56
0 502.400256 359.04 516.48 367.36
0 510.72 460.16 530.559744 480.64
0 510.72 638.72 549.7597440000001 659.84
0 512.64 732.16 545.919744 761.6
0 536.960256 443.52 558.080256 456.96
0 560.000256 554.88 610.5600000000001 607.36
0 572.16 484.48 588.159744 502.4
0 574.08 536.96 596.480256 551.04
0 610.5600000000001 526.72 631.6800000000001 545.92
0 614.4000000000001 551.04 631.6800000000001 561.92
0 622.719744 726.4 679.040256 755.84
0 629.76 591.36 717.440256 663.04
0 648.96 451.2 666.8797440000001 460.16
0 656.000256 519.68 698.2402559999999 575.36
0 659.840256 837.76 696.320256 876.8
0 679.040256 488.32 698.2402559999999 503.68
0 711.680256 716.8 762.24 776.32
0 731.52 648.96 767.360256 668.16
