0 0.6401399999999999 805.76 85.76514 869.76
0 0.6401399999999999 240.0 16.000776 273.28
0 0.6401399999999999 731.52 42.24243 784.0
0 49.282608 397.44 99.846177 448.64
0 122.887131 369.92 189.45147599999999 441.6
0 147.208365 959.36 194.571234 1004.8
0 199.691673 471.04 240.01436399999997 507.52
0 208.652271 581.12 289.29697200000004 640.64
0 210.57269100000002 399.36 248.97496199999998 430.72
0 220.812888 341.76 301.457589 396.16
0 240.01436399999997 518.4 316.81890599999997 586.24
0 271.37577600000003 296.32 316.81890599999997 339.84
0 301.457589 953.6 364.181094 1023.36
0 336.019701 897.92 392.343168 959.36
0 350.10073800000004 308.48 399.383346 336.64
0 399.383346 373.12 464.027271 449.92
0 434.585598 348.8 497.309103 413.44
