0 88.999936 382.999763 117.999616 412.999855
0 92.99968 473.999951 124.99968 498.9998
0 115.999744 372.000048 138.000384 403.99996400000003
0 126.000128 478.00028199999997 161.000448 510.000198
0 131.999744 395.00007300000004 250.000384 467.999796
0 202.000384 420.999834 298.999808 533.000223
0 296.999936 450.99992599999996 330.999808 480.000106
0 337.000448 491.999733 364.000256 512.0000220000001
0 433.999872 310.00004 723.00032 452.99975
0 453.000192 162.999999 481.000448 185.000112
0 478.999552 238.00022900000002 504.000512 255.000099
0 512.0 115.000125 552.999936 142.99971
0 540.99968 162.999999 565.000192 188.99976
0 572.99968 107.000146 590.000128 123.000104
0 577.999872 163.999911 677.999616 230.00025
0 597.000192 216.000116 629.000192 246.000208
0 597.999616 115.000125 609.000448 131.000083
0 656.0 496.00006399999995 702.000128 532.000311
0 702.000128 118.999773 714.000384 129.000259
0 743.000064 165.99973500000002 796.99968 201.00007
0 928.0 130.000171 952.999936 150.999689
0 940.99968 147.000041 984.000512 176.000221
0 1004.000256 141.999798 1022.999552 165.99973500000002
0 1006.000128 209.99996099999998 1020.99968 224.00009500000002
