0 547.84 203.746413 831.36 525.384773
0 0.0 0.0 88.96 78.167301
0 56.32 71.76007800000001 146.56 158.255881
0 60.16 208.231674 250.24 355.59575400000006
0 259.84 0.0 414.08 120.45388
0 271.36 201.824451 427.52 369.691508
0 330.24 515.773597 461.44 624.695022
0 367.36 331.889507 553.6 470.923719
0 436.48 0.0 571.52 82.011225
0 499.84 159.537189 606.08 214.63889700000001
0 618.88 126.86110299999999 759.68 197.980527
0 671.36 563.186774 846.08 682.359346
0 734.72 0.0 1023.36 345.985261
