0 481.28 140.149926 502.4 149.10966
0 718.72 416.61062100000004 744.96 445.408551
0 755.2 254.061927 771.2 271.340685
0 766.08 168.947856 787.2 177.90759
0 802.56 306.538344 816.0 314.217792
0 807.68 167.668137 831.36 180.467028
0 807.68 535.002489 837.76 559.960695
0 807.68 449.888418 840.96 471.646476
0 809.6 246.38247900000002 828.8 270.060966
0 810.88 532.442484 830.72 553.560966
0 813.44 277.740414 839.68 289.259586
0 821.12 215.02454400000002 851.2 234.223731
0 823.68 322.53738300000003 844.8 331.49655
0 839.68 444.128832 872.32 469.087038
0 878.72 491.485239 907.52 531.162765
0 886.4 282.859857 902.4 298.858896
0 922.24 225.263997 948.48 232.943445
0 928.64 437.72910299999995 962.56 466.52703299999996
0 933.76 492.76495800000004 968.32 517.723731
0 944.64 470.36675699999995 970.88 482.526072
0 1008.64 327.656826 1023.36 340.455717
