0 145.92 360.320256 159.36 374.4
0 184.32 236.79974400000003 199.04 252.800256
0 193.92 568.959744 216.32 625.92
0 220.16 236.79974400000003 238.72 251.52
0 243.84 289.92 258.56 307.20000000000005
0 266.88 579.84 288.0 620.7997439999999
0 387.2 574.08 405.76 624.639744
0 503.04 571.520256 542.72 623.360256
0 557.44 578.559744 578.56 618.24
0 604.16 222.71999999999997 626.56 251.52
0 630.4 192.0 651.52 246.399744
0 638.08 598.400256 650.24 625.92
0 647.68 211.839744 679.04 254.079744
0 659.2 264.96 675.2 280.959744
0 673.92 241.28025599999998 700.16 268.79999999999995
0 755.84 582.399744 782.72 624.639744
0 822.4 152.31974400000001 835.2 174.72
