0 881.28 448.43766400000004 958.72 524.031168
0 0.0 604.75 22.4 642.546752
0 110.08 616.281168 151.68 647.6720799999999
0 141.44 554.781168 193.92 597.703248
0 328.32 370.281168 438.4 509.296752
0 449.28 329.92208 490.88 366.43766400000004
0 462.08 157.593504 526.72 205.0
0 514.56 121.07792 559.36 165.92208
0 606.72 619.484416 639.36 648.312336
0 614.4 575.9220799999999 668.16 619.484416
0 631.68 606.6720799999999 693.12 655.359088
0 648.32 212.68766399999998 698.24 261.375328
0 677.12 568.234416 729.6 600.9064960000001
0 773.12 509.296752 823.04 539.4064960000001
0 791.68 477.90649600000006 841.6 501.609088
