0 823.68 275.840256 932.48 362.88
0 629.12 236.16 707.2 318.080256
0 687.36 147.200256 717.44 183.03974399999998
0 693.76 268.79999999999995 728.32 299.52
0 695.04 107.52000000000001 743.04 152.31974400000001
0 720.64 181.760256 785.28 259.839744
0 724.48 170.88 749.44 190.719744
0 724.48 92.799744 769.28 128.64000000000001
0 730.88 138.24 760.32 160.640256
0 734.72 293.76 746.88 309.759744
0 734.72 259.839744 762.88 286.08
0 753.28 268.79999999999995 785.28 299.52
0 796.8 50.559744 823.68 77.439744
0 824.96 14.720256 868.48 45.440256
0 824.96 35.840256 880.64 65.28
0 831.36 199.040256 872.32 232.959744
0 837.76 67.839744 956.8 221.43974400000002
0 853.76 229.11974400000003 893.44 268.79999999999995
0 862.08 24.320256 904.32 46.719744
0 887.04 226.56 920.32 255.999744
0 908.16 245.12025599999998 971.52 300.800256
0 919.04 240.0 938.88 254.079744
0 930.56 313.599744 1013.76 392.96025599999996
0 934.4 205.44 983.68 251.52
0 944.0 0.0 1023.36 39.039744
0 962.56 299.52 1016.32 333.44025600000003
0 962.56 262.400256 1020.8 298.239744
0 965.12 87.680256 1012.48 111.35999999999999
0 970.24 138.24 1015.04 170.88
0 976.64 225.279744 1023.36 261.12
0 987.52 169.599744 1023.36 229.11974400000003
