0 817.28 486.62461599999995 929.92 598.676209
0 312.96 405.94703200000004 390.4 455.89038500000004
0 325.12 299.658297 394.24 348.32088
0 334.08 398.904011 372.48 422.59522100000004
0 334.08 96.044396 386.56 172.239285
0 381.44 194.649725 408.96 269.564451
0 400.0 92.20269300000001 432.64 160.07379099999997
0 400.0 167.116812 439.04 217.06016499999998
0 411.52 332.31307599999997 452.48 380.975659
0 491.52 581.388242 522.88 594.834506
0 549.12 548.732856 570.24 574.984999
0 571.52 572.424066 599.04 596.115276
0 574.08 564.7406599999999 607.36 574.984999
0 741.12 533.366044 766.08 560.898957
0 748.8 553.855329 780.16 581.388242
0 767.36 523.761483 784.0 559.618187
0 796.16 505.833131 811.52 534.646814
0 806.4 501.351043 833.92 532.085274
