0 65.28 460.87576299999995 101.12 487.12012500000003
0 74.88 350.77766 137.6 409.66702000000004
0 186.24 398.785354 254.08 480.71875800000004
0 267.52 593.3775539999999 304.0 627.303264
0 279.04 658.668281 317.44 677.2312949999999
0 309.12 302.12961 341.12 321.972605
0 323.84 611.940568 352.64 632.423919
0 330.24 325.813279 366.08 345.016649
0 367.36 273.324555 393.6 288.687251
0 375.04 312.37091999999996 397.44 336.05532
0 403.84 332.21464599999996 424.96 349.497679
0 411.52 446.15342300000003 443.52 472.397785
0 416.0 392.38471799999996 440.32 410.94773200000003
0 443.52 332.21464599999996 477.44 354.618334
0 471.04 122.25975000000001 494.72 160.02613399999998
0 477.44 299.568917 516.48 332.21464599999996
0 482.56 369.98103 508.8 389.82402500000006
0 510.08 107.53741 556.16 170.9078
0 513.92 270.764593 541.44 286.127289
0 516.48 694.514328 551.04 707.316331
0 523.52 156.18545999999998 582.4 212.51485799999998
0 551.04 300.849629 583.68 327.093991
0 571.52 350.77766 603.52 375.74131
0 578.56 311.090939 602.24 333.494627
0 584.96 194.5922 621.44 222.11654299999998
0 588.8 405.82634600000006 629.76 438.472075
0 593.92 375.74131 627.2 385.98335099999997
0 603.52 309.81095799999997 618.88 323.25331700000004
0 613.76 302.12961 642.56 328.373972
0 618.88 193.31148800000003 661.12 227.237198
0 620.16 250.920867 654.72 275.885248
0 632.32 228.51717900000003 664.96 254.76154100000002
0 648.96 270.764593 679.68 291.247944
0 659.84 318.772287 678.4 333.494627
0 678.4 567.133192 728.96 610.6605870000001
0 688.64 302.12961 720.0 328.373972
0 722.56 283.566596 747.52 313.651632
0 728.96 249.640886 760.96 265.003582
0 746.24 275.885248 775.04 289.967963
0 772.48 272.044574 794.88 286.127289
0 785.92 689.392942 839.68 727.159326
0 991.36 530.007164 1023.36 567.133192
