0 614.4 348.159744 696.32 426.879936
0 12.16 296.960256 228.48 566.399808
0 73.6 245.76019200000002 122.24 276.48
0 158.08 251.520192 181.12 288.0
0 185.6 133.119936 207.36 154.240128
0 186.88 235.520064 197.12 251.520192
0 190.72 138.24 222.08 176.640192
0 192.0 201.6 208.64 222.720192
0 222.08 194.56012800000002 268.16 227.840256
0 227.2 240.640128 238.08 250.239744
0 227.2 277.759872 283.52 328.959936
0 236.8 318.079872 334.72 421.75987200000003
0 256.0 239.360256 265.6 250.239744
0 256.0 126.72 274.56 140.799744
0 259.84 154.240128 302.08 211.840128
0 265.6 252.800064 275.84 264.320064
0 277.12 109.44 302.08 136.960128
0 304.64 161.919936 332.16 199.040256
0 307.2 63.36 404.48 159.36019199999998
0 323.2 59.519808 357.12 88.319808
0 327.04 314.24025600000004 334.72 324.479808
0 346.88 343.040256 404.48 399.359808
0 352.0 416.639808 364.8 429.440256
0 354.56 284.159808 399.36 332.80012800000003
0 355.84 167.04 401.92 209.279808
0 357.12 219.51993599999997 417.28 271.999872
0 373.12 404.479872 434.56 466.56000000000006
0 400.64 306.559872 426.88 349.44019199999997
0 407.04 196.479936 418.56 213.12
0 423.04 301.439808 479.36 359.039808
0 425.6 26.880192 624.64 202.87987199999998
0 438.4 204.159744 454.4 222.720192
0 510.72 509.439744 565.76 575.360064
0 512.0 218.240064 549.76 269.440128
0 528.0 306.559872 536.96 324.479808
0 542.08 453.120192 595.84 509.439744
0 542.08 365.439744 609.28 414.080064
0 563.2 177.92006400000002 574.72 196.479936
0 573.44 248.959872 586.88 263.040192
0 597.12 150.399936 648.32 183.040128
0 624.64 430.72012800000005 640.64 450.559872
0 640.64 44.160192 665.6 79.360128
0 672.0 309.120192 745.6 406.40025599999996
0 673.28 140.799744 682.88 161.919936
0 674.56 479.359872 693.12 494.080128
0 675.84 429.440256 693.12 450.559872
0 682.88 219.51993599999997 725.76 254.07993599999998
0 685.44 521.6002560000001 739.2 575.360064
0 689.28 127.999872 724.48 164.480256
0 711.68 167.04 724.48 183.040128
0 718.08 432.639936 746.88 458.880192
0 737.92 15.360192 749.44 32.000256
0 758.4 421.75987200000003 776.96 462.719808
0 770.56 530.559936 789.12 545.280192
0 773.12 306.559872 790.4 327.680064
0 773.12 543.999744 798.08 566.399808
0 814.08 345.59999999999997 819.2 361.600128
0 816.64 415.35993599999995 837.12 445.439808
0 819.2 344.320128 832.0 365.439744
0 833.28 417.920256 850.56 442.880064
0 834.56 330.239808 910.72 406.40025599999996
0 887.04 558.080064 905.6 575.360064
0 913.28 430.72012800000005 958.08 461.439936
0 1005.44 526.719744 1023.36 545.280192
0 1013.12 505.600128 1023.36 524.16
