0 295.125 209.62304 323.895359 250.43456
0 298.837279 691.9424 343.384627 722.550784
0 300.693025 642.782208 351.737058 691.9424
0 326.67897800000003 153.043968 349.880525 205.913088
0 332.24779 108.521472 376.795138 149.332992
0 344.3125 603.826176 400.92455800000005 644.637696
0 351.737058 141.913088 400.92455800000005 190.144512
0 377.72301100000004 633.506816 447.327652 716.0576
0 424.12610500000005 614.029312 476.098011 656.695296
0 447.327652 670.608384 495.58727899999997 726.260736
