0 0.0 731.136 45.056 766.9762559999999
0 4.096 539.6482560000001 41.984 567.296256
0 6.144 569.343744 45.056 594.944256
0 7.168 667.647744 33.792 722.9437439999999
0 23.552 493.568256 70.656 530.432256
0 36.864 616.448256 66.56 645.12
0 55.296 650.2402559999999 136.192 705.536256
0 73.728 592.896 99.328 608.2560000000001
0 112.64 476.15999999999997 154.624 507.90374399999996
0 131.072 436.22399999999993 163.84 457.72799999999995
0 136.192 648.192 178.176 691.2
0 144.384 405.504 194.56 445.43999999999994
0 151.552 567.296256 216.064 599.04
0 169.984 659.4562559999999 236.544 704.5117439999999
0 232.448 486.39974400000006 292.864 530.432256
0 240.64 632.832 313.344 687.104256
0 250.88 691.2 330.752 766.9762559999999
0 271.36 534.528 337.92 619.520256
0 382.976 518.144256 449.536 557.055744
0 385.024 563.199744 450.56 618.495744
0 433.152 572.415744 504.832 618.495744
0 458.752 418.815744 497.664 440.319744
0 462.848 453.63225600000004 508.928 480.25574400000005
0 465.92 531.4559999999999 531.456 570.368256
0 467.968 724.992 525.312 765.951744
0 484.352 484.352256 517.12 529.407744
0 487.424 603.1357439999999 574.464 671.744256
0 517.12 669.696 600.064 755.712
0 526.336 474.11174400000004 624.64 529.407744
0 589.824 564.224256 640.0 607.232256
0 611.328 588.800256 662.528 629.76
0 614.4 508.92825600000003 653.312 555.008256
0 623.616 401.408256 654.336 428.031744
0 657.408 450.56025600000004 712.704 496.640256
0 693.248 615.4237439999999 765.952 671.744256
0 709.632 565.248 777.216 615.4237439999999
0 710.656 442.36799999999994 750.592 480.25574400000005
0 735.232 422.912256 763.904 441.34425600000003
0 776.192 476.15999999999997 852.992 544.767744
0 783.36 389.120256 817.152 419.840256
0 848.896 405.504 878.592 442.36799999999994
0 866.304 424.959744 896.0 461.82374400000003
0 892.928 703.488 970.752 766.9762559999999
0 902.144 448.51199999999994 934.912 476.15999999999997
0 902.144 533.504256 977.92 582.656256
0 919.552 487.424256 987.136 534.528
0 947.2 628.736256 1022.976 695.295744
0 970.752 419.840256 1010.688 454.65599999999995
0 977.92 475.136256 1003.52 509.952
