0 0.0 0.9995999999999999 85.000192 124.999776
0 88.000512 587.999808 248.999936 742.000224
0 296.999936 2.999616 407.000064 91.00032
0 325.999616 434.99980800000003 567.000064 646.000272
0 373.000192 581.9997599999999 615.000064 795.0002400000001
0 421.000192 381.00019199999997 574.999552 458.00039999999996
0 490.000384 762.999984 584.999936 815.0004
0 535.000064 658.000368 744.999936 815.0004
0 544.0 565.999632 728.000512 707.000352
0 547.00032 167.99971200000002 698.000384 267.000096
0 721.999872 165.00009599999998 881.000448 293.999904
0 741.000192 685.000176 920.999936 795.99984
0 830.999552 595.999872 988.000256 714.9996
0 846.000128 253.999584 993.000448 385.999824
0 874.000384 163.99967999999998 1022.999552 322.000128
