0 0.0 257.999835 17.000448 299.00032500000003
0 1.000448 572.0002059999999 7.000064 585.9996570000001
0 7.999488 183.000288 28.99968 232.00007399999998
0 10.999808 552.999829 24.999936 569.999699
0 24.999936 265.999814 60.000256 290.999663
0 39.000064 634.000214 58.000384 651.000084
0 44.99968 658.000151 56.999936 668.999866
0 85.999616 641.000281 97.000448 658.000151
0 101.000192 572.0002059999999 112.0 585.9996570000001
0 122.000384 557.00016 129.000448 564.000227
0 183.000064 169.00015399999998 215.000064 189.999672
0 197.999616 566.000051 209.000448 577.999678
0 213.000192 188.99976 245.999616 226.999831
0 213.999616 551.999917 225.000448 559.999896
0 215.000064 573.0001179999999 229.000192 588.000164
0 218.999808 589.999988 227.00032 599.999791
0 225.000448 613.000013 243.00032 630.9997950000001
0 238.999552 583.999833 254.999552 599.999791
0 245.999616 211.99978499999997 280.999936 246.000208
0 248.999936 263.99998999999997 264.999936 281.999772
0 266.999808 596.000143 279.000064 620.999992
0 282.999808 545.9997619999999 403.00032 646.9997529999999
0 346.999808 279.999948 364.000256 302.999973
0 355.00032 526.0001560000001 364.000256 534.000135
0 368.0 215.000204 387.00032 256.00001100000003
0 378.999808 504.000043 400.0 517.000265
0 391.999488 527.9999799999999 528.0 642.000193
0 394.999808 249.99985600000002 435.999744 290.999663
0 448.0 281.999772 476.99968 313.999688
0 451.999744 512.0000220000001 460.99968 520.000001
0 464.0 339.00022 988.99968 540.0002900000001
0 572.000256 567.999875 581.999616 577.999678
0 613.000192 558.000072 620.000256 567.999875
0 718.000128 643.000105 730.000384 657.0002390000001
0 727.000064 629.9998830000001 748.99968 645.999841
0 908.000256 533.000223 922.000384 542.0001139999999
