0 0.0 572.598334 252.8 681.360284
0 0.0 260.388282 1004.8 581.5550400000001
0 331.52 618.661978 386.56 668.5645999999999
0 433.92 655.1292 482.56 671.124146
0 472.32 584.114586 497.28 607.786124
0 552.32 658.968178 597.76 681.360284
0 695.04 612.264818 717.44 628.898798
0 751.36 630.17823 802.56 669.8440320000001
0 777.6 559.803332 807.68 609.065556
0 793.6 502.863152 852.48 572.598334
0 816.0 589.872712 844.8 634.017208
0 830.08 215.60407 907.52 245.033734
0 839.68 561.082764 865.92 593.711008
0 853.76 366.590686 933.76 426.73012800000004
0 937.6 467.675362 993.28 534.85168
0 986.24 138.191614 1017.6 163.142584
0 993.28 225.200492 1012.48 240.55504
