0 0.0 422.40000000000003 35.555328 452.266752
0 38.4 415.289088 86.755328 465.067008
0 88.177664 469.33324799999997 129.422336 499.20000000000005
0 113.777664 531.911424 179.2 574.577664
0 115.2 438.04416000000003 169.244672 477.86649600000004
0 173.510656 452.266752 234.667008 502.044672
0 253.155328 521.95584 462.222336 620.088576
0 398.222336 578.8446720000001 709.689344 738.1332480000001
0 765.155328 487.82208 847.644672 529.066752
0 834.844672 490.66675200000003 1008.355328 574.577664
