0 242.347008 537.6 360.107008 643.412992
0 27.307008 576.852992 40.96 599.04
0 30.72 27.307008 482.987008 242.347008
0 40.96 513.707008 76.8 571.732992
0 51.2 354.987008 85.332992 416.427008
0 136.532992 325.972992 170.667008 368.64
0 179.2 303.787008 215.04 358.4
0 220.16 244.052992 329.387008 358.4
0 221.867008 658.772992 329.387008 738.987008
0 332.8 322.56 397.652992 407.892992
0 377.172992 206.507008 413.012992 252.587008
0 407.892992 776.532992 580.267008 952.32
0 438.612992 489.812992 486.4 551.252992
0 486.4 22.187008 988.16 641.707008
0 522.24 764.587008 663.892992 896.0
0 889.172992 868.692992 952.32 911.36
