0 20.495096 854.4 184.455098 935.04
0 62.12566399999999 729.6 93.508684 757.12
0 65.327544 785.28 96.710564 808.32
0 81.339242 757.12 110.801134 780.16
0 187.016602 833.92 726.291326 956.16
0 245.93962000000002 782.08 277.32264 813.44
0 256.18716800000004 759.04 294.61509 787.2
0 280.525286 785.28 301.66075800000004 815.36
0 420.787546 239.36 457.29434000000003 278.4
0 434.878116 271.36 468.182264 293.76
0 468.182264 260.48 502.767164 293.76
0 480.35094000000004 506.88 548.240754 566.4
