0 788.48 186.370848 812.16 219.0339
0 788.48 419.494464 1023.36 505.95480000000003
0 805.76 144.101016 828.16 172.281132
0 810.88 161.39321999999999 834.56 192.77514
0 834.56 135.135144 880.64 169.078644
0 858.24 124.887456 893.44 146.022372
0 869.76 179.966556 901.12 213.910056
0 897.28 152.426664 923.52 186.370848
0 909.44 131.29243200000002 936.96 157.55050799999998
0 910.72 122.325876 948.48 142.819884
0 914.56 156.269376 948.48 183.809268
0 919.68 456.640452 949.12 487.38214800000003
