0 0.0 123.57844 253.44 406.59104
0 35.2 442.44812 160.0 573.70988
0 206.08 509.03984 270.08 557.70268
0 207.36 420.03736 288.64 498.79496
0 286.08 190.16948 599.68 443.72855999999996
0 316.16 473.82331999999997 465.92 587.7967600000001
0 617.6 101.16767999999999 704.64 185.04703999999998
0 638.72 170.32028 718.72 242.67432000000002
0 673.28 211.29912000000002 759.68 297.74004
0 693.76 24.97164 998.4 347.68332
0 752.64 174.80216000000001 860.8 256.76052
0 838.4 537.8528 1019.52 679.35944
