0 110.400512 636.800256 124.8 656.7997439999999
0 122.399744 570.399744 147.2 591.2002560000001
0 126.400512 623.199744 144.799744 644.7997439999999
0 146.400256 591.2002560000001 162.400256 608.7997439999999
0 170.399744 564.800256 247.199744 656.7997439999999
0 194.400256 314.4 263.199744 392.799744
0 242.400256 535.2 255.200256 559.2
0 284.8 499.20000000000005 302.399488 522.399744
0 304.799744 487.20000000000005 418.400256 576.800256
0 318.399488 279.20025599999997 331.200512 298.400256
0 322.400256 596.7997439999999 332.8 608.7997439999999
0 323.2 607.2 335.200256 623.199744
0 327.199744 268.79999999999995 338.400256 284.79974400000003
0 327.199744 583.2 342.4 596.7997439999999
0 336.799744 634.400256 354.400256 655.2
0 342.4 655.2 355.2 672.800256
0 354.400256 580.8 370.400256 599.199744
0 354.400256 447.200256 378.399744 474.39974400000006
0 386.400256 595.2 407.199744 614.4000000000001
0 400.799744 230.39999999999998 410.399744 243.20025599999997
0 426.399744 600.800256 440.800256 615.2002560000001
0 435.2 226.400256 450.400256 240.800256
0 455.199744 602.4000000000001 468.799488 616.8
0 483.2 574.400256 495.200256 590.4000000000001
0 579.999744 246.399744 593.599488 266.4
0 598.4 514.400256 610.400256 526.400256
0 599.199744 523.2 616.800256 538.400256
0 610.400256 508.79999999999995 623.200256 522.399744
0 650.399744 435.200256 659.2 447.200256
0 659.2 434.40000000000003 675.2 447.200256
0 660.799488 455.199744 672.799744 471.200256
0 663.199744 468.800256 676.799488 480.800256
0 668.8 528.800256 786.400256 576.800256
0 707.2 436.79999999999995 719.200256 450.39974400000006
0 716.8 442.400256 731.200512 454.400256
0 722.400256 455.199744 736.799744 468.800256
0 755.2 450.39974400000006 766.400512 462.39974400000006
0 799.200256 559.2 814.400512 574.400256
