0 0.0 139.318848 98.2016 271.146816
0 143.179776 468.14054400000003 265.370624 575.2512
0 183.660544 208.977984 294.605824 327.324096
0 212.895744 365.52384 365.820928 528.8112
0 323.842048 66.66336 416.796672 158.793408
0 348.57984 519.823296 413.047808 575.2512
0 526.242816 236.691648 645.434368 377.508672
0 771.373056 215.71891200000002 858.331136 322.080768
0 795.36128 5.992128 922.049536 146.808576
0 833.593344 292.119552 957.282304 414.21081599999997
0 856.082432 439.677504 971.526144 560.270592
