0 43.52 503.039808 81.92 531.839808
0 84.48 454.400064 96.0 471.680064
0 97.28 439.03987199999995 109.44 450.559872
0 153.6 429.440256 167.04 440.319744
0 164.48 454.400064 181.12 471.680064
0 167.04 437.76 179.84 451.839744
0 168.32 416.639808 178.56 428.159808
0 203.52 387.83980799999995 223.36 398.07993600000003
0 208.64 546.560064 232.32 563.840064
0 211.84 412.80019200000004 222.08 423.039744
0 240.64 389.12025600000004 249.6 400.64025599999997
0 315.52 436.480128 329.6 451.839744
0 316.8 456.95980799999995 327.04 478.08
0 316.8 486.399744 333.44 500.480064
0 329.6 425.60006400000003 343.04 439.03987199999995
0 359.68 455.679936 370.56 466.56000000000006
0 412.16 435.200256 428.16 455.679936
0 430.72 432.639936 439.68 453.120192
0 505.6 496.639872 535.68 545.280192
0 703.36 364.15987199999995 733.44 381.439872
0 730.88 465.280128 765.44 501.759936
0 840.32 395.520192 853.12 406.40025599999996
0 849.28 364.15987199999995 862.08 376.959744
0 914.56 387.83980799999995 921.6 396.80006399999996
0 917.12 340.479936 928.0 349.44019199999997
0 952.96 337.92019200000004 967.04 349.44019199999997
0 974.08 394.23974400000003 986.88 411.519744
