0 134.4 508.160256 144.0 522.8797440000001
0 142.72 480.0 152.96 489.59999999999997
0 161.28 485.76 176.64 499.839744
0 181.12 518.4000000000001 196.48 526.719744
0 186.24 505.599744 197.76 512.000256
0 318.72 385.280256 323.84 394.88025600000003
0 326.4 382.719744 336.0 391.68
0 424.32 399.99974399999996 426.88 405.12
0 432.0 421.11974399999997 439.04 428.799744
0 439.04 419.840256 457.6 423.680256
0 442.88 397.43999999999994 446.72 402.56025600000004
0 595.84 487.040256 602.88 498.56025600000004
0 595.84 480.0 604.16 488.319744
0 595.84 467.840256 605.44 477.440256
0 604.16 471.03974400000004 613.12 481.280256
0 605.44 464.00025600000004 613.12 472.32
0 611.84 462.72 620.16 473.60025599999994
0 611.84 482.559744 622.72 497.28
0 618.88 453.75974400000007 627.84 465.27974399999994
0 620.16 472.32 631.68 483.84000000000003
0 625.28 455.04 632.96 462.72
0 630.4 481.280256 641.28 494.72025600000006
0 642.56 481.280256 647.68 489.59999999999997
0 643.84 492.159744 655.36 499.839744
0 664.96 463.359744 672.0 467.199744
0 732.16 492.159744 801.28 518.4000000000001
