0 20.48 144.16012700000002 100.48 220.405466
0 45.44 24.987555 99.2 56.383016
0 142.72 419.02596400000004 360.32 593.300244
0 179.2 247.955637 369.28 430.559102
0 234.24 2.5626160000000002 392.96 166.585066
0 322.56 325.482284 426.24 421.58926299999996
0 346.24 222.968082 384.0 272.943875
0 408.96 236.42318200000003 607.36 431.84041
0 416.64 471.565056 488.96 514.492289
0 421.76 549.09102 476.16 600.348121
0 502.4 514.492289 542.72 570.234651
0 595.2 3.8446070000000003 728.96 278.06910700000003
0 680.32 310.10522199999997 835.2 481.816203
