0 58.203799999999994 990.72 88.2648 1023.36
0 102.9756 810.24 141.351675 836.48
0 152.224925 812.16 180.36715 857.6
0 178.448375 866.56 216.82444999999998 913.28
0 195.07795000000002 924.16 228.33710000000002 955.52
0 221.3014 1000.96 245.606075 1023.36
0 223.85957499999998 810.24 272.4695 854.4
0 229.616475 938.24 252.64177500000002 969.6
0 276.30705 754.56 342.82535 833.28
0 291.01784999999995 904.96 322.358225 940.16
0 296.134775 805.12 320.43944999999997 847.36
0 316.6019 880.64 356.89675 912.0
0 320.43944999999997 910.08 350.50045000000006 943.36
0 324.9164 862.72 354.977975 887.04
0 326.83517500000005 731.52 363.931875 766.72
0 356.89675 719.36 386.31834999999995 759.68
0 360.094325 754.56 405.5061 785.92
0 363.931875 892.8 386.31834999999995 915.2
0 370.967575 787.84 402.30795 821.12
0 377.363875 945.28 403.587325 971.52
0 379.28265000000005 836.48 409.34365 866.56
0 390.15590000000003 860.8 412.54179999999997 897.92
0 403.587325 729.6 436.846475 794.88
0 410.623025 807.04 443.882175 831.36
