0 427.52 469.18682399999994 623.36 624.0889169999999
0 63.36 826.357494 92.16 842.3601630000001
0 69.12 652.252704 119.68 703.459896
0 104.96 791.792808 154.24 832.118556
0 115.2 642.651777 152.96 688.7377439999999
0 129.92 816.115887 179.2 842.3601630000001
0 163.2 624.728754 222.72 662.494311
0 319.36 0.0 633.6 192.02697
0 358.4 311.08386 481.92 513.3532799999999
0 572.8 235.553589 744.96 305.323641
0 624.64 0.0 757.76 63.369153000000004
0 795.52 224.032308 837.76 270.11827500000004
0 828.8 698.9793510000001 906.88 758.507796
0 833.28 299.56257899999997 867.84 346.929063
0 849.28 3.8407080000000002 889.6 50.567355
0 873.6 44.806293 920.32 83.851524
0 882.56 108.175446 933.12 167.703891
0 924.8 89.612586 967.68 118.41705300000001
0 931.84 0.0 977.92 39.045230999999994
0 933.12 112.655991 966.4 145.941003
