0 6.084608 197.429928 159.076352 418.343016
0 274.689024 0.0 1023.130624 425.30049599999995
0 352.923648 812.332632 396.387328 840.1643280000001
0 374.654976 675.784872 400.733184 707.965104
0 385.086464 763.627608 412.903424 795.8078399999999
0 472.8832 743.623632 508.522496 781.891992
0 538.947584 637.516512 563.28704 664.477968
0 600.665088 506.185752 663.252992 600.1175039999999
0 677.16096 447.91341600000004 734.532608 497.48868000000004
0 734.532608 491.40055199999995 775.389184 532.2778559999999
0 746.702848 609.6848160000001 775.389184 627.9491999999999
0 777.126912 710.5740480000001 792.774656 737.5355040000001
0 860.576768 564.458088 903.171072 598.377912
