0 837.76 476.690288 935.04 560.624158
0 85.12 48.053148 135.04 70.478087
0 209.92 0.0 225.28 15.377061999999999
0 216.32 99.310249 298.88 197.980527
0 306.56 551.012982 437.76 629.8209370000001
0 320.0 472.20571 407.68 570.875305
0 419.84 175.555588 444.8 199.261835
0 488.96 272.943875 523.52 290.883553
0 501.12 163.381796 528.64 196.699219
0 576.0 435.685017 621.44 520.899512
0 597.76 288.320937 653.44 351.75114700000006
0 723.84 134.549634 752.64 155.693265
0 802.56 156.974573 835.84 172.992289
0 822.4 554.857589 896.0 639.43143
0 853.76 613.162567 908.8 682.359346
0 876.16 7.047877 929.92 51.897755
0 883.84 180.68082 902.4 199.261835
0 903.68 176.836896 920.96 204.38775
0 987.52 554.857589 1020.8 599.707467
