0 170.24 451.20000000000005 215.04 465.920256
0 220.16 438.39974400000006 243.84 453.75974400000007
0 225.28 348.159744 248.32 366.71999999999997
0 247.04 250.23974399999997 279.68 271.359744
0 286.72 184.32 300.8 205.44
0 344.32 200.319744 372.48 227.840256
0 414.72 704.000256 442.24 727.6800000000001
0 418.56 742.400256 465.28 762.24
0 425.6 0.0 446.72 17.28
0 703.36 201.60000000000002 728.32 232.959744
0 704.64 230.39999999999998 733.44 267.519744
0 800.64 291.20025599999997 835.2 321.920256
