0 291.2 179.839872 309.12 211.20019200000002
0 320.0 173.43993600000002 342.4 204.800256
0 325.12 341.119872 346.24 369.919872
0 424.96 240.000192 462.72 267.519744
0 428.8 252.160128 504.96 334.719936
0 496.0 40.959936 513.92 69.759936
0 502.4 298.24012799999997 591.36 382.07980799999996
0 511.36 77.439744 573.44 129.920256
0 528.64 219.51993599999997 608.64 271.999872
0 531.2 0.0 588.8 24.959808000000002
0 577.28 30.079871999999998 596.48 58.879872
0 661.12 207.35999999999999 708.48 238.719744
0 663.68 74.88 713.6 106.239744
0 666.24 167.04 712.32 195.84
0 739.84 51.200064 763.52 68.480064
