0 513.28 240.63974399999998 835.2 526.719744
0 53.12 173.43974400000002 281.6 336.63974399999995
0 67.84 298.239744 252.8 513.920256
0 115.2 509.43974399999996 318.72 721.280256
0 186.88 417.27974399999994 512.0 710.4000000000001
0 252.8 259.839744 526.72 508.160256
0 263.04 148.479744 380.8 254.079744
0 311.04 46.719744 565.12 220.160256
0 345.6 131.199744 604.8 361.599744
0 443.52 339.20025599999997 611.2 513.920256
0 577.92 10.880256000000001 818.56 214.400256
0 730.24 67.839744 992.0 257.28000000000003
0 793.6 263.679744 985.6 524.16
0 824.32 163.2 1023.36 318.080256
0 826.88 0.0 995.84 88.959744
0 915.2 243.84 1023.36 365.439744
0 976.0 50.559744 1023.36 132.48
