0 179.84 512.000256 198.4 520.959744
0 279.68 631.040256 320.64 668.16
0 306.56 604.8 339.2 624.639744
0 332.8 638.079744 371.2 670.719744
0 339.2 586.239744 369.92 609.920256
0 366.72 378.24 374.4 384.63974399999995
0 471.04 295.040256 484.48 303.99974399999996
0 489.6 287.36025600000005 515.84 307.20000000000005
0 656.0 240.63974399999998 678.4 280.32
0 668.16 207.999744 685.44 231.680256
0 675.84 295.040256 689.28 303.99974399999996
0 684.16 320.00025600000004 716.8 349.44
0 699.52 308.480256 712.96 321.279744
0 701.44 177.279744 712.96 194.55974399999997
0 706.56 206.079744 718.08 218.240256
0 723.84 184.959744 757.76 214.400256
0 728.96 243.20025599999997 746.24 256.640256
0 759.04 42.24 810.88 115.19999999999999
0 803.2 231.680256 818.56 251.52
0 876.8 224.64 904.96 245.76
0 888.96 87.039744 908.8 100.47974400000001
0 891.52 248.960256 911.36 264.320256
0 895.36 211.839744 913.92 227.840256
0 906.24 182.39999999999998 929.92 209.28000000000003
0 913.92 104.31974400000001 931.2 115.19999999999999
0 913.92 84.48 932.48 103.040256
0 926.08 210.56025599999998 933.76 218.240256
0 933.76 58.239744 949.76 78.08025599999999
0 945.92 194.55974399999997 965.76 218.240256
0 948.48 70.400256 963.2 78.08025599999999
0 953.6 91.52025599999999 963.2 105.60000000000001
0 960.64 178.56 965.76 188.16
0 974.72 203.52 993.28 213.12
0 976.0 173.43974400000002 990.72 189.440256
0 979.2 240.63974399999998 1006.72 260.480256
0 980.48 80.64 994.56 88.959744
0 993.28 81.920256 1010.56 99.200256
0 993.28 55.67999999999999 1014.4 65.91974400000001
0 1014.4 64.64025600000001 1023.36 81.920256
0 1015.68 158.720256 1023.36 173.43974400000002
