0 1410.0 2232.501 1587.5 2467.5
0 1577.5 2574.9990000000003 1637.5 2687.499
0 1602.5 2270.0009999999997 1742.5 2420.001
0 1747.5 2445.0 1892.5 2610.0
0 1825.0 2022.501 1937.5 2109.999
0 1840.0 2347.5 2000.0 2542.5
0 2005.0 2187.501 2175.0 2367.5009999999997
0 2057.5 1970.001 2145.0 2062.5
0 2135.0 1830.0 2320.0 2032.5
0 2140.0 1935.0 2285.0 2072.4990000000003
0 2145.0 2574.9990000000003 2305.0 2687.499
0 2202.5 2420.001 2290.0 2512.5
0 2445.0 1835.001 2610.0 2042.499
0 2732.5 2004.9989999999998 2815.0 2152.5
0 3012.5 2130.0 3137.5 2265.0
0 3145.0 2064.999 3285.0 2287.5
0 3632.5 2492.4990000000003 3752.5 2595.0
0 3715.0 1902.5010000000002 3870.0 2090.001
0 3725.0 742.5 3895.0 887.499
0 3812.5 2502.5009999999997 3860.0 2585.0009999999997
