0 521.216 231.423744 792.576 411.648
0 0.0 0.0 770.048 499.712256
0 11.264 702.464256 53.248 733.184256
0 58.368 726.015744 94.208 755.712
0 284.672 696.320256 321.536 730.112256
0 285.696 729.0877439999999 334.848 766.9762559999999
0 351.232 699.392256 387.072 746.496
0 356.352 568.3199999999999 377.856 586.752
0 380.928 626.688 408.576 665.600256
0 470.016 572.415744 497.664 598.016256
0 508.928 753.663744 542.72 766.9762559999999
0 515.072 563.199744 532.48 601.088256
0 523.264 619.520256 546.816 631.808256
0 658.432 723.968256 701.44 766.9762559999999
0 667.648 691.2 708.608 730.112256
0 700.416 648.192 732.16 680.960256
0 719.872 729.0877439999999 755.712 758.784
0 748.544 595.9680000000001 773.12 625.664256
