0 85.745751 915.84 131.177762 952.96
0 152.29390899999999 919.68 197.726629 973.44
0 246.997875 485.76 275.153683 517.12
0 254.036827 126.72 273.233711 160.0
0 257.23654400000004 520.32 307.788244 552.32
0 281.552408 424.32 309.707507 450.56
0 311.627479 428.16 353.859773 461.44
0 334.023371 154.88 353.859773 177.92
0 351.94051 915.84 397.372521 963.2
0 418.48937700000005 903.68 454.963173 931.84
0 423.608357 270.72 458.802408 305.28
0 435.766289 917.76 475.439802 952.32
0 490.157224 905.6 559.9050990000001 940.16
