0 36.48 276.129799 141.44 326.10225299999996
0 64.0 320.33639400000004 211.2 413.874792
0 101.12 186.43572600000002 236.16 291.506261
0 200.32 205.015443 275.2 266.520034
0 267.52 172.340985 386.56 266.520034
0 276.48 35.877713 405.12 130.056762
0 330.24 269.08263800000003 412.8 324.820951
0 373.76 295.350167 460.16 366.464942
0 490.24 172.340985 571.52 256.269199
0 540.16 237.68948199999997 632.32 303.679049
0 571.52 94.8197 718.72 235.12687800000003
0 641.28 317.77379 723.84 387.606844
0 680.96 257.550501 792.32 344.041319
0 701.44 18.579717 739.84 39.721619
0 709.76 108.914441 883.84 252.42487400000002
0 748.8 82.646912 803.84 122.368531
0 750.08 24.986227 797.44 64.70784599999999
0 771.2 257.550501 856.32 329.946578
0 802.56 47.40985 876.16 85.209516
0 868.48 185.154424 936.32 244.737062
0 893.44 0.0 1023.36 94.8197
0 928.64 135.18196999999998 970.88 178.74749500000001
0 963.84 273.56719499999997 1008.64 333.790484
0 986.24 238.97078399999998 1023.36 290.224959
