0 30.112968 315.52 154.407216 441.6
0 110.84016 261.12 320.987136 415.36
0 142.23362400000002 441.6 243.46296 554.88
0 196.692888 48.0 288.952536 129.92
0 233.21188800000002 105.6 424.138104 273.28
0 273.575928 577.92 373.52387999999996 689.92
0 336.363744 172.16 558.684312 392.32
0 492.05234399999995 441.6 562.528464 535.68
0 497.81812800000006 623.36 608.017152 716.16
0 583.670856 428.8 684.900192 549.76
0 586.87476 98.56 734.23392 217.6
0 593.921928 301.44 684.900192 413.44
0 623.3937599999999 252.16 760.501848 357.12
0 681.697176 327.68 802.1472719999999 465.92
0 684.900192 532.48 779.722608 651.52
