0 56.999936 9.000192 545.000448 352.99968
0 0.0 553.9998720000001 154.999808 767.000064
0 0.0 129.000192 277.999616 555.999744
0 154.000384 531.999744 289.999872 660.999936
0 375.000064 686.999808 408.000512 731.000064
0 385.000448 636.999936 417.999872 677.9996160000001
0 401.999872 590.999808 428.99968 625.9998720000001
0 453.000192 554.999808 544.0 639.999744
0 458.999808 731.000064 496.0 766.0001279999999
0 492.99968 690.0003839999999 528.0 732.999936
0 526.999552 650.999808 558.000128 695.000064
0 549.999616 0.0 787.999744 232.99968
0 602.000384 733.9998720000001 627.999744 767.000064
0 611.999744 674.999808 679.000064 756.0
0 664.000512 356.00025600000004 696.000512 384.99993600000005
0 677.999616 679.00032 753.000448 752.000256
0 768.0 604.99968 792.000512 663.999744
0 798.999552 531.999744 837.000192 570.0003839999999
0 800.0 96.99993599999999 871.999488 178.00012800000002
0 803.00032 27.999744 826.000384 52.99968
0 805.999616 59.000064 826.999808 87.999744
0 823.000064 553.9998720000001 910.999552 613.9998720000001
0 826.000384 77.999616 851.00032 96.99993599999999
0 830.999552 5.9996160000000005 862.000128 29.999616
0 830.999552 636.999936 878.000128 685.9998720000001
0 842.000384 34.000128 858.999808 58.000128000000004
0 849.000448 60.999936 858.999808 90.000384
0 849.000448 388.99968 872.999936 409.99987200000004
0 858.999808 364.99968 885.000192 386.999808
0 862.000128 13.999872 952.000512 94.000128
0 876.000256 152.000256 904.999936 177.000192
0 885.999616 601.9998720000001 945.999872 703.00032
0 910.999552 333.00019199999997 942.999552 354.000384
0 931.00032 748.99968 970.000384 767.000064
0 949.999616 323.00006399999995 974.999552 340.99968
0 954.999808 68.000256 981.000192 103.00032000000002
0 972.99968 0.0 1004.000256 20.000256
0 977.999872 25.999872000000003 1020.99968 82.000128
0 979.00032 213.00019199999997 1022.999552 322.000128
