0 481.562246 650.88 571.855636 724.48
0 0.0 1005.44 12.807278 1023.36
0 0.0 512.0 24.97484 540.16
0 0.0 0.0 226.05231 204.16
0 0.6403979999999999 540.16 21.772850000000002 560.64
0 21.772850000000002 984.32 42.264904 1008.64
0 58.27417199999999 1012.48 77.48543 1023.36
0 72.362246 219.52 96.696688 245.76
0 75.564236 524.16 147.286084 583.68
0 93.49469799999999 428.16 140.242388 457.6
0 100.539076 602.88 124.873518 624.0
0 112.70595599999999 958.08 135.119204 980.48
0 128.074826 242.56 154.33046199999998 257.92
0 128.074826 443.52 179.305302 480.64
0 131.917214 611.84 182.507292 643.2
0 135.119204 705.92 163.29603400000002 730.24
0 138.961592 174.08 158.17284999999998 199.04
0 140.242388 264.96 166.497342 295.04
0 140.242388 817.92 172.260924 846.08
0 156.251656 193.28 173.54172000000003 212.48
0 156.251656 677.76 173.54172000000003 695.68
0 156.251656 643.2 177.384108 665.6
0 168.418536 760.32 211.964236 805.76
0 170.33973 702.72 191.47218199999998 725.12
0 177.384108 863.36 208.762246 898.56
0 184.42848600000002 142.72 210.68344 163.84
0 185.7086 219.52 210.68344 245.76
0 199.797356 408.96 251.02714999999998 441.6
0 206.841052 359.68 245.263568 385.92
0 211.964236 842.24 231.815892 868.48
0 213.88542999999999 697.6 240.141066 721.92
0 227.97350400000002 0.0 635.892708 235.52
0 238.219872 564.48 258.071528 583.68
0 243.982772 793.6 278.563582 830.08
0 243.982772 237.44 306.73973 288.0
0 252.307946 624.0 264.474826 641.28
0 256.150334 874.24 324.029794 944.0
0 261.273518 616.96 280.484776 632.32
0 263.19403 727.04 322.74899800000003 777.6
0 268.31721400000004 760.32 301.617228 798.72
0 271.519204 296.96 349.004634 382.72
0 275.36159200000003 247.68 297.77484 264.96
0 287.528472 823.04 311.862914 848.0
0 287.528472 438.4 336.83775399999996 478.72
0 310.582118 536.32 331.074172 557.44
0 331.074172 398.08 375.26027000000005 433.28
0 332.995366 973.44 354.127818 1006.72
0 336.83775399999996 181.12 383.58476199999996 230.4
0 366.29469800000004 231.68 401.51522400000005 257.92
0 399.594712 513.92 418.80528799999996 538.24
0 399.594712 600.96 432.894044 624.0
0 404.717214 235.52 441.858934 268.8
0 404.717214 855.04 571.215238 979.2
0 425.849666 800.64 480.28145 856.32
0 434.81523799999997 471.68 504.615892 540.16
0 439.93774 634.24 473.237754 665.6
0 441.858934 550.4 480.28145 585.6
0 443.13973000000004 146.56 480.28145 179.2
0 445.060924 242.56 457.228486 259.84
0 464.272182 230.4 488.60662399999995 252.8
0 530.871528 408.96 567.37285 441.6
0 535.9940300000001 244.48 562.2496659999999 261.76
0 541.117214 543.36 583.382118 599.04
0 541.117214 445.44 619.88344 490.88
0 573.136432 833.92 595.548998 865.28
0 576.3377399999999 638.08 609.6377540000001 677.76
0 579.53973 865.28 637.813902 963.2
0 597.470192 538.24 637.813902 579.84
0 599.391386 317.44 628.849012 340.48
0 618.602644 992.64 639.094698 1015.68
0 626.927818 624.0 664.0695380000001 667.52
0 633.971514 879.36 679.438408 924.8
0 655.103966 648.32 681.359602 669.44
0 667.271528 488.96 681.359602 522.24
