2 0.3484375 0.375 0.471875 0.375 0.471875 0.5109375 0.3484375 0.5109375
2 0.303125 0.215625 0.4453125 0.215625 0.4453125 0.3140625 0.303125 0.3140625
2 0.1546875 0.0140625 0.325 0.0140625 0.325 0.1171875 0.1546875 0.1171875
2 0.1265625 0.36875 0.309375 0.36875 0.309375 0.55 0.1265625 0.55
2 0.140625 0.634375 0.4015625 0.634375 0.4015625 0.759375 0.140625 0.759375
2 0.196875 0.86875 0.3890625 0.86875 0.3890625 1 0.196875 1
2 0.5109375 0.48125 0.725 0.48125 0.725 0.78125 0.5109375 0.78125
2 0.6875 0.2515625 0.821875 0.2515625 0.821875 0.3765625 0.6875 0.3765625
2 0.65625 0.4046875 0.9109375 0.4046875 0.9109375 0.5515625 0.65625 0.5515625
2 0.7984375 0.765625 0.91875 0.765625 0.91875 0.9671875 0.7984375 0.9671875
2 0.6828125 0.828125 0.784375 0.828125 0.784375 0.959375 0.6828125 0.959375
2 0.74375 0.025 0.8671875 0.025 0.8671875 0.15 0.74375 0.15
2 0.6203125 0.071875 0.725 0.071875 0.725 0.203125 0.6203125 0.203125