2 0.3609375 0.2921875 0.5375 0.2921875 0.5375 0.48125 0.3609375 0.48125
2 0.425 0.1296875 0.5984375 0.1296875 0.5984375 0.2953125 0.425 0.2953125
2 0.4 0 0.6 0 0.6 0.065625 0.4 0.065625
2 0.1515625 0.178125 0.4015625 0.178125 0.4015625 0.4375 0.1515625 0.4375
2 0.053125 0.415625 0.34375 0.415625 0.34375 0.66875 0.053125 0.66875
2 0 0.65 0.2109375 0.65 0.2109375 0.871875 0 0.871875
2 0.359375 0.4609375 0.7 0.4609375 0.7 0.84375 0.359375 0.84375
2 0.7203125 0.346875 0.9015625 0.346875 0.9015625 0.53125 0.7203125 0.53125
2 0.603125 0.4609375 0.8984375 0.4609375 0.8984375 0.73125 0.603125 0.73125
2 0.5078125 0.85 0.7171875 0.85 0.7171875 0.9796875 0.5078125 0.9796875
2 0.4125 0.8515625 0.56875 0.8515625 0.56875 0.9828125 0.4125 0.9828125
2 0.8875 0.1765625 0.9984375 0.1765625 0.9984375 0.353125 0.8875 0.353125
2 0.7546875 0.15625 0.9125 0.15625 0.9125 0.3296875 0.7546875 0.3296875