2 0.3609375 0.284375 0.521875 0.284375 0.521875 0.465625 0.3609375 0.465625
2 0.3671875 0.1171875 0.534375 0.1171875 0.534375 0.26875 0.3671875 0.26875
2 0.271875 0 0.46875 0 0.46875 0.05625 0.271875 0.05625
2 0.1359375 0.234375 0.3671875 0.234375 0.3671875 0.48125 0.1359375 0.48125
2 0.0984375 0.490625 0.3890625 0.490625 0.3890625 0.7140625 0.0984375 0.7140625
2 0.0921875 0.7390625 0.3203125 0.7390625 0.3203125 0.9421875 0.0921875 0.9421875
2 0.446875 0.4078125 0.746875 0.4078125 0.746875 0.7875 0.446875 0.7875
2 0.7234375 0.2203125 0.8921875 0.2203125 0.8921875 0.3953125 0.7234375 0.3953125
2 0.6484375 0.353125 0.940625 0.353125 0.940625 0.596875 0.6484375 0.596875
2 0.68125 0.7484375 0.8578125 0.7484375 0.8578125 0.93125 0.68125 0.93125
2 0.5734375 0.79375 0.7125 0.79375 0.7125 0.9421875 0.5734375 0.9421875
2 0.834375 0.00625 0.990625 0.00625 0.990625 0.178125 0.834375 0.178125
2 0.7015625 0.0328125 0.84375 0.0328125 0.84375 0.203125 0.7015625 0.203125