2 0.209375 0 0.4875 0 0.4875 0.159375 0.209375 0.159375
2 0.409375 0.290625 0.6765625 0.290625 0.6765625 0.53125 0.409375 0.53125
2 0.8421875 0.41875 1 0.41875 1 0.609375 0.8421875 0.609375
2 0.3984375 0.4703125 0.603125 0.4703125 0.603125 0.6390625 0.3984375 0.6390625
2 0.225 0.309375 0.403125 0.309375 0.403125 0.4609375 0.225 0.4609375
2 0.23125 0.5734375 0.3703125 0.5734375 0.3703125 0.7 0.23125 0.7
2 0.078125 0.465625 0.265625 0.465625 0.265625 0.6078125 0.078125 0.6078125
2 0.1515625 0.65625 0.2859375 0.65625 0.2859375 0.771875 0.1515625 0.771875
2 0.625 0.875 0.753125 0.875 0.753125 0.9875 0.625 0.9875
2 0.7171875 0.7515625 0.796875 0.7515625 0.796875 0.846875 0.7171875 0.846875
2 0.778125 0.6390625 0.91875 0.6390625 0.91875 0.7796875 0.778125 0.7796875
2 0.3984375 0.653125 0.5375 0.653125 0.5375 0.7625 0.3984375 0.7625
2 0.3609375 0.7375 0.4671875 0.7375 0.4671875 0.83125 0.3609375 0.83125
2 0.025 0.6046875 0.10625 0.6046875 0.10625 0.7171875 0.025 0.7171875
2 0.6171875 0.21875 0.7453125 0.21875 0.7453125 0.3296875 0.6171875 0.3296875
2 0.73125 0.1890625 0.928125 0.1890625 0.928125 0.3203125 0.73125 0.3203125
2 0.4640625 0.015625 0.65625 0.015625 0.65625 0.1734375 0.4640625 0.1734375