2 0 0.2375 0.165625 0.2375 0.165625 0.478125 0 0.478125
2 0.2796875 0.2703125 0.5578125 0.2703125 0.5578125 0.53125 0.2796875 0.53125
2 0.6484375 0.0125 0.8734375 0.0125 0.8734375 0.221875 0.6484375 0.221875
2 0.3921875 0.425 0.603125 0.425 0.603125 0.6125 0.3921875 0.6125
2 0.1578125 0.4953125 0.3421875 0.4953125 0.3421875 0.6625 0.1578125 0.6625
2 0.3546875 0.6640625 0.5015625 0.6640625 0.5015625 0.8015625 0.3546875 0.8015625
2 0.1734375 0.7046875 0.365625 0.7046875 0.365625 0.8640625 0.1734375 0.8640625
2 0.3609375 0.7828125 0.5 0.7828125 0.5 0.9109375 0.3609375 0.9109375
2 0.8328125 0.5140625 0.959375 0.5140625 0.959375 0.6375 0.8328125 0.6375
2 0.803125 0.39375 0.8890625 0.39375 0.8890625 0.4921875 0.803125 0.4921875
2 0.7640625 0.240625 0.9140625 0.240625 0.9140625 0.390625 0.7640625 0.390625
2 0.5171875 0.5734375 0.659375 0.5734375 0.659375 0.6953125 0.5171875 0.6953125
2 0.5546875 0.671875 0.665625 0.671875 0.665625 0.7734375 0.5546875 0.7734375
2 0.215625 0.9015625 0.3421875 0.9015625 0.3421875 0.98125 0.215625 0.98125
2 0.340625 0.1453125 0.4734375 0.1453125 0.4734375 0.26875 0.340625 0.26875
2 0.3890625 0 0.5875 0 0.5875 0.1484375 0.3890625 0.1484375
2 0.0953125 0.121875 0.2921875 0.121875 0.2921875 0.29375 0.0953125 0.29375