2 0.0515625 0.096875 0.290625 0.096875 0.290625 0.2265625 0.0515625 0.2265625
2 0.3859375 0.33125 0.5921875 0.33125 0.5921875 0.4953125 0.3859375 0.4953125
2 0.815625 0.2765625 0.984375 0.2765625 0.984375 0.40625 0.815625 0.40625
2 0.421875 0.5125 0.590625 0.5125 0.590625 0.615625 0.421875 0.615625
2 0.1984375 0.4359375 0.3421875 0.4359375 0.3421875 0.5328125 0.1984375 0.5328125
2 0.3015625 0.678125 0.409375 0.678125 0.409375 0.765625 0.3015625 0.765625
2 0.1171875 0.6453125 0.2828125 0.6453125 0.2828125 0.7203125 0.1171875 0.7203125
2 0.2546875 0.7890625 0.3640625 0.7890625 0.3640625 0.8640625 0.2546875 0.8640625
2 0.771875 0.796875 0.8734375 0.796875 0.8734375 0.871875 0.771875 0.871875
2 0.8109375 0.64375 0.85625 0.64375 0.85625 0.725 0.8109375 0.725
2 0.8328125 0.5109375 0.93125 0.5109375 0.93125 0.61875 0.8328125 0.61875
2 0.4765625 0.6859375 0.59375 0.6859375 0.59375 0.7515625 0.4765625 0.7515625
2 0.4734375 0.78125 0.5578125 0.78125 0.5578125 0.84375 0.4734375 0.84375
2 0.0828125 0.8125 0.1796875 0.8125 0.1796875 0.890625 0.0828125 0.890625
2 0.5109375 0.1921875 0.6125 0.1921875 0.6125 0.26875 0.5109375 0.26875
2 0.5984375 0.121875 0.78125 0.121875 0.78125 0.18125 0.5984375 0.18125
2 0.3015625 0.0671875 0.4609375 0.0671875 0.4609375 0.1625 0.3015625 0.1625