0 0.0 80.220399 59.220992 287.144811
0 116.19328 125.204145 234.635264 297.64115499999997
0 218.893312 114.707801 276.615168 218.17000700000003
0 222.641152 0.0 291.607552 108.710378
0 224.140288 277.398401 305.850368 463.33012499999995
0 232.38656 179.184367 354.576384 371.11419700000005
0 271.367168 128.953132 404.80256 259.404766
0 303.601664 358.368734 422.043648 506.814686
0 304.351232 395.105255 771.373056 682.250066
0 333.587456 242.161065 415.297536 377.861554
0 345.581568 31.488349 412.29824 125.204145
0 383.812608 359.118668 536.737792 509.813056
0 450.530304 266.902057 595.958784 404.102414
0 464.023552 74.972227 624.44544 224.917364
0 582.465536 226.417232 660.427776 367.36521
