0 448.64 229.05568399999999 512.0 287.91963200000004
0 0.0 26.87256 14.72 65.261768
0 0.0 90.214696 333.44 372.376004
0 16.0 65.261768 46.08 95.33352400000001
0 61.44 58.22388 87.68 74.219288
0 96.0 545.767508 123.52 571.359932
0 103.68 0.0 161.28 35.83008
0 120.96 409.48564799999997 200.96 477.306544
0 209.92 552.1653279999999 227.2 571.359932
0 291.2 282.16130799999996 388.48 371.09644
0 346.88 161.23478799999998 842.88 510.576924
0 347.52 388.371412 400.0 434.43857599999996
0 397.44 337.18542 432.64 389.650976
0 409.6 424.840988 442.24 447.234788
0 426.24 389.650976 467.2 410.765212
