0 0.0 357.62208999999996 260.593664 533.926834
0 262.263808 352.60880199999997 325.742592 392.716478
0 303.19104 301.639688 350.798848 343.41777399999995
0 303.19104 148.730974 364.163072 182.989128
0 348.294144 177.97584 425.135104 251.505436
0 378.361856 243.14995599999997 477.755392 322.528388
0 411.771904 335.062294 541.233152 443.685592
0 457.709568 212.23399400000002 523.693056 270.723726
0 466.896896 179.646936 493.62432 208.891802
0 481.096704 284.928042 534.551552 358.45763800000003
0 559.608832 50.134252 620.580864 105.281106
