0 80.752892 196.800512 126.326178 244.800512
0 89.547282 920.000512 207.07838800000002 1022.400512
0 108.736034 66.400256 168.700884 114.400256
0 123.127598 374.4 203.88049 464.799744
0 135.120568 280.000512 189.488926 337.600512
0 223.069242 152.800256 267.043238 184.800256
0 271.04112200000003 467.999744 406.16169 585.6
0 344.59755 295.199744 414.956762 355.2
0 435.74412199999995 165.600256 467.72583 196.800512
0 488.51319 92.8 522.093506 119.199744
0 602.846398 152.800256 681.200696 223.200256
