0 462.72 297.93143 542.08 379.942655
0 0.0 43.56857 28.16 69.83743299999999
0 88.96 71.119424 119.04 110.202733
0 126.72 146.082772 161.28 183.884773
0 135.04 411.337433 177.92 460.03191799999996
0 151.68 332.530161 202.88 376.73938499999997
0 154.24 242.83040499999998 185.6 283.835676
0 165.12 283.835676 201.6 322.918985
0 190.08 366.487555 236.8 413.900732
0 192.64 105.076818 225.28 151.208004
0 192.64 249.878282 236.8 285.116984
0 200.32 433.76237199999997 246.4 481.816203
0 217.6 151.208004 254.08 183.884773
0 227.84 123.657833 257.92 156.333919
0 230.4 295.368814 275.2 337.655393
0 271.36 361.362323 315.52 417.74465599999996
0 289.28 433.76237199999997 327.68 490.145388
0 301.44 224.89004400000002 347.52 281.27306
0 351.36 315.230454 394.24 354.9551
0 362.88 517.696242 411.52 571.515959
0 372.48 358.79902400000003 427.52 405.571547
0 382.72 429.27779400000003 430.08 491.42669600000005
0 502.4 378.02069300000005 550.4 442.732894
0 504.96 496.552611 554.88 559.342167
0 538.88 374.17608600000005 584.96 424.151879
0 554.88 176.19624199999998 600.32 215.279551
0 554.88 589.455637 609.92 647.760615
0 571.52 201.183797 609.92 223.60873600000002
0 577.92 538.839873 618.88 586.893021
0 593.92 461.313226 655.36 517.696242
0 630.4 223.60873600000002 682.88 276.14714499999997
0 634.88 53.819717 675.2 96.10697900000001
0 650.24 438.888287 700.16 491.42669600000005
0 670.08 227.45334300000002 700.16 261.410737
0 679.04 43.56857 712.32 78.807955
0 686.08 652.88653 730.24 679.155393
0 702.72 180.040166 764.8 244.11171299999998
0 710.4 322.918985 777.6 385.06857
0 717.44 568.953343 773.76 636.868814
0 773.76 242.83040499999998 802.56 277.428453
0 828.8 72.400732 858.88 105.076818
0 847.36 486.301464 907.52 549.09102
0 881.28 456.828648 933.76 521.540166
0 910.08 3.8446070000000003 951.04 41.005954
0 920.32 353.03313799999995 986.24 408.774817
0 932.48 90.34041 962.56 122.375842
0 932.48 429.27779400000003 991.36 492.708004
0 940.16 220.405466 963.84 253.72220599999997
0 949.76 96.10697900000001 990.08 127.50175700000001
0 952.32 44.849878000000004 986.24 86.496486
0 966.4 232.57857500000003 993.92 261.410737
0 984.96 207.59102 1007.36 233.86056599999998
0 986.24 46.13118600000001 1018.88 73.68204
