0 0.0 653.140922 77.691904 711.707193
0 1.273856 555.105726 70.049792 606.032751
0 45.850624 588.208869 124.816384 632.770112
0 68.775936 516.910265 150.288384 547.467249
0 127.363072 460.89092200000005 461.054976 744.809567
0 182.129664 206.255028 489.074688 437.97318400000006
0 324.775936 676.057891 417.75104 732.078003
0 401.193984 709.160265 508.179456 767.726536
0 405.014528 292.831355 483.980288 338.66529299999996
0 631.72096 702.794483 729.791488 765.1803769999999
0 676.298752 608.5796789999999 770.547712 651.867458
0 775.642112 702.794483 878.806016 762.634218
