0 0.0 238.59896 1023.36 688.93135
0 127.36 645.4331599999999 143.36 671.0204699999999
0 136.96 592.34042 167.68 614.08912
0 218.24 747.14171 248.32 789.3601
0 290.56 747.14171 306.56 765.05259
0 321.92 681.89482 341.76 697.88679
0 378.88 697.88679 398.08 718.35648
0 416.0 680.6150200000001 449.92 718.99559
0 510.72 767.6114 529.92 789.3601
0 533.76 694.04818 554.24 715.79767
0 578.56 715.79767 602.88 736.26736
0 611.2 683.1738300000001 622.08 704.92332
0 645.12 775.9269400000001 660.48 789.3601
0 656.0 706.2023300000001 673.92 729.2308300000001
0 757.12 765.05259 776.96 778.48575
