0 477.05580999999995 692.273152 553.2567260000001 774.244352
0 92.850144 518.724608 139.594504 576.360448
0 96.05123 429.708288 129.349686 487.344128
0 105.016658 154.97728 164.568346 205.568
0 108.217744 291.382272 152.401832 341.974016
0 153.682714 714.686464 222.199084 779.367424
0 157.524614 477.097984 229.242816 530.891776
0 171.612078 235.667456 227.32186600000003 295.22432
0 172.89296 327.8848 227.32186600000003 391.284736
0 262.540526 149.853184 332.338524 191.479808
0 348.346938 807.544832 402.13577599999996 858.136576
0 361.794334 236.94848 414.30228999999997 284.338176
0 437.35443599999996 443.797504 510.994334 506.556416
0 452.72278200000005 281.136128 533.405666 338.771968
0 466.81024599999995 126.798848 535.327362 181.233664
0 545.57218 786.41152 629.457642 840.845312
0 552.616658 494.389248 621.133028 559.069184
0 556.458558 324.682752 636.5013739999999 396.407808
0 559.66039 233.746432 633.299542 288.180224
