2 0 0.2 0.20625 0.2 0.20625 0.4703125 0 0.4703125
2 0.06875 0.2796875 0.3671875 0.2796875 0.3671875 0.521875 0.06875 0.521875
2 0.1453125 0.3203125 0.5234375 0.3203125 0.5234375 0.646875 0.1453125 0.646875
2 0.240625 0.4734375 0.728125 0.4734375 0.728125 0.9421875 0.240625 0.9421875
2 0 0.5484375 0.1890625 0.5484375 0.1890625 0.775 0 0.775
2 0.50625 0.346875 0.8921875 0.346875 0.8921875 0.709375 0.50625 0.709375
2 0.515625 0.2578125 0.865625 0.2578125 0.865625 0.5734375 0.515625 0.5734375
2 0.79375 0.203125 0.996875 0.203125 0.996875 0.453125 0.79375 0.453125
2 0.4296875 0.115625 0.68125 0.115625 0.68125 0.3515625 0.4296875 0.3515625
2 0.628125 0.028125 0.878125 0.028125 0.878125 0.278125 0.628125 0.278125
2 0.415625 0.009375 0.6640625 0.009375 0.6640625 0.165625 0.415625 0.165625
2 0.1984375 0.0046875 0.478125 0.0046875 0.478125 0.24375 0.1984375 0.24375