2 0.0484375 0.0671875 0.3109375 0.0671875 0.3109375 0.23125 0.0484375 0.23125
2 0.16875 0.2171875 0.4359375 0.2171875 0.4359375 0.346875 0.16875 0.346875
2 0.2109375 0.309375 0.53125 0.309375 0.53125 0.5046875 0.2109375 0.5046875
2 0.2203125 0.5109375 0.59375 0.5109375 0.59375 0.8359375 0.2203125 0.8359375
2 0 0.371875 0.1375 0.371875 0.1375 0.55 0 0.55
2 0.528125 0.4828125 0.83125 0.4828125 0.83125 0.7265625 0.528125 0.7265625
2 0.5796875 0.4 0.8640625 0.4 0.8640625 0.6 0.5796875 0.6
2 0.8890625 0.4015625 1 0.4015625 1 0.6203125 0.8890625 0.6203125
2 0.5796875 0.2 0.7796875 0.2 0.7796875 0.35625 0.5796875 0.35625
2 0.8 0.203125 0.9859375 0.203125 0.9859375 0.38125 0.8 0.38125
2 0.646875 0.0359375 0.846875 0.0359375 0.846875 0.1828125 0.646875 0.1828125
2 0.41875 0.009375 0.65 0.009375 0.65 0.159375 0.41875 0.159375