2 0.353125 0 0.665625 0 0.665625 0.1328125 0.353125 0.1328125
2 0.365625 0 0.6640625 0 0.6640625 0.3015625 0.365625 0.3015625
2 0.29375 0.0875 0.6796875 0.0875 0.6796875 0.490625 0.29375 0.490625
2 0.084375 0.2515625 0.603125 0.2515625 0.603125 0.8015625 0.084375 0.8015625
2 0.1046875 0.0265625 0.3375 0.0265625 0.3375 0.2765625 0.1046875 0.2765625
2 0.39375 0.41875 0.8 0.41875 0.8 0.8484375 0.39375 0.8484375
2 0.515625 0.384375 0.878125 0.384375 0.878125 0.7640625 0.515625 0.7640625
2 0.7390625 0.584375 0.98125 0.584375 0.98125 0.8453125 0.7390625 0.8453125
2 0.675 0.2296875 0.9390625 0.2296875 0.9390625 0.5078125 0.675 0.5078125
2 0.825 0.36875 1 0.36875 1 0.65 0.825 0.65
2 0.8375 0.1421875 1 0.1421875 1 0.40625 0.8375 0.40625
2 0.6765625 0 0.9625 0 0.9625 0.275 0.6765625 0.275