0 0.0 463.85625000000005 63.821568 528.7425
0 0.0 783.46125 104.58086399999999 857.46375
0 0.0 588.8025 117.988608 795.25875
0 41.832192 500.8575 122.279424 577.005
0 120.67046400000001 469.755 185.56416000000002 550.72875
0 138.369024 396.82500000000005 210.234624 461.17499999999995
0 172.156416 461.17499999999995 254.21260800000002 562.52625
0 370.056192 572.715 449.43052800000004 653.1525
0 390.43584000000004 490.66875000000005 465.51936 547.51125
0 456.402432 653.1525 559.374336 764.6925
0 551.8656 582.90375 636.603648 681.0374999999999
