0 363.52 517.851283 379.52 531.293406
0 373.12 387.908484 378.24 392.388964
0 374.4 397.510098 380.8 405.191116
0 379.52 384.067292 388.48 393.668906
0 388.48 398.79004 395.52 405.191116
0 396.8 389.18842600000005 404.48 402.630549
0 406.4 501.20793899999995 423.68 517.210629
0 679.68 571.620458 691.2 581.862043
0 693.76 575.460967 708.48 584.4226100000001
0 793.6 537.054511 890.88 601.0652709999999
0 825.6 440.397717 835.84 453.83984
0 987.52 273.327721 1022.08 295.73217
0 998.4 230.440785 1023.36 253.48452200000003
