0 0.0 197.12025599999998 12.8 217.599744
0 29.44 112.640256 64.0 138.24
0 32.0 249.60000000000002 64.0 266.240256
0 42.24 279.03974400000004 69.12 299.52
0 44.8 179.199744 78.08 206.079744
0 52.48 207.36 90.88 227.840256
0 53.76 380.15999999999997 80.64 396.800256
0 61.44 331.520256 81.92 348.159744
0 70.4 272.64 119.04 293.120256
0 131.84 185.600256 166.4 206.079744
0 134.4 334.08 163.84 363.519744
0 134.4 140.799744 180.48 174.08025600000002
0 163.84 185.600256 192.0 207.36
0 163.84 108.80025599999999 1022.72 332.79974400000003
0 166.4 255.999744 192.0 276.48
0 188.16 133.119744 339.2 200.960256
0 226.56 190.719744 293.12 222.71999999999997
0 244.48 288.0 271.36 318.71999999999997
0 281.6 345.6 318.72 378.879744
0 294.4 208.640256 323.84 229.11974400000003
0 304.64 294.399744 341.76 323.840256
0 334.08 316.160256 355.84 330.24
0 334.08 353.28000000000003 368.64 375.03974400000004
0 359.68 128.000256 390.4 147.200256
0 375.04 286.719744 423.68 321.279744
0 386.56 215.04000000000002 424.96 249.60000000000002
0 422.4 140.799744 451.84 159.999744
0 427.52 258.560256 455.68 298.239744
0 532.48 221.43974400000002 582.4 262.400256
0 533.76 108.80025599999999 556.8 134.39999999999998
0 550.4 147.200256 570.88 165.12
0 550.4 515.840256 695.04 564.48
0 586.24 241.92000000000002 605.44 257.28000000000003
0 596.48 206.079744 611.84 226.56
0 623.36 229.11974400000003 654.08 249.60000000000002
0 646.4 190.719744 668.16 213.759744
0 663.04 569.600256 698.88 609.2797439999999
0 673.28 494.079744 711.68 519.680256
0 697.6 529.92 734.72 563.199744
0 743.68 535.040256 779.52 573.440256
0 840.96 166.400256 925.44 271.359744
0 933.12 641.28 957.44 663.039744
0 962.56 104.96025600000002 992.0 125.439744
0 962.56 128.000256 994.56 151.040256
0 995.84 596.480256 1022.72 636.159744
