2 0.2203125 0 0.5203125 0 0.5203125 0.2984375 0.2203125 0.2984375
2 0.43125 0 0.8453125 0 0.8453125 0.2796875 0.43125 0.2796875
2 0.1859375 0.259375 0.49375 0.259375 0.49375 0.534375 0.1859375 0.534375
2 0.071875 0.3265625 0.25625 0.3265625 0.25625 0.60625 0.071875 0.60625
2 0.534375 0.328125 0.815625 0.328125 0.815625 0.5796875 0.534375 0.5796875
2 0.2453125 0.5390625 0.4421875 0.5390625 0.4421875 0.740625 0.2453125 0.740625
2 0.325 0.546875 0.6046875 0.546875 0.6046875 0.7703125 0.325 0.7703125
2 0.2125 0.696875 0.4203125 0.696875 0.4203125 0.896875 0.2125 0.896875
2 0.446875 0.7671875 0.565625 0.7671875 0.565625 0.8859375 0.446875 0.8859375
2 0.58125 0.775 0.7625 0.775 0.7625 0.90625 0.58125 0.90625
2 0.871875 0.615625 0.9546875 0.615625 0.9546875 0.703125 0.871875 0.703125
2 0.4984375 0.684375 0.6625 0.684375 0.6625 0.7875 0.4984375 0.7875