2 0.2390625 0.05 0.5234375 0.05 0.5234375 0.33125 0.2390625 0.33125
2 0.4515625 0.0515625 0.8484375 0.0515625 0.8484375 0.340625 0.4515625 0.340625
2 0.21875 0.3296875 0.5125 0.3296875 0.5125 0.5640625 0.21875 0.5640625
2 0.1078125 0.3640625 0.278125 0.3640625 0.278125 0.621875 0.1078125 0.621875
2 0.571875 0.440625 0.840625 0.440625 0.840625 0.65625 0.571875 0.65625
2 0.2921875 0.6046875 0.478125 0.6046875 0.478125 0.78125 0.2921875 0.78125
2 0.3734375 0.6328125 0.6421875 0.6328125 0.6421875 0.8203125 0.3734375 0.8203125
2 0.2671875 0.759375 0.4640625 0.759375 0.4640625 0.9328125 0.2671875 0.9328125
2 0.503125 0.85 0.615625 0.85 0.615625 0.953125 0.503125 0.953125
2 0.6390625 0.884375 0.8140625 0.884375 0.8140625 0.9921875 0.6390625 0.9921875
2 0.9203125 0.75 0.996875 0.75 0.996875 0.8265625 0.9203125 0.8265625
2 0.5484375 0.78125 0.709375 0.78125 0.709375 0.8609375 0.5484375 0.8609375