2 0.3078125 0 0.6671875 0 0.6671875 0.296875 0.3078125 0.296875
2 0.50625 0 0.975 0 0.975 0.378125 0.50625 0.378125
2 0.2140625 0.153125 0.56875 0.153125 0.56875 0.5296875 0.2140625 0.5296875
2 0.090625 0.1890625 0.3359375 0.1890625 0.3359375 0.528125 0.090625 0.528125
2 0.5171875 0.3296875 0.840625 0.3296875 0.840625 0.6734375 0.5171875 0.6734375
2 0.2125 0.45625 0.4453125 0.45625 0.4453125 0.7234375 0.2125 0.7234375
2 0.2765625 0.4859375 0.590625 0.4859375 0.590625 0.803125 0.2765625 0.803125
2 0.1390625 0.60625 0.38125 0.60625 0.38125 0.875 0.1390625 0.875
2 0.35625 0.75 0.496875 0.75 0.496875 0.9078125 0.35625 0.9078125
2 0.471875 0.796875 0.671875 0.796875 0.671875 0.921875 0.471875 0.921875
2 0.790625 0.7265625 0.8890625 0.7265625 0.8890625 0.840625 0.790625 0.840625
2 0.428125 0.68125 0.60625 0.68125 0.60625 0.8390625 0.428125 0.8390625