2 0.234375 0.15625 0.5078125 0.15625 0.5078125 0.3875 0.234375 0.3875
2 0.5390625 0.2546875 0.7859375 0.2546875 0.7859375 0.496875 0.5390625 0.496875
2 0.75625 0.4390625 0.99375 0.4390625 0.99375 0.6828125 0.75625 0.6828125
2 0.640625 0.546875 0.890625 0.546875 0.890625 0.821875 0.640625 0.821875
2 0.3671875 0.3390625 0.65 0.3390625 0.65 0.634375 0.3671875 0.634375
2 0.084375 0.26875 0.334375 0.26875 0.334375 0.496875 0.084375 0.496875
2 0.0625 0.178125 0.2828125 0.178125 0.2828125 0.3484375 0.0625 0.3484375
2 0.3609375 0.1015625 0.5359375 0.1015625 0.5359375 0.2234375 0.3609375 0.2234375
2 0.671875 0.159375 0.88125 0.159375 0.88125 0.3390625 0.671875 0.3390625
2 0.7265625 0.7546875 0.9421875 0.7546875 0.9421875 0.98125 0.7265625 0.98125
2 0.321875 0.5671875 0.7125 0.5671875 0.7125 0.9421875 0.321875 0.9421875
2 0.20625 0.475 0.4625 0.475 0.4625 0.71875 0.20625 0.71875
2 0.0109375 0.4515625 0.1828125 0.4515625 0.1828125 0.64375 0.0109375 0.64375
2 0.0390625 0.6296875 0.303125 0.6296875 0.303125 0.8578125 0.0390625 0.8578125
2 0.2390625 0.8234375 0.4578125 0.8234375 0.4578125 1 0.2390625 1
2 0.6078125 0.9203125 0.80625 0.9203125 0.80625 1 0.6078125 1
2 0.9109375 0.678125 1 0.678125 1 0.80625 0.9109375 0.80625
2 0.0203125 0.8453125 0.2609375 0.8453125 0.2609375 1 0.0203125 1