2 0.1 0.10625 0.3953125 0.10625 0.3953125 0.3796875 0.1 0.3796875
2 0.40625 0 0.6796875 0 0.6796875 0.271875 0.40625 0.271875
2 0.6609375 0.003125 0.925 0.003125 0.925 0.284375 0.6609375 0.284375
2 0.5921875 0.16875 0.8734375 0.16875 0.8734375 0.48125 0.5921875 0.48125
2 0.28125 0.1640625 0.596875 0.1640625 0.596875 0.503125 0.28125 0.503125
2 0.0015625 0.315625 0.275 0.315625 0.275 0.584375 0.0015625 0.584375
2 0 0.2703125 0.184375 0.2703125 0.184375 0.4703125 0 0.4703125
2 0.190625 0.0203125 0.3765625 0.0203125 0.3765625 0.171875 0.190625 0.171875
2 0.4953125 0 0.71875 0 0.71875 0.0484375 0.4953125 0.0484375
2 0.73125 0.3078125 0.9671875 0.3078125 0.9671875 0.565625 0.73125 0.565625
2 0.315625 0.3390625 0.7453125 0.3390625 0.7453125 0.775 0.315625 0.775
2 0.175 0.40625 0.45625 0.40625 0.45625 0.690625 0.175 0.690625
2 0 0.5640625 0.1859375 0.5640625 0.1859375 0.7890625 0 0.7890625
2 0.071875 0.6515625 0.3578125 0.6515625 0.3578125 0.921875 0.071875 0.921875
2 0.3125 0.7015625 0.5515625 0.7015625 0.5515625 0.9265625 0.3125 0.9265625
2 0.6734375 0.5421875 0.8875 0.5421875 0.8875 0.746875 0.6734375 0.746875
2 0.86875 0.1703125 0.9765625 0.1703125 0.9765625 0.3109375 0.86875 0.3109375
2 0.0953125 0.86875 0.3703125 0.86875 0.3703125 0.96875 0.0953125 0.96875