2 0.2046875 0.1625 0.453125 0.1625 0.453125 0.321875 0.2046875 0.321875
2 0.515625 0.175 0.734375 0.175 0.734375 0.3546875 0.515625 0.3546875
2 0.7484375 0.2984375 0.9578125 0.2984375 0.9578125 0.4828125 0.7484375 0.4828125
2 0.6515625 0.4359375 0.8703125 0.4359375 0.8703125 0.6484375 0.6515625 0.6484375
2 0.3640625 0.30625 0.6125 0.30625 0.6125 0.5296875 0.3640625 0.5296875
2 0.071875 0.315625 0.296875 0.315625 0.296875 0.4796875 0.071875 0.4796875
2 0.0328125 0.2328125 0.2359375 0.2328125 0.2359375 0.34375 0.0328125 0.34375
2 0.309375 0.0734375 0.4734375 0.0734375 0.4734375 0.15 0.309375 0.15
2 0.6265625 0.04375 0.815625 0.04375 0.815625 0.16875 0.6265625 0.16875
2 0.7546875 0.6203125 0.94375 0.6203125 0.94375 0.7921875 0.7546875 0.7921875
2 0.353125 0.54375 0.7015625 0.54375 0.7015625 0.8203125 0.353125 0.8203125
2 0.215625 0.4859375 0.4453125 0.4859375 0.4453125 0.665625 0.215625 0.665625
2 0 0.521875 0.16875 0.521875 0.16875 0.66875 0 0.66875
2 0.0703125 0.6875 0.309375 0.6875 0.309375 0.8484375 0.0703125 0.8484375
2 0.2859375 0.8265625 0.4796875 0.8265625 0.4796875 0.9828125 0.2859375 0.9828125
2 0.6515625 0.8203125 0.83125 0.8203125 0.83125 0.94375 0.6515625 0.94375
2 0.915625 0.49375 1 0.49375 1 0.5984375 0.915625 0.5984375
2 0.0375 0.9140625 0.2953125 0.9140625 0.2953125 0.9984375 0.0375 0.9984375