0 0.0 418.56000000000006 12.8 437.120256
0 0.0 440.96025599999996 16.64 506.88
0 7.68 417.27974399999994 39.04 439.68
0 26.24 458.24025599999993 40.32 497.91974400000004
0 27.52 444.800256 42.88 460.79999999999995
0 37.76 485.76 47.36 509.43974399999996
0 58.88 454.400256 85.76 508.160256
0 74.88 480.63974399999995 89.6 508.160256
0 105.6 458.24025599999993 113.28 497.91974400000004
0 114.56 494.079744 126.72 510.72
0 128.0 464.64 138.24 490.88025600000003
0 152.96 468.48 166.4 497.91974400000004
0 166.4 440.96025599999996 216.32 485.76
0 177.92 492.159744 192.64 509.43974399999996
0 209.92 494.079744 217.6 505.599744
0 216.32 446.079744 228.48 480.63974399999995
0 237.44 481.91999999999996 252.16 487.040256
0 240.0 444.800256 248.32 468.48
0 274.56 366.71999999999997 278.4 376.32
0 296.96 434.559744 300.8 437.120256
0 300.8 405.12 327.68 424.959744
0 307.84 437.120256 323.84 447.36
0 326.4 398.72025600000006 340.48 406.400256
0 344.96 424.959744 353.92 446.079744
0 369.92 421.11974399999997 378.88 432.63974399999995
0 385.92 414.72 403.2 430.08000000000004
0 388.48 349.44 394.88 355.20000000000005
0 413.44 410.24025599999993 423.04 421.11974399999997
0 425.6 422.40000000000003 438.4 430.08000000000004
0 437.12 418.56000000000006 446.72 430.08000000000004
0 459.52 391.68 472.96 405.12
0 462.72 426.24 480.64 435.84000000000003
0 503.68 401.28 510.08 416.00025600000004
0 516.48 402.56025600000004 531.2 414.72
0 543.36 401.28 567.04 416.00025600000004
0 598.4 419.840256 610.56 442.23974400000003
0 615.68 435.84000000000003 627.84 446.079744
0 625.28 459.519744 646.4 478.08000000000004
0 646.4 479.36025600000005 656.64 499.20000000000005
0 657.92 460.79999999999995 668.8 480.63974399999995
0 677.76 481.91999999999996 697.6 506.88
0 680.96 452.480256 695.04 472.32
0 697.6 442.23974400000003 711.04 463.359744
0 728.32 462.08025599999996 738.56 469.76025599999997
0 730.88 480.63974399999995 741.76 487.040256
0 757.12 465.920256 775.68 485.76
0 761.6 488.319744 768.0 504.320256
0 789.12 452.480256 801.28 478.08000000000004
0 792.96 496.640256 802.56 508.160256
0 811.52 311.04 823.68 335.36025600000005
0 819.84 401.28 833.92 410.24025599999993
0 822.4 456.96 848.64 476.799744
0 833.92 308.480256 843.52 320.64
0 833.92 458.88 860.16 490.88025600000003
0 837.76 278.4 851.2 295.68
0 872.32 424.959744 885.76 443.52
0 899.2 417.27974399999994 1015.04 456.96
