0 0.0 273.920256 19.84 291.20025599999997
0 0.0 145.280256 37.12 241.92000000000002
0 14.72 377.600256 151.04 455.679744
0 37.12 682.880256 51.84 698.88
0 81.92 720.0 96.64 733.4399999999999
0 86.4 609.920256 165.76 693.7597440000001
0 127.36 515.199744 239.36 622.08
0 135.04 186.24 220.8 271.359744
0 176.0 632.960256 194.56 650.88
0 185.6 412.79999999999995 234.24 451.20000000000005
0 215.68 684.159744 231.68 697.599744
0 220.8 81.920256 329.6 198.399744
0 234.24 713.600256 256.64 727.6800000000001
0 245.12 497.91974400000004 257.92 515.199744
0 264.96 232.959744 312.32 275.199744
0 292.48 391.68 308.48 423.680256
0 292.48 129.920256 376.96 211.839744
0 314.88 318.71999999999997 392.96 383.36025600000005
0 366.72 169.599744 714.24 359.04
0 378.24 137.600256 419.2 216.95999999999998
0 498.56 735.999744 549.12 767.360256
0 577.92 622.08 670.72 701.439744
0 613.76 351.99974399999996 657.28 391.68
0 650.88 424.959744 696.96 472.32
0 689.28 280.959744 830.72 504.320256
0 711.68 573.440256 791.04 645.7597440000001
0 841.6 250.23974399999997 904.96 289.92
