0 564.987904 381.550286 748.333056 570.04974
0 234.706944 416.64974 279.568384 451.100312
0 261.363712 525.2001819999999 274.366464 549.8998829999999
0 267.865088 359.449948 317.927424 416.64974
0 271.766528 447.200117 321.828864 498.55
0 299.722752 271.05012999999997 371.24096 300.29967500000004
0 304.924672 308.10006500000003 353.686528 362.050078
0 319.227904 232.70013 371.24096 251.54992199999998
0 397.247488 191.75 434.306048 245.050364
0 421.303296 181.350247 463.562752 206.700364
0 473.965568 165.75023399999998 531.17952 203.449818
0 518.827008 115.05 553.284608 159.90032499999998
0 568.239104 130.000364 622.201856 165.75023399999998
0 622.201856 141.70018199999998 691.119104 182.65031199999999
0 695.01952 113.749935 733.37856 146.899675
0 717.124608 152.09993500000002 748.983296 198.250325
0 770.438144 163.799753 820.50048 185.249675
0 795.144192 195.650195 856.25856 235.30026
0 841.955328 211.899857 874.463232 261.949675
0 864.06144 708.500143 912.823296 753.349701
0 881.614848 677.949766 922.574848 739.049753
0 893.318144 234.000195 918.024192 276.25039
0 895.919104 300.29967500000004 960.934912 336.050312
0 921.275392 592.150078 972.637184 650.649935
0 931.677184 330.850052 973.937664 365.299857
0 934.278144 365.299857 976.538624 425.750195
0 942.08 671.450208 968.736768 717.599831
0 949.881856 529.0996100000001 1000.594432 593.450143
0 983.04 429.65038999999996 1023.34976 465.40026
0 985.64096 485.550117 1023.34976 520.650338
