0 783.611 478.72665599999993 887.549 579.565056
0 373.973 434.92838399999994 433.075 467.52230399999996
0 398.42900000000003 526.599168 452.436 584.657664
0 424.923 584.657664 480.96799999999996 644.7536640000001
0 445.303 294.365952 506.443 359.55456
0 456.512 532.710912 491.15799999999996 590.769408
0 460.588 170.10048 549.241 259.734528
0 462.62600000000003 481.782528 528.861 552.063744
0 495.234 623.363328 540.07 673.2733440000001
0 523.766 453.26284799999996 578.7919999999999 539.8410240000001
0 560.45 714.015744 646.046 766.981632
0 570.6400000000001 415.575552 624.6469999999999 480.76415999999995
0 570.6400000000001 612.1589759999999 627.704 665.124864
0 576.7539999999999 499.097856 649.1030000000001 572.434944
0 576.7539999999999 227.14060800000001 657.255 297.421824
0 585.925 566.3239679999999 627.704 618.27072
0 619.552 631.511808 689.863 709.941504
0 620.571 377.88825599999996 666.426 443.076864
0 634.837 447.151104 687.825 501.13536
0 641.97 539.8410240000001 686.806 596.880384
0 676.616 577.527552 739.794 632.530176
0 684.768 528.636672 732.661 588.731904
0 711.262 532.710912 761.193 586.695168
0 722.471 405.38956799999994 782.592 467.52230399999996
0 736.737 751.70304 791.763 766.981632
0 749.984 688.5519360000001 810.105 748.647168
0 769.345 379.92575999999997 835.5799999999999 456.317952
0 824.3710000000001 588.731904 871.245 632.530176
0 824.3710000000001 657.994752 878.378 718.089984
0 832.5229999999999 367.70304 899.777 445.114368
0 844.751 253.62355200000002 913.024 317.793024
0 886.53 644.7536640000001 958.8789999999999 702.8113920000001
0 894.682 597.8995199999999 932.385 627.437568
0 931.366 461.411328 999.639 523.544064
0 960.9169999999999 747.6288 1017.981 766.981632
0 985.3729999999999 445.114368 1017.981 497.06111999999996
