0 271.058944 503.63392 399.895552 604.025856
0 160.627712 498.614272 259.346432 599.006208
0 180.706304 419.974144 237.594624 530.405376
0 431.686656 662.588416 508.653568 776.36608
0 486.90176 828.235776 583.947264 901.856256
0 506.980352 675.974144 572.235776 751.26784
0 537.09824 762.980352 721.149952 828.235776
0 612.391936 140.54912 746.248192 234.248192
0 717.80352 215.842816 834.927616 301.176832
0 722.823168 120.470528 843.293696 224.208896
0 799.791104 284.444672 886.797312 344.679424
0 818.19648 172.340224 906.875904 237.594624
0 839.947264 210.823168 921.934848 282.771456
