0 53.12 559.342167 105.6 596.503514
0 74.88 388.912494 462.08 682.359346
0 87.04 260.129429 102.4 278.710444
0 90.88 288.961591 108.16 302.41669099999996
0 101.12 246.674329 265.6 302.41669099999996
0 105.6 274.225183 120.96 287.680283
0 128.64 282.554368 139.52 302.41669099999996
0 152.32 288.961591 173.44 308.823914
0 190.72 296.650122 203.52 310.10522199999997
0 225.92 297.93143 236.8 310.10522199999997
0 370.56 241.549097 535.68 321.637677
0 458.24 550.372328 492.16 604.192045
0 530.56 278.710444 540.8 291.524207
0 533.12 253.72220599999997 548.48 270.380576
0 536.96 295.368814 547.2 310.10522199999997
