0 369.492072 851.2 455.866301 929.599488
0 51.184703 30.399488 83.17574 83.2
0 89.57408399999998 807.999488 150.356303 857.6
0 105.56926100000001 49.599488 131.161271 76.8
0 111.966922 352.0 271.920058 403.2
0 132.760857 147.2 167.951066 199.999488
0 140.75878699999998 409.6 201.541006 518.4
0 148.756717 46.400512 182.34665700000002 76.8
0 206.339764 475.200512 228.733285 515.2
0 214.33701100000002 286.399488 294.313579 371.2
0 228.733285 446.399488 254.325295 489.6
0 436.67195200000003 817.599488 532.643697 947.2
0 462.26464500000003 649.6 511.85044500000004 696.000512
