0 393.6 564.48 519.04 724.479744
0 46.08 194.55974399999997 136.96 285.44025600000003
0 73.6 0.0 186.24 44.799744000000004
0 136.96 234.24 264.32 363.519744
0 233.6 425.60025599999994 311.68 504.96
0 247.04 33.279744 332.8 105.60000000000001
0 284.16 507.519744 393.6 675.84
0 301.44 399.36 382.08 451.20000000000005
0 325.12 158.720256 454.4 272.64
0 383.36 440.319744 494.08 531.84
0 397.44 328.959744 482.56 400.640256
0 403.2 133.760256 504.96 198.399744
0 450.56 168.96 567.04 279.03974400000004
0 455.68 279.03974400000004 573.44 358.400256
0 462.72 415.359744 567.04 517.119744
0 470.4 0.0 574.72 89.600256
0 490.24 60.800256000000005 597.76 149.120256
0 535.04 0.0 647.68 65.91974400000001
0 543.36 492.159744 673.92 605.439744
0 615.68 0.0 703.36 40.959744
0 620.16 94.08 719.36 178.56
0 624.0 223.359744 757.76 330.879744
0 637.44 23.679744 741.76 95.36025599999999
0 709.76 0.0 842.24 80.64
