0 11.703296 538.1506400000001 29.256704 549.84936
0 26.331136 519.1398800000001 52.663296 533.76328
0 33.645568 422.6234 52.663296 431.39812
0 46.811136 274.92468 57.051136 283.69872000000004
0 89.234432 447.4842 105.325568 451.87088
0 100.936704 13.1614 106.788864 17.54808
0 114.103296 236.90316 127.268864 250.06456
0 124.343296 336.34432 136.045568 342.19368
0 130.194432 421.1614 147.748864 441.63416
0 133.12 627.35508 147.748864 641.97848
0 141.896704 232.51579999999998 157.988864 239.82784
0 141.896704 291.01076 157.988864 302.70948
0 152.136704 318.79555999999997 171.154432 337.80631999999997
0 187.245568 348.04303999999996 194.56 350.96772
0 201.874432 326.1076 215.04 331.95696
0 207.725568 272.0 219.428864 280.77404
0 222.354432 220.81708 232.594432 226.66644
0 228.205568 223.74176 238.445568 238.36584000000002
0 228.205568 326.1076 239.908864 333.41964
0 231.131136 257.3766 235.52 261.76328
0 235.52 14.6234 245.76 23.398120000000002
0 247.223296 264.68796000000003 258.925568 267.61264
0 250.148864 216.4304 257.463296 220.81708
0 258.925568 207.65568 267.703296 210.58035999999998
0 270.628864 624.4304 298.423296 628.81708
0 285.256704 514.75252 304.274432 530.8386
0 314.514432 235.44116000000002 324.754432 245.6772
0 330.605568 466.49496 348.16 484.04304
0 333.531136 232.51579999999998 342.308864 241.29052000000001
0 334.994432 475.269 355.474432 488.4304
0 359.863296 181.33355999999998 368.64 187.18292
0 365.714432 187.18292 370.103296 195.95695999999998
0 374.491136 535.22596 390.583296 549.84936
0 378.88 188.64492 393.508864 197.41964
0 381.805568 377.29051999999996 394.971136 383.13988
0 384.731136 612.731 397.896704 628.81708
0 393.508864 429.93543999999997 400.823296 438.70948
0 394.971136 263.22596000000004 399.36 273.46268
0 406.674432 264.68796000000003 421.303296 272.0
0 409.6 593.72024 421.303296 605.41964
0 412.525568 185.72024000000002 422.765568 194.49496
0 416.914432 634.66644 427.154432 640.5158
0 418.376704 606.88164 428.616704 618.5803599999999
0 421.303296 459.18292 431.543296 466.49496
0 422.765568 124.30127999999999 431.543296 131.61264
0 425.691136 194.49496 441.783296 198.88163999999998
0 435.931136 296.86012 447.634432 299.78479999999996
0 449.096704 611.269 459.336704 621.50572
0 454.948864 519.1398800000001 485.668864 535.22596
0 457.874432 204.731 468.114432 213.50503999999998
0 457.874432 558.6234000000001 473.965568 574.70948
0 471.04 666.8386 492.983296 675.6126399999999
0 473.965568 593.72024 482.743296 599.5695999999999
0 476.891136 201.80632 491.52 210.58035999999998
0 495.908864 526.4519200000001 516.388864 538.1506400000001
0 509.074432 194.49496 520.776704 198.88163999999998
0 510.536704 367.05379999999997 523.703296 375.82784
0 533.943296 283.69872000000004 547.108864 293.93543999999997
0 539.794432 500.12912 557.348864 508.90316
0 554.423296 238.36584000000002 566.125568 251.52656
0 557.348864 611.269 585.143296 628.81708
0 588.068864 191.5696 596.845568 195.95695999999998
0 596.845568 647.82784 607.085568 653.6772
0 607.085568 505.97848 623.176704 510.36584000000005
0 617.325568 621.50572 636.343296 637.5911199999999
0 649.508864 472.34432000000004 665.6 484.04304
0 661.211136 665.3766 687.543296 678.53732
0 664.136704 532.30128 686.08 539.61264
0 677.303296 637.5911199999999 694.856704 646.36584
0 686.08 194.49496 697.783296 203.269
0 716.8 535.22596 734.354432 545.46268
0 725.576704 204.731 737.28 213.50503999999998
0 738.743296 456.25824 753.371136 469.41964
0 740.205568 153.54808 756.296704 159.39812
0 747.52 465.03228 776.776704 481.11836
0 762.148864 105.29052 765.074432 115.52655999999999
0 768.0 108.2152 779.703296 115.52655999999999
0 814.811136 99.44116000000001 823.588864 106.75251999999999
0 899.656704 342.19368 925.988864 359.74175999999994
0 909.896704 214.96771999999999 923.063296 226.66644
0 924.525568 551.3120399999999 937.691136 565.9354400000001
0 925.988864 412.38736 945.005568 418.23672
0 927.451136 207.65568 940.616704 214.96771999999999
0 931.84 157.93544 955.245568 166.70947999999999
0 933.303296 353.89239999999995 961.096704 368.51648
0 936.228864 429.93543999999997 953.783296 446.02152
0 953.783296 444.55884 974.263296 456.25824
0 955.245568 207.65568 966.948864 220.81708
0 969.874432 185.72024000000002 977.188864 193.03228
0 969.874432 321.72024 990.354432 333.41964
0 972.8 488.4304 985.965568 495.74176
0 972.8 536.68796 988.891136 548.38736
0 974.263296 340.73100000000005 993.28 349.50504
0 977.188864 478.19368000000003 997.668864 485.50504
0 993.28 152.08608 1009.371136 166.70947999999999
0 1002.056704 378.75251999999995 1015.223296 387.52655999999996
0 1012.296704 219.35508000000002 1018.148864 232.51579999999998
0 1018.148864 340.73100000000005 1022.536704 356.81708
