0 0.0 417.000192 33.000448 454.00012799999996
0 42.999808 149.999616 103.000064 186.000384
0 115.999744 321.00019199999997 165.000192 368.00025600000004
0 206.000128 402.00038399999994 236.000256 426.00038399999994
0 231.999488 300.99993600000005 270.000128 331.00032
0 296.999936 522.0003839999999 339.999744 567.999744
0 325.999616 248.000256 376.999936 278.99980800000003
0 508.99968 23.000064 567.000064 60.999936
0 524.000256 192.0 558.000128 216.99993600000002
0 538.999808 574.0001279999999 584.999936 620.000256
0 616.999936 370.000128 654.999552 403.00032
0 640.0 395.00006399999995 682.000384 433.99987200000004
0 654.999552 348.99993600000005 693.999616 384.0
0 664.000512 254.99980800000003 698.999808 285.00019199999997
0 691.00032 451.00032 721.000448 480.99993600000005
0 789.000192 244.99968 835.00032 291.99974399999996
0 892.000256 211.00032 935.000064 249.00019199999997
0 974.000128 215.00006399999998 1020.000256 252.0
0 990.999552 327.99974399999996 1013.999616 345.00019199999997
