0 266.999808 162.999999 867.999744 667.000042
0 0.0 420.999834 62.000128 489.999909
0 0.0 20.000289 71.000064 132.999907
0 0.0 580.000185 128.0 682.000088
0 0.0 436.99979199999996 211.999744 682.000088
0 0.0 26.999672999999998 339.999744 488.999997
0 72.999936 0.0 311.000064 101.999903
0 92.99968 572.0002059999999 158.999552 636.000038
0 142.000128 638.999774 225.999872 682.000088
0 199.999488 591.999812 295.999488 682.000088
0 291.00032 137.000238 416.0 224.00009500000002
0 311.000064 0.0 773.000192 301.000149
0 593.000448 0.0 830.999552 240.99996499999997
0 718.000128 529.999804 1022.999552 682.000088
0 771.999744 0.0 1022.999552 209.00004900000002
0 816.0 187.99984800000001 1022.999552 473.999951
