0 179.09524599999997 573.599744 196.684708 600.000512
0 203.88049 647.199744 214.27417 672.0
0 203.88049 585.6 221.469952 603.200512
0 218.27205400000003 579.2 239.06009600000002 600.000512
0 223.069242 658.400256 242.257994 684.8
0 247.854486 636.8 263.84534 659.999744
0 263.84534 620.8 272.640412 643.999744
0 267.043238 649.6 281.434802 664.800256
0 268.64252799999997 624.799744 295.027062 651.200512
0 284.63338200000004 620.8 315.01511800000003 647.199744
0 299.024946 559.200256 328.607378 591.200256
0 351.794014 299.200512 378.177866 332.8
