0 0.0 907.428864 77.746438 1022.857216
0 0.0 288.0 184.076438 309.71392
0 0.0 551.999488 548.8000000000001 761.143296
0 53.736438 313.143296 402.45356200000003 361.143296
0 54.88 885.71392 77.746438 914.285568
0 74.316438 924.571648 96.04 953.143296
0 82.32 882.285568 105.186438 910.857216
0 94.896438 956.571648 120.05 990.857216
0 102.89999999999999 889.143296 128.053562 912.0
0 126.91 949.71392 194.366438 1022.857216
0 153.206438 885.71392 174.93 910.857216
0 181.79000000000002 928.0 210.37356200000002 964.571136
0 181.79000000000002 397.714432 217.23356199999998 420.571136
0 181.79000000000002 458.28608 376.156438 545.142784
0 200.083562 870.856704 224.093562 910.857216
0 224.093562 972.571648 260.68 1003.428864
0 233.24 939.428864 256.106438 972.571648
0 245.816438 923.428864 270.97 949.71392
0 249.246438 898.285568 276.686438 924.571648
0 267.54 955.428864 296.123562 978.285568
0 280.116438 917.71392 302.983562 939.428864
0 292.693562 965.71392 309.84356199999996 993.142784
0 300.696438 13.714432 340.713562 32.0
0 324.706438 926.857216 353.29 962.285568
0 333.853562 370.285568 519.073562 411.428864
0 353.29 933.71392 376.156438 965.71392
0 360.15000000000003 42.28608 515.643562 58.28608
0 373.87 268.571648 433.323562 290.285568
0 376.156438 414.857216 684.856438 465.142784
0 385.303562 523.428864 399.023562 538.28608
0 392.163562 534.856704 402.45356200000003 547.428352
0 394.45 17.142784 516.786438 36.571136
0 456.19 958.857216 483.63 997.71392
0 496.206438 261.71392 516.786438 275.428352
0 503.066438 955.428864 531.65 988.571648
0 579.67 978.285568 604.823562 1010.285568
0 602.536438 373.71392 637.98 397.714432
0 640.266438 981.71392 659.703562 1010.285568
0 652.843562 1004.571648 674.5664380000001 1022.857216
