0 647.04 391.43062799999996 860.16 566.325729
0 0.0 374.133909 36.48 445.24461
0 11.52 334.413903 86.4 376.69583099999994
0 64.0 451.65077699999995 72.96 461.901189
0 80.0 441.401046 99.2 459.338586
0 129.92 609.248478 183.68 657.937254
0 132.48 475.35434399999997 188.8 535.574493
0 168.96 566.965869 188.8 589.388475
0 182.4 439.478583 191.36 452.932419
0 188.8 359.399112 247.68 406.806246
0 191.36 582.982308 237.44 618.2172479999999
0 200.32 521.480517 233.6 539.418738
0 204.16 167.847432 378.88 275.475396
0 213.76 488.167359 245.12 513.152568
0 241.28 564.403266 262.4 585.544911
0 241.28 606.685875 326.4 640.639854
0 268.8 546.465726 288.64 575.294499
0 282.88 480.47955 304.0 495.21434700000003
0 304.0 497.77695 326.4 521.480517
0 309.12 291.491154 360.32 329.288697
0 339.84 607.966836 356.48 622.0614929999999
0 341.12 399.118437 367.36 439.478583
0 357.76 555.434496 373.76 577.857102
0 912.64 424.103646 928.64 455.49502199999995
0 923.52 430.509813 944.64 456.775983
0 933.76 331.8513 1017.6 441.401046
0 994.56 434.354058 1012.48 461.901189
0 1007.36 446.525571 1023.36 476.635986
