0 1.999872 290.99980800000003 67.999744 384.99993600000005
0 3.999744 416.00025600000004 152.000512 555.999744
0 12.99968 192.99993600000002 74.000384 264.99993600000005
0 101.999616 146.999808 156.99968 216.0
0 106.000384 291.99974399999996 195.00032 376.99968
0 156.99968 228.0 234.000384 303.99974399999996
0 170.999808 134.999808 250.999808 221.999616
0 184.000512 360.99993600000005 252.99968 443.00006399999995
0 238.999552 255.999744 328.999936 372.99993600000005
0 288.0 640.99968 455.000064 767.000064
0 289.000448 110.999808 344.000512 164.000256
0 307.999744 170.999808 364.000256 248.000256
0 327.000064 368.00025600000004 417.000448 492.0
0 373.999616 66.000384 421.999616 123.99974399999999
0 389.000192 90.000384 442.999808 156.0
0 392.999936 197.999616 428.000256 287.00006399999995
0 412.99968 154.00012800000002 437.000192 190.00012800000002
0 417.000448 184.99967999999998 499.00032 287.00006399999995
0 440.999936 46.000128 499.00032 93.000192
0 446.999552 84.99993599999999 508.99968 154.00012800000002
0 462.999552 348.0 533.999616 448.99968
0 483.999744 37.999872 529.000448 96.99993599999999
0 503.000064 229.99987199999998 577.000448 319.00032
0 524.99968 42.000384 588.000256 100.99967999999998
0 524.99968 288.0 613.999616 413.99961600000006
0 531.00032 108.99993599999999 574.999552 156.0
0 533.000192 4.99968 570.999808 55.00032
0 547.999744 134.999808 622.000128 228.0
0 560.0 84.0 615.999488 135.999744
0 561.999872 2.9998080000000003 609.999872 69.000192
0 581.000192 474.00038399999994 664.999936 607.00032
0 586.999808 112.99967999999998 663.000064 191.000064
0 590.999552 217.99987199999998 638.999552 286.000128
0 611.00032 0.0 657.000448 40.99968
0 620.000256 419.00006399999995 720.0 516.999936
0 638.999552 213.00019199999997 721.000448 316.99968
0 645.000192 640.99968 728.999936 767.000064
0 693.000192 42.000384 723.999744 72.99993599999999
0 720.0 36.0 769.999872 90.000384
0 721.000448 157.99987199999998 780.99968 232.99968
0 723.00032 96.99993599999999 789.999616 152.000256
0 732.99968 0.0 771.00032 36.0
0 746.999808 372.0 812.000256 444.99993600000005
0 766.999552 162.000384 851.00032 238.00012800000002
0 768.0 296.00025600000004 871.000064 418.00012799999996
0 782.999552 31.00032 828.99968 75.999744
0 787.00032 234.000384 824.000512 264.0
0 794.000384 70.000128 828.000256 96.0
0 816.0 40.99968 871.999488 94.000128
0 821.999616 93.000192 883.00032 175.00032000000002
0 840.999936 0.9999359999999999 878.999552 38.999808
0 867.00032 0.0 901.999616 23.000064
0 871.999488 721.9998720000001 1002.999808 767.000064
0 878.000128 40.99968 922.999808 97.999872
0 883.00032 8.000256 926.999552 45.000192
0 906.999808 380.00025600000004 1006.999552 501.000192
0 908.99968 120.99993599999999 988.99968 196.99968
0 908.99968 330.000384 997.000192 408.0
0 922.999808 496.99968 1015.000064 651.999744
0 931.00032 67.00032 995.00032 129.000192
0 933.999616 260.00025600000004 1016.000512 341.999616
0 945.999872 7.00032 988.99968 49.999871999999996
0 979.999744 26.999808 1022.999552 81.000192
0 986.999808 0.9999359999999999 1022.000128 19.000320000000002
