0 0.0 80.000256 8.96 96.63974400000001
0 0.0 227.840256 8.96 267.519744
0 0.0 508.160256 49.92 560.000256
0 10.24 96.63974400000001 36.48 115.19999999999999
0 25.6 111.35999999999999 51.2 135.03974399999998
0 31.36 88.959744 52.48 108.80025599999999
0 40.32 153.60000000000002 73.6 186.879744
0 42.88 360.320256 66.56 395.52
0 55.04 292.479744 82.56 323.199744
0 69.76 139.520256 88.32 148.479744
0 81.28 157.44 110.72 179.199744
0 134.4 201.60000000000002 168.96 232.959744
0 161.92 232.959744 199.04 268.79999999999995
0 185.6 426.24 227.2 452.480256
0 217.6 337.92 245.12 359.04
0 252.16 426.24 269.44 447.36
0 278.4 382.719744 307.84 418.56000000000006
0 278.4 488.319744 359.04 556.160256
0 284.8 690.560256 373.76 767.360256
0 613.12 600.96 651.52 663.039744
