0 316.272084 570.24 409.745232 648.96
0 112.68021 679.68 177.343104 755.2
0 151.093656 627.2 203.59187400000002 688.64
0 192.70793999999998 691.84 243.926094 748.16
0 208.714164 611.2 263.133156 681.6
0 252.249222 676.48 317.552148 739.2
0 291.303378 613.12 341.88082199999997 679.68
0 297.705054 730.24 359.16711000000004 781.44
0 364.288722 624.0 435.994002 669.44
0 399.50133 730.24 469.285836 781.44
0 455.201064 660.48 513.4616040000001 705.92
0 514.742346 608.0 578.124498 656.64
0 514.742346 693.76 580.045272 758.4
0 585.166884 663.68 677.359968 786.56
