0 312.32 303.69799900000004 428.8 453.62469500000003
0 0.0 404.289556 397.44 682.359346
0 41.6 28.191508 320.0 246.674329
0 117.76 289.602245 183.68 350.469839
0 188.8 269.739922 256.64 330.608199
0 251.52 246.674329 346.24 329.326208
0 392.32 319.715715 431.36 359.439678
0 393.6 447.21747200000004 478.72 524.744119
0 401.28 495.91195700000003 522.24 581.1264520000001
0 402.56 569.5939970000001 571.52 682.359346
0 465.28 370.97281599999997 512.64 424.79253300000005
0 504.96 360.721669 582.4 429.27779400000003
0 507.52 329.326208 565.12 356.877062
0 507.52 342.140654 578.56 383.146608
0 533.76 290.883553 606.08 354.314446
0 570.24 415.82269399999996 617.6 460.672572
0 578.56 310.745876 713.6 435.685017
0 629.76 145.442118 821.12 308.182577
0 673.92 372.254124 797.44 495.91195700000003
0 722.56 604.832699 882.56 682.359346
0 737.28 195.417228 889.6 351.75114700000006
0 777.6 4.485261 1008.64 215.920205
0 849.92 240.90776 947.2 343.421962
0 860.16 373.53543199999996 951.04 455.546657
0 957.44 536.917228 1023.36 608.677306
0 994.56 392.116447 1023.36 483.097511
