0 0.0 558.080256 98.56 662.4000000000001
0 5.12 753.920256 12.8 761.600256
0 11.52 734.079744 30.08 757.760256
0 17.92 759.039744 40.32 767.360256
0 56.32 740.480256 83.2 767.360256
0 64.64 705.920256 72.32 715.520256
0 108.16 736.640256 128.0 755.199744
0 128.0 547.839744 134.4 557.439744
0 129.28 724.479744 179.2 748.8
0 145.28 465.27974399999994 158.72 471.680256
0 152.32 748.8 181.12 767.360256
0 160.0 416.64 168.96 423.03974400000004
0 178.56 420.48 184.96 426.879744
0 186.24 743.04 200.96 757.760256
0 198.4 419.199744 204.8 423.03974400000004
0 206.08 530.559744 209.92 537.5999999999999
0 206.08 415.359744 236.8 428.15999999999997
