0 17.600512 498.39974400000006 94.400512 577.599744
0 20.799488 632.7997439999999 48.799744 651.2002560000001
0 22.4 591.2002560000001 39.199744 604.8
0 30.399488 647.199744 50.400256 671.199744
0 39.199744 608.7997439999999 58.399744 628.8
0 75.199488 467.199744 146.400256 522.399744
0 76.8 610.400256 103.199744 632.7997439999999
0 151.199744 671.199744 166.4 688.8
0 167.199744 551.199744 188.8 570.399744
0 178.400256 687.2002560000001 203.199488 710.4000000000001
0 194.400256 531.2002560000001 235.199488 554.4000000000001
0 203.199488 676.8 220.8 691.2
0 219.199488 606.399744 288.799744 675.2002560000001
0 248.800256 522.399744 276.799488 547.2
0 855.199744 551.199744 875.200512 571.2
0 866.400256 624.800256 886.4 644.7997439999999
0 876.8 580.8 898.400256 606.399744
0 878.400512 543.2002560000001 898.400256 560.7997439999999
0 886.4 623.199744 912.799744 658.400256
0 920.800256 538.400256 979.2 624.800256
0 999.199744 586.400256 1015.199744 604.8
