0 134.39999999999998 238.07999999999998 195.84 291.84000000000003
0 149.76 491.52 197.76 533.76
0 195.84 213.12 243.84 263.04
0 211.20000000000002 503.04 251.52 539.52
0 318.71999999999997 168.96 370.56 220.79999999999998
0 370.56 414.72 418.56000000000006 468.48
0 420.48 397.43999999999994 480.0 447.36
0 474.24 516.48 528.0 558.72
0 518.4000000000001 570.24 562.5600000000001 597.12
0 526.08 393.59999999999997 591.36 455.04
0 554.88 38.400000000000006 604.8 82.56
0 593.28 414.72 635.52 466.56000000000006
0 612.48 197.76 672.0 243.84
0 614.4000000000001 132.48 683.52 190.07999999999998
0 662.4000000000001 312.96 723.84 370.56
0 708.48 460.79999999999995 754.5600000000001 518.4000000000001
