0 0.0 194.754423 1023.36 582.341487
0 17.28 571.450935 56.96 618.858069
0 93.44 608.607657 134.4 656.655612
0 151.04 178.738665 234.24 283.803345
0 169.6 654.093009 222.08 680.359179
0 240.64 583.622448 285.44 620.13903
0 254.72 188.348256 323.2 279.959781
0 304.64 552.871893 426.88 672.67137
0 470.4 579.138063 583.04 680.359179
0 590.72 604.123272 611.84 636.155469
0 610.56 132.612492 744.32 182.58222899999998
0 656.64 537.496956 677.12 559.9188809999999
0 684.16 626.545878 699.52 646.4052
0 686.72 592.591899 712.96 623.9832749999999
0 757.76 593.87286 782.08 620.13903
0 773.12 126.20632499999999 870.4 190.91085900000002
0 805.76 595.154502 834.56 625.264236
0 805.76 626.545878 850.56 675.233973
0 896.64 643.842597 926.72 680.359179
