0 568.32 576.641874 584.32 592.65959
0 585.6 530.510005 600.96 550.372328
0 622.08 515.1329430000001 645.76 559.342167
0 630.4 476.690288 647.04 501.67852600000003
0 659.2 493.989995 672.0 506.80375799999996
0 672.0 476.690288 686.72 495.27130300000005
0 694.4 531.7919959999999 709.12 551.653636
0 695.68 480.534895 705.92 512.570327
0 714.24 465.79848699999997 725.12 494.630649
0 715.52 571.515959 735.36 593.940898
0 718.08 491.42669600000005 739.2 518.9775500000001
0 723.2 521.540166 739.2 536.917228
0 748.16 575.360566 768.0 591.378282
0 754.56 488.86407999999994 776.96 504.24114199999997
0 769.28 561.905466 794.24 586.893021
0 773.12 639.43143 799.36 663.1376769999999
0 792.96 492.708004 815.36 524.103465
0 803.2 571.515959 817.92 596.503514
0 809.6 466.43914099999995 828.16 500.396535
0 812.16 526.666081 894.08 575.360566
0 817.92 658.0124450000001 830.72 680.4373840000001
0 833.28 665.700976 856.96 682.359346
0 851.84 577.923182 876.8 601.629429
0 864.64 620.2104439999999 880.64 639.43143
