0 0.0 152.31974400000001 11.52 170.88
0 0.0 177.279744 11.52 206.720256
0 0.0 252.800256 11.52 272.64
0 0.0 210.56025599999998 14.08 243.84
0 0.0 0.0 23.68 18.560256000000003
0 0.0 128.64000000000001 27.52 151.040256
0 0.0 500.480256 32.64 558.72
0 2.56 437.120256 67.2 481.91999999999996
0 6.4 641.28 59.52 693.12
0 18.56 103.68 156.16 214.400256
0 31.36 71.679744 55.04 91.52025599999999
0 31.36 735.999744 80.64 767.360256
0 43.52 329.600256 80.64 364.160256
0 44.8 222.71999999999997 84.48 248.960256
0 55.04 567.680256 218.24 760.959744
0 56.96 37.119744 84.48 55.67999999999999
0 63.36 1.92 85.76 18.560256000000003
0 65.92 286.08 93.44 318.080256
0 79.36 320.64 104.32 350.720256
0 80.64 34.56 97.92 54.399744
0 93.44 67.839744 113.28 83.840256
0 99.2 29.439743999999997 144.0 71.679744
0 110.72 402.56025600000004 147.84 427.520256
0 142.72 55.67999999999999 229.76 143.360256
0 147.84 202.88025599999997 182.4 226.56
0 147.84 428.799744 198.4 485.76
0 150.4 738.560256 188.8 767.360256
0 157.44 148.479744 182.4 165.759744
0 174.08 447.36 198.4 487.040256
0 176.0 489.59999999999997 223.36 522.8797440000001
0 177.28 266.240256 212.48 308.480256
0 182.4 143.360256 211.2 165.759744
0 184.96 387.84000000000003 229.76 418.56000000000006
0 186.24 10.880256000000001 213.76 33.279744
0 190.08 321.920256 238.08 361.599744
0 195.84 509.43974399999996 250.88 563.840256
0 206.08 284.79974400000003 257.92 324.48
0 208.64 220.160256 288.0 272.64
0 209.92 5.76 260.48 72.96000000000001
0 216.96 459.519744 241.92 481.91999999999996
0 218.24 418.56000000000006 255.36 452.480256
0 218.24 591.36 268.16 629.76
0 220.8 129.920256 405.76 256.640256
0 231.04 635.52 268.16 660.48
0 233.6 542.7202560000001 272.0 571.520256
0 238.08 665.600256 272.0 690.560256
0 241.92 70.400256 336.0 122.240256
0 245.76 690.560256 270.72 730.239744
0 247.04 390.39974400000006 282.88 417.27974399999994
0 259.2 672.0 296.32 693.12
0 259.2 705.2797439999999 300.16 742.400256
0 263.04 581.1202559999999 316.16 620.7997439999999
0 269.44 264.96 396.8 320.64
0 270.72 545.28 301.44 578.559744
0 273.28 15.999744 298.88 42.879744
0 286.72 327.03974400000004 399.36 390.39974400000006
0 290.56 395.52 323.84 421.11974399999997
0 302.72 635.52 359.68 681.5999999999999
0 309.12 624.639744 351.36 641.919744
0 310.4 551.679744 352.64 591.36
0 321.28 459.519744 355.84 485.76
0 322.56 8.319744 344.96 28.160255999999997
0 327.68 521.600256 383.36 558.72
0 332.8 664.3199999999999 376.96 720.0
0 336.0 474.879744 374.4 501.75974400000007
0 341.12 32.000256 436.48 108.80025599999999
0 348.8 558.72 384.64 592.640256
0 358.4 402.56025600000004 388.48 430.08000000000004
0 362.24 467.199744 392.32 492.159744
0 362.24 492.159744 414.08 524.16
0 374.4 741.12 415.36 767.360256
0 375.68 568.959744 414.08 619.520256
0 376.96 440.96025599999996 423.04 479.36025600000005
0 379.52 386.559744 401.92 406.400256
0 388.48 631.040256 430.72 684.159744
0 407.04 179.199744 470.4 292.479744
0 408.32 508.160256 458.88 546.560256
0 410.88 453.75974400000007 451.84 485.76
0 415.36 584.960256 458.88 628.479744
0 415.36 714.8797440000001 465.28 767.360256
0 421.76 340.479744 446.72 370.56
0 425.6 423.680256 467.84 455.04
0 441.6 4.479744 460.16 15.999744
0 450.56 56.960256 473.6 74.240256
0 451.84 122.240256 485.12 148.479744
0 451.84 655.359744 496.0 689.28
0 455.04 75.519744 487.68 95.36025599999999
0 455.04 473.60025599999994 498.56 508.160256
0 460.16 321.920256 574.08 421.11974399999997
0 461.44 567.680256 514.56 602.2402559999999
0 467.84 513.2797439999999 499.84 538.880256
0 467.84 151.040256 502.4 174.72
0 471.68 173.43974400000002 586.88 333.44025600000003
0 474.88 433.91999999999996 524.8 473.60025599999994
0 494.72 530.559744 535.68 563.840256
0 496.0 687.999744 556.16 746.88
0 502.4 505.599744 543.36 542.7202560000001
0 504.96 452.480256 561.92 506.88
0 513.28 69.12 686.08 160.640256
0 520.96 576.0 581.76 624.639744
0 533.12 415.359744 569.6 443.52
0 534.4 443.52 568.32 463.359744
0 540.8 650.88 577.92 689.28
0 563.2 438.39974400000006 589.44 468.48
0 567.04 369.279744 596.48 389.120256
0 574.08 173.43974400000002 605.44 188.16
0 574.08 447.36 612.48 483.200256
0 579.2 25.599744 599.04 55.67999999999999
0 583.04 526.719744 645.12 578.559744
0 589.44 375.680256 636.16 422.40000000000003
0 595.2 478.08000000000004 632.32 512.000256
0 597.76 282.24 637.44 316.160256
0 602.88 707.840256 640.0 744.96
0 610.56 748.8 641.28 767.360256
0 610.56 426.24 656.0 465.920256
0 610.56 241.28025599999998 661.12 276.48
0 613.76 460.79999999999995 663.68 505.599744
0 621.44 210.56025599999998 664.96 238.71974400000002
0 622.72 168.320256 648.96 193.28025599999998
0 625.28 190.719744 653.44 210.56025599999998
0 652.16 336.0 693.12 361.599744
0 675.84 225.279744 714.24 251.52
0 679.68 165.759744 720.64 195.84
0 682.24 122.240256 741.76 163.2
0 684.8 746.2402559999999 735.36 767.360256
0 686.08 273.920256 711.68 299.52
0 740.48 81.279744 776.32 124.80000000000001
0 759.04 113.919744 781.44 136.32
0 764.16 161.91974399999998 803.84 190.719744
0 780.16 80.000256 810.88 103.68
0 793.6 42.879744 824.96 67.839744
0 807.68 529.280256 851.84 574.08
0 874.24 739.839744 904.32 767.360256
0 885.76 90.24 915.2 117.759744
0 940.16 566.4000000000001 983.68 619.520256
0 957.44 521.600256 1022.08 579.84
