0 0.0 0.0 34.56 44.160000000000004
0 55.68 0.0 106.24 57.599999999999994
0 135.04 49.280256 192.0 108.80025599999999
0 182.4 0.0 239.36 33.279744
0 238.08 0.639744 302.72 62.720256000000006
0 280.32 353.28000000000003 346.88 421.11974399999997
0 282.88 287.36025600000005 338.56 357.759744
0 286.08 228.48 339.84 292.479744
0 292.48 81.279744 346.88 145.92000000000002
0 304.64 0.0 366.72 42.879744
0 325.76 309.759744 395.52 380.15999999999997
0 352.0 263.679744 418.56 331.520256
0 405.12 124.80000000000001 473.6 193.28025599999998
0 440.32 23.04 509.44 82.56
0 471.04 159.35999999999999 529.28 230.39999999999998
0 493.44 102.399744 568.96 169.599744
0 499.84 0.0 572.8 45.440256
