0 67.84 0.0 150.4 125.44
0 120.32 92.8 202.88 155.51999999999998
0 142.72 534.4 241.28 639.36
0 144.0 430.72 240.0 519.0400000000001
0 144.0 171.52 241.28 321.92
0 158.72 0.0 293.76 37.120000000000005
0 195.2 37.120000000000005 320.0 167.04000000000002
0 199.04 369.28 287.36 455.67999999999995
0 259.84 261.76 369.92 414.08000000000004
0 343.68 272.0 503.68 455.67999999999995
0 367.36 0.0 503.68 33.28
0 419.84 449.28 621.44 576.64
0 451.2 139.52 860.16 508.16
0 780.16 0.0 933.76 32.0
0 784.64 220.79999999999998 977.28 439.04
0 826.24 401.92 1023.36 584.32
0 973.44 0.0 1023.36 55.67999999999999
0 995.84 71.68 1023.36 225.27999999999997
