2 0.4125 0.515625 0.4609375 0.515625 0.4609375 0.5875 0.4125 0.5875
2 0.365625 0.6703125 0.4046875 0.6703125 0.4046875 0.7359375 0.365625 0.7359375
2 0.396875 0.6640625 0.440625 0.6640625 0.440625 0.734375 0.396875 0.734375
2 0.290625 0.6890625 0.328125 0.6890625 0.328125 0.7546875 0.290625 0.7546875
2 0.2796875 0.5375 0.33125 0.5375 0.33125 0.5875 0.2796875 0.5875
2 0.3296875 0.5546875 0.390625 0.5546875 0.390625 0.609375 0.3296875 0.609375
2 0.359375 0.453125 0.396875 0.453125 0.396875 0.525 0.359375 0.525
2 0.4 0.3828125 0.4296875 0.3828125 0.4296875 0.459375 0.4 0.459375
2 0.3359375 0.375 0.390625 0.375 0.390625 0.4625 0.3359375 0.4625
2 0.196875 0.5828125 0.2359375 0.5828125 0.2359375 0.6703125 0.196875 0.6703125
2 0.2484375 0.4921875 0.278125 0.4921875 0.278125 0.540625 0.2484375 0.540625