2 0.409375 0.60625 0.4890625 0.60625 0.4890625 0.7046875 0.409375 0.7046875
2 0.4375 0.7734375 0.50625 0.7734375 0.50625 0.8609375 0.4375 0.8609375
2 0.4625 0.75625 0.5375 0.75625 0.5375 0.8515625 0.4625 0.8515625
2 0.3796875 0.81875 0.446875 0.81875 0.446875 0.9046875 0.3796875 0.9046875
2 0.3015625 0.671875 0.3734375 0.671875 0.3734375 0.75 0.3015625 0.75
2 0.353125 0.665625 0.4375 0.665625 0.4375 0.75625 0.353125 0.75625
2 0.334375 0.5703125 0.4046875 0.5703125 0.4046875 0.6609375 0.334375 0.6609375
2 0.3390625 0.4921875 0.403125 0.4921875 0.403125 0.584375 0.3390625 0.584375
2 0.2765625 0.49375 0.3703125 0.49375 0.3703125 0.6125 0.2765625 0.6125
2 0.246875 0.746875 0.3265625 0.746875 0.3265625 0.8546875 0.246875 0.8546875
2 0.253125 0.646875 0.3046875 0.646875 0.3046875 0.7125 0.253125 0.7125