2 0.365625 0.5265625 0.4203125 0.5265625 0.4203125 0.5984375 0.365625 0.5984375
2 0.3078125 0.6796875 0.3546875 0.6796875 0.3546875 0.746875 0.3078125 0.746875
2 0.3390625 0.6734375 0.3890625 0.6734375 0.3890625 0.746875 0.3390625 0.746875
2 0.2328125 0.6984375 0.275 0.6984375 0.275 0.7640625 0.2328125 0.7640625
2 0.2328125 0.546875 0.2875 0.546875 0.2875 0.5984375 0.2328125 0.5984375
2 0.28125 0.5640625 0.346875 0.5640625 0.346875 0.621875 0.28125 0.621875
2 0.315625 0.4640625 0.359375 0.4640625 0.359375 0.5359375 0.315625 0.5359375
2 0.3609375 0.39375 0.396875 0.39375 0.396875 0.4703125 0.3609375 0.4703125
2 0.2953125 0.3828125 0.359375 0.3828125 0.359375 0.4734375 0.2953125 0.4734375
2 0.14375 0.590625 0.190625 0.590625 0.190625 0.6796875 0.14375 0.6796875
2 0.2046875 0.5015625 0.2375 0.5015625 0.2375 0.5515625 0.2046875 0.5515625