4 0.6515625 0.8078125 0.6984375 0.8078125 0.6984375 0.928125 0.6515625 0.928125
4 0.5796875 0.7890625 0.6203125 0.7890625 0.6203125 0.890625 0.5796875 0.890625
4 0.54375 0.6625 0.575 0.6625 0.575 0.83125 0.54375 0.83125
4 0.6671875 0.6640625 0.70625 0.6640625 0.70625 0.7703125 0.6671875 0.7703125
4 0.275 0.6890625 0.31875 0.6890625 0.31875 0.8296875 0.275 0.8296875
4 0.3578125 0.684375 0.3859375 0.684375 0.3859375 0.7453125 0.3578125 0.7453125
4 0.55 0.359375 0.6 0.359375 0.6 0.4890625 0.55 0.4890625
4 0.240625 0.34375 0.303125 0.34375 0.303125 0.5125 0.240625 0.5125
4 0.2984375 0.484375 0.340625 0.484375 0.340625 0.5609375 0.2984375 0.5609375
4 0.346875 0.2796875 0.403125 0.2796875 0.403125 0.346875 0.346875 0.346875
4 0.1828125 0.3828125 0.2296875 0.3828125 0.2296875 0.4609375 0.1828125 0.4609375
4 0.1328125 0.2578125 0.1890625 0.2578125 0.1890625 0.4125 0.1328125 0.4125
4 0.1421875 0.0640625 0.20625 0.0640625 0.20625 0.1359375 0.1421875 0.1359375