3 0.853125 0.5671875 0.91875 0.5671875 0.91875 0.6875 0.853125 0.6875
3 0.6984375 0.5859375 0.8078125 0.5859375 0.8078125 0.8140625 0.6984375 0.8140625
4 0.6421875 0.659375 0.7 0.659375 0.7 0.846875 0.6421875 0.846875
4 0.5765625 0.775 0.6203125 0.775 0.6203125 0.8828125 0.5765625 0.8828125
4 0.6625 0.3 0.734375 0.3 0.734375 0.4640625 0.6625 0.4640625
4 0.534375 0.19375 0.6140625 0.19375 0.6140625 0.2796875 0.534375 0.2796875
4 0.3671875 0.259375 0.4546875 0.259375 0.4546875 0.528125 0.3671875 0.528125
4 0.215625 0.2890625 0.253125 0.2890625 0.253125 0.4140625 0.215625 0.4140625
4 0.0703125 0.0953125 0.1609375 0.0953125 0.1609375 0.3046875 0.0703125 0.3046875
4 0.2375 0.7328125 0.3 0.7328125 0.3 0.925 0.2375 0.925
4 0.13125 0.41875 0.165625 0.41875 0.165625 0.5015625 0.13125 0.5015625