3 0.65625 0.69375 0.74375 0.69375 0.74375 0.8140625 0.65625 0.8140625
4 0.5375 0.7609375 0.640625 0.7609375 0.640625 0.9453125 0.5375 0.9453125
4 0.43125 0.359375 0.596875 0.359375 0.596875 0.65625 0.43125 0.65625
4 0.6609375 0.471875 0.7609375 0.471875 0.7609375 0.634375 0.6609375 0.634375
4 0.6625 0.36875 0.75 0.36875 0.75 0.4671875 0.6625 0.4671875
4 0.4234375 0.8390625 0.490625 0.8390625 0.490625 0.9421875 0.4234375 0.9421875
4 0.1359375 0.696875 0.253125 0.696875 0.253125 0.9046875 0.1359375 0.9046875
4 0.1140625 0.38125 0.18125 0.38125 0.18125 0.478125 0.1140625 0.478125
4 0.209375 0.1015625 0.36875 0.1015625 0.36875 0.340625 0.209375 0.340625
4 0.3328125 0.340625 0.3984375 0.340625 0.3984375 0.453125 0.3328125 0.453125
4 0.4953125 0.725 0.56875 0.725 0.56875 0.84375 0.4953125 0.84375