3 0.765625 0.55 0.81875 0.55 0.81875 0.653125 0.765625 0.653125
4 0.696875 0.65 0.74375 0.65 0.74375 0.81875 0.696875 0.81875
4 0.5 0.3 0.578125 0.3 0.578125 0.5703125 0.5 0.5703125
4 0.7109375 0.3375 0.7640625 0.3375 0.7640625 0.48125 0.7109375 0.48125
4 0.6578125 0.246875 0.7203125 0.246875 0.7203125 0.3234375 0.6578125 0.3234375
4 0.590625 0.7703125 0.628125 0.7703125 0.628125 0.8609375 0.590625 0.8609375
4 0.30625 0.728125 0.3625 0.728125 0.3625 0.9171875 0.30625 0.9171875
4 0.1515625 0.446875 0.1921875 0.446875 0.1921875 0.5296875 0.1515625 0.5296875
4 0.1890625 0.140625 0.2828125 0.140625 0.2828125 0.346875 0.1890625 0.346875
4 0.3484375 0.3328125 0.38125 0.3328125 0.38125 0.434375 0.3484375 0.434375
4 0.625 0.6359375 0.665625 0.6359375 0.665625 0.740625 0.625 0.740625