3 0.846875 0.2921875 0.959375 0.2921875 0.959375 0.440625 0.846875 0.440625
3 0.7171875 0.3625 0.9140625 0.3625 0.9140625 0.6328125 0.7171875 0.6328125
4 0.696875 0.4828125 0.83125 0.4828125 0.83125 0.6890625 0.696875 0.6890625
4 0.6890625 0.6265625 0.7765625 0.6265625 0.7765625 0.75 0.6890625 0.75
4 0.559375 0.1578125 0.6953125 0.1578125 0.6953125 0.346875 0.559375 0.346875
4 0.396875 0.1296875 0.50625 0.1296875 0.50625 0.2515625 0.396875 0.2515625
4 0.275 0.2625 0.471875 0.2625 0.471875 0.559375 0.275 0.559375
4 0.153125 0.3984375 0.240625 0.3984375 0.240625 0.5328125 0.153125 0.5328125
4 0 0.2765625 0.109375 0.2765625 0.109375 0.5125 0 0.5125
4 0.3671875 0.753125 0.5078125 0.753125 0.5078125 0.9640625 0.3671875 0.9640625
4 0.1328125 0.55625 0.2 0.55625 0.2 0.6515625 0.1328125 0.6515625