4 0.5578125 0.9703125 0.5953125 0.9703125 0.5953125 1 0.5578125 1
4 0.5359375 0.9296875 0.5859375 0.9296875 0.5859375 1 0.5359375 1
4 0.56875 0.7921875 0.634375 0.7921875 0.634375 0.9203125 0.56875 0.9203125
4 0.4515625 0.8734375 0.5203125 0.8734375 0.5203125 0.9875 0.4515625 0.9875
4 0.4125 0.746875 0.484375 0.746875 0.484375 0.9125 0.4125 0.9125
4 0.503125 0.459375 0.5765625 0.459375 0.5765625 0.6046875 0.503125 0.6046875
4 0.178125 0.7046875 0.2484375 0.7046875 0.2484375 0.8453125 0.178125 0.8453125
4 0.2046875 0.390625 0.2859375 0.390625 0.2859375 0.54375 0.2046875 0.54375
4 0.3296875 0.3453125 0.3921875 0.3453125 0.3921875 0.409375 0.3296875 0.409375
4 0.14375 0.265625 0.2203125 0.265625 0.2203125 0.403125 0.14375 0.403125
4 0.1703125 0.38125 0.2296875 0.38125 0.2296875 0.4765625 0.1703125 0.4765625
4 0.2109375 0.0796875 0.2671875 0.0796875 0.2671875 0.1421875 0.2109375 0.1421875
4 0.3765625 0.1171875 0.4171875 0.1171875 0.4171875 0.1984375 0.3765625 0.1984375