4 0.5359375 0.7671875 0.609375 0.7671875 0.609375 0.9 0.5359375 0.9
4 0.4765625 0.740625 0.5390625 0.740625 0.5390625 0.8546875 0.4765625 0.8546875
4 0.4546875 0.6109375 0.525 0.6109375 0.525 0.790625 0.4546875 0.790625
4 0.5875 0.625 0.6515625 0.625 0.6515625 0.74375 0.5875 0.74375
4 0.1921875 0.6078125 0.26875 0.6078125 0.26875 0.7625 0.1921875 0.7625
4 0.2921875 0.6125 0.334375 0.6125 0.334375 0.6828125 0.2921875 0.6828125
4 0.5390625 0.3078125 0.6171875 0.3078125 0.6171875 0.4515625 0.5390625 0.4515625
4 0.2328125 0.2578125 0.3328125 0.2578125 0.3328125 0.4453125 0.2328125 0.4453125
4 0.2765625 0.4046875 0.3359375 0.4046875 0.3359375 0.4953125 0.2765625 0.4953125
4 0.375 0.2046875 0.4453125 0.2046875 0.4453125 0.290625 0.375 0.290625
4 0.1875 0.2921875 0.253125 0.2921875 0.253125 0.3859375 0.1875 0.3859375
4 0.15 0.1609375 0.2421875 0.1609375 0.2421875 0.3328125 0.15 0.3328125
4 0.2234375 0 0.303125 0 0.303125 0.059375 0.2234375 0.059375