4 0.6609375 0.9125 0.728125 0.9125 0.728125 1 0.6609375 1
4 0.5890625 0.890625 0.6453125 0.890625 0.6453125 1 0.5890625 1
4 0.5375 0.759375 0.596875 0.759375 0.596875 0.9421875 0.5375 0.9421875
4 0.6625 0.7671875 0.71875 0.7671875 0.71875 0.8890625 0.6625 0.8890625
4 0.2734375 0.7703125 0.340625 0.7703125 0.340625 0.9296875 0.2734375 0.9296875
4 0.3578125 0.771875 0.3953125 0.771875 0.3953125 0.84375 0.3578125 0.84375
4 0.5140625 0.45 0.5859375 0.45 0.5859375 0.5984375 0.5140625 0.5984375
4 0.2015625 0.415625 0.29375 0.415625 0.29375 0.6078125 0.2015625 0.6078125
4 0.2765625 0.5640625 0.3328125 0.5640625 0.3328125 0.65625 0.2765625 0.65625
4 0.3046875 0.3578125 0.371875 0.3578125 0.371875 0.4453125 0.3046875 0.4453125
4 0.1515625 0.4546875 0.2125 0.4546875 0.2125 0.55 0.1515625 0.55
4 0.0859375 0.3234375 0.1703125 0.3234375 0.1703125 0.4984375 0.0859375 0.4984375
4 0.078125 0.1265625 0.1546875 0.1265625 0.1546875 0.2203125 0.078125 0.2203125