4 0.9296875 0.73125 0.9953125 0.73125 0.9953125 0.8078125 0.9296875 0.8078125
4 0.884375 0.7125 0.9625 0.7125 0.9625 0.7984375 0.884375 0.7984375
4 0.79375 0.5828125 0.903125 0.5828125 0.903125 0.70625 0.79375 0.70625
4 0.8 0.728125 0.903125 0.728125 0.903125 0.8421875 0.8 0.8421875
4 0.6828125 0.665625 0.8125 0.665625 0.8125 0.8203125 0.6828125 0.8203125
4 0.4875 0.3984375 0.609375 0.3984375 0.609375 0.5375 0.4875 0.5375
4 0.5265625 0.8203125 0.64375 0.8203125 0.64375 0.95625 0.5265625 0.95625
4 0.28125 0.5765625 0.4140625 0.5765625 0.4140625 0.725 0.28125 0.725
4 0.29375 0.4609375 0.36875 0.4609375 0.36875 0.5359375 0.29375 0.5359375
4 0.1453125 0.540625 0.265625 0.540625 0.265625 0.6765625 0.1453125 0.6765625
4 0.2484375 0.6125 0.3375 0.6125 0.3375 0.7078125 0.2484375 0.7078125
4 0.03125 0.3765625 0.084375 0.3765625 0.084375 0.446875 0.03125 0.446875
4 0.1328125 0.28125 0.2015625 0.28125 0.2015625 0.359375 0.1328125 0.359375