3 0.85625 0.609375 0.9453125 0.609375 0.9453125 0.75625 0.85625 0.75625
3 0.7078125 0.6296875 0.8625 0.6296875 0.8625 0.896875 0.7078125 0.896875
4 0.6671875 0.7171875 0.7640625 0.7171875 0.7640625 0.9265625 0.6671875 0.9265625
4 0.6265625 0.840625 0.69375 0.840625 0.69375 0.965625 0.6265625 0.965625
4 0.615625 0.35 0.7203125 0.35 0.7203125 0.540625 0.615625 0.540625
4 0.46875 0.2484375 0.5640625 0.2484375 0.5640625 0.3625 0.46875 0.3625
4 0.315625 0.3234375 0.459375 0.3234375 0.459375 0.625 0.315625 0.625
4 0.175 0.371875 0.2390625 0.371875 0.2390625 0.5109375 0.175 0.5109375
4 0 0.175 0.125 0.175 0.125 0.4171875 0 0.4171875
4 0.2859375 0.8140625 0.3890625 0.8140625 0.3890625 1 0.2859375 1
4 0.11875 0.509375 0.16875 0.509375 0.16875 0.6046875 0.11875 0.6046875