3 0.78125 0.5296875 0.890625 0.5296875 0.890625 0.665625 0.78125 0.665625
4 0.7828125 0.653125 0.925 0.653125 0.925 0.846875 0.7828125 0.846875
4 0.41875 0.36875 0.6453125 0.36875 0.6453125 0.68125 0.41875 0.68125
4 0.6140625 0.34375 0.7453125 0.34375 0.7453125 0.51875 0.6140625 0.51875
4 0.515625 0.2703125 0.6171875 0.2703125 0.6171875 0.3875 0.515625 0.3875
4 0.7671875 0.8078125 0.853125 0.8078125 0.853125 0.921875 0.7671875 0.921875
4 0.509375 0.85625 0.66875 0.85625 0.66875 1 0.509375 1
4 0.2203125 0.6484375 0.303125 0.6484375 0.303125 0.7546875 0.2203125 0.7546875
4 0.0703125 0.3140625 0.275 0.3140625 0.275 0.5765625 0.0703125 0.5765625
4 0.315625 0.4734375 0.403125 0.4734375 0.403125 0.5953125 0.315625 0.5953125
4 0.7171875 0.6671875 0.8140625 0.6671875 0.8140625 0.7953125 0.7171875 0.7953125