4 0.7015625 0.859375 0.7203125 0.859375 0.7203125 0.934375 0.7015625 0.934375
4 0.6703125 0.8265625 0.7015625 0.8265625 0.7015625 0.9015625 0.6703125 0.9015625
4 0.678125 0.6828125 0.715625 0.6828125 0.715625 0.7984375 0.678125 0.7984375
4 0.5828125 0.7984375 0.6265625 0.7984375 0.6265625 0.8984375 0.5828125 0.8984375
4 0.5265625 0.684375 0.5609375 0.684375 0.5609375 0.8390625 0.5265625 0.8390625
4 0.5375 0.38125 0.578125 0.38125 0.578125 0.5125 0.5375 0.5125
4 0.2875 0.7203125 0.3265625 0.7203125 0.3265625 0.8484375 0.2875 0.8484375
4 0.2375 0.409375 0.2859375 0.409375 0.2859375 0.546875 0.2375 0.546875
4 0.325 0.33125 0.375 0.33125 0.375 0.378125 0.325 0.378125
4 0.1453125 0.309375 0.1921875 0.309375 0.1921875 0.43125 0.1453125 0.43125
4 0.1890625 0.4140625 0.2296875 0.4140625 0.2296875 0.4953125 0.1890625 0.4953125
4 0.1453125 0.1125 0.190625 0.1125 0.190625 0.1609375 0.1453125 0.1609375
4 0.3171875 0.0953125 0.3421875 0.0953125 0.3421875 0.16875 0.3171875 0.16875