2 0.05 0.359375 0.1890625 0.359375 0.1890625 0.49375 0.05 0.49375
2 0.3390625 0.3921875 0.4671875 0.3921875 0.4671875 0.525 0.3390625 0.525
2 0.3390625 0.3171875 0.459375 0.3171875 0.459375 0.4203125 0.3390625 0.4203125
2 0.2578125 0.215625 0.3953125 0.215625 0.3953125 0.3296875 0.2578125 0.3296875
2 0.45625 0.1765625 0.5546875 0.1765625 0.5546875 0.2671875 0.45625 0.2671875
2 0.46875 0.2796875 0.5859375 0.2796875 0.5859375 0.4421875 0.46875 0.4421875
2 0.60625 0.1765625 0.6640625 0.1765625 0.6640625 0.29375 0.60625 0.29375
2 0.6765625 0.178125 0.778125 0.178125 0.778125 0.2828125 0.6765625 0.2828125
2 0.6578125 0.2953125 0.775 0.2953125 0.775 0.38125 0.6578125 0.38125
2 0.6296875 0.3890625 0.7703125 0.3890625 0.7703125 0.4859375 0.6296875 0.4859375
2 0.8375 0.390625 0.9484375 0.390625 0.9484375 0.5109375 0.8375 0.5109375