2 0.0578125 0.1625 0.24375 0.1625 0.24375 0.371875 0.0578125 0.371875
2 0.3140625 0.2421875 0.4875 0.2421875 0.4875 0.44375 0.3140625 0.44375
2 0.353125 0.16875 0.509375 0.16875 0.509375 0.3359375 0.353125 0.3359375
2 0.3140625 0.05 0.490625 0.05 0.490625 0.2375 0.3140625 0.2375
2 0.5234375 0.05 0.6515625 0.05 0.6515625 0.190625 0.5234375 0.190625
2 0.465625 0.15 0.6421875 0.15 0.6421875 0.3765625 0.465625 0.3765625
2 0.6515625 0.0796875 0.753125 0.0796875 0.753125 0.228125 0.6515625 0.228125
2 0.71875 0.0828125 0.8578125 0.0828125 0.8578125 0.2421875 0.71875 0.2421875
2 0.6625 0.1953125 0.8078125 0.1953125 0.8078125 0.34375 0.6625 0.34375
2 0.596875 0.2796875 0.76875 0.2796875 0.76875 0.4546875 0.596875 0.4546875
2 0.7796875 0.31875 0.9328125 0.31875 0.9328125 0.5 0.7796875 0.5