2 0.071875 0.528125 0.2703125 0.528125 0.2703125 0.715625 0.071875 0.715625
2 0.334375 0.425 0.521875 0.425 0.521875 0.60625 0.334375 0.60625
2 0.29375 0.3640625 0.4578125 0.3640625 0.4578125 0.5140625 0.29375 0.5140625
2 0.16875 0.3046875 0.3546875 0.3046875 0.3546875 0.4734375 0.16875 0.4734375
2 0.3171875 0.19375 0.45625 0.19375 0.45625 0.321875 0.3171875 0.321875
2 0.3828125 0.26875 0.5765625 0.26875 0.5765625 0.4703125 0.3828125 0.4703125
2 0.4453125 0.1421875 0.5609375 0.1421875 0.5609375 0.275 0.4453125 0.275
2 0.503125 0.0890625 0.653125 0.0890625 0.653125 0.23125 0.503125 0.23125
2 0.55 0.19375 0.703125 0.19375 0.703125 0.3265625 0.55 0.3265625
2 0.5765625 0.278125 0.75625 0.278125 0.75625 0.434375 0.5765625 0.434375
2 0.7546875 0.1953125 0.91875 0.1953125 0.91875 0.35625 0.7546875 0.35625