2 0.5578125 0.3828125 0.73125 0.3828125 0.73125 0.525 0.5578125 0.525
2 0.8203125 0.384375 0.9359375 0.384375 0.9359375 0.5359375 0.8203125 0.5359375
2 0.6453125 0.5765625 0.8140625 0.5765625 0.8140625 0.7140625 0.6453125 0.7140625
2 0.5859375 0.7609375 0.7421875 0.7609375 0.7421875 0.9109375 0.5859375 0.9109375
2 0.2765625 0.6953125 0.5078125 0.6953125 0.5078125 0.878125 0.2765625 0.878125
2 0.0453125 0.7765625 0.3078125 0.7765625 0.3078125 0.98125 0.0453125 0.98125
2 0.0109375 0.5515625 0.2296875 0.5515625 0.2296875 0.759375 0.0109375 0.759375
2 0.203125 0.471875 0.4296875 0.471875 0.4296875 0.6765625 0.203125 0.6765625
2 0.240625 0.2390625 0.3375 0.2390625 0.3375 0.31875 0.240625 0.31875
2 0.1265625 0.21875 0.2734375 0.21875 0.2734375 0.35625 0.1265625 0.35625
2 0.0828125 0.13125 0.25625 0.13125 0.25625 0.2546875 0.0828125 0.2546875
2 0.215625 0.084375 0.375 0.084375 0.375 0.2265625 0.215625 0.2265625
2 0.0109375 0.03125 0.1171875 0.03125 0.1171875 0.10625 0.0109375 0.10625
2 0.1 0.0078125 0.20625 0.0078125 0.20625 0.0609375 0.1 0.0609375
2 0.4453125 0.0359375 0.5875 0.0359375 0.5875 0.16875 0.4453125 0.16875
2 0.7265625 0.1171875 0.8375 0.1171875 0.8375 0.2421875 0.7265625 0.2421875
2 0.7984375 0.1703125 0.9625 0.1703125 0.9625 0.2734375 0.7984375 0.2734375
2 0.8625 0.2640625 0.9828125 0.2640625 0.9828125 0.3671875 0.8625 0.3671875
2 0.8984375 0.1140625 0.9953125 0.1140625 0.9953125 0.2375 0.8984375 0.2375
2 0.61875 0.009375 0.765625 0.009375 0.765625 0.1015625 0.61875 0.1015625
2 0.0046875 0.7140625 0.1328125 0.7140625 0.1328125 0.8875 0.0046875 0.8875