2 0.4890625 0.203125 0.7125 0.203125 0.7125 0.43125 0.4890625 0.43125
2 0.7359375 0.1 0.9078125 0.1 0.9078125 0.30625 0.7359375 0.30625
2 0.640625 0.3296875 0.85625 0.3296875 0.85625 0.55 0.640625 0.55
2 0.6515625 0.5265625 0.8609375 0.5265625 0.8609375 0.753125 0.6515625 0.753125
2 0.3375 0.5890625 0.6296875 0.5890625 0.6296875 0.8859375 0.3375 0.8859375
2 0.153125 0.7609375 0.4796875 0.7609375 0.4796875 0.975 0.153125 0.975
2 0.0375 0.60625 0.3296875 0.60625 0.3296875 0.9203125 0.0375 0.9203125
2 0.1875 0.434375 0.4859375 0.434375 0.4859375 0.75 0.1875 0.75
2 0.14375 0.284375 0.2671875 0.284375 0.2671875 0.4125 0.14375 0.4125
2 0.028125 0.296875 0.2234375 0.296875 0.2234375 0.5078125 0.028125 0.5078125
2 0 0.23125 0.16875 0.23125 0.16875 0.4375 0 0.4375
2 0.0625 0.128125 0.2734375 0.128125 0.2734375 0.3484375 0.0625 0.3484375
2 0 0.153125 0.0515625 0.153125 0.0515625 0.2515625 0 0.2515625
2 0.2609375 0 0.45 0 0.45 0.18125 0.2609375 0.18125
2 0.553125 0 0.709375 0 0.709375 0.0984375 0.553125 0.0984375
2 0.6390625 0 0.8359375 0 0.8359375 0.0875 0.6390625 0.0875
2 0.7328125 0 0.8875 0 0.8875 0.1359375 0.7328125 0.1359375
2 0.7109375 0 0.853125 0 0.853125 0.00625 0.7109375 0.00625
2 0.4125 0 0.5875 0 0.5875 0.03125 0.4125 0.03125
2 0.0921875 0.796875 0.2828125 0.796875 0.2828125 0.9828125 0.0921875 0.9828125