2 0.525 0.33125 0.725 0.33125 0.725 0.5078125 0.525 0.5078125
2 0.784375 0.29375 0.9296875 0.29375 0.9296875 0.465625 0.784375 0.465625
2 0.64375 0.5046875 0.8390625 0.5046875 0.8390625 0.675 0.64375 0.675
2 0.61875 0.7 0.803125 0.7 0.803125 0.8796875 0.61875 0.8796875
2 0.3015625 0.684375 0.5671875 0.684375 0.5671875 0.9109375 0.3015625 0.9109375
2 0.0875 0.8015625 0.3875 0.8015625 0.3875 0.9984375 0.0875 0.9984375
2 0.015625 0.5984375 0.2734375 0.5984375 0.2734375 0.8484375 0.015625 0.8484375
2 0.1890625 0.4796875 0.4546875 0.4796875 0.4546875 0.7265625 0.1890625 0.7265625
2 0.1890625 0.2703125 0.3015625 0.2703125 0.3015625 0.36875 0.1890625 0.36875
2 0.071875 0.2640625 0.2453125 0.2640625 0.2453125 0.428125 0.071875 0.428125
2 0.0140625 0.18125 0.209375 0.18125 0.209375 0.3390625 0.0140625 0.3390625
2 0.1359375 0.1125 0.3234375 0.1125 0.3234375 0.284375 0.1359375 0.284375
2 0 0.1125 0.046875 0.1125 0.046875 0.2078125 0 0.2078125
2 0.009375 0.071875 0.1265625 0.071875 0.1265625 0.14375 0.009375 0.14375
2 0.353125 0.021875 0.521875 0.021875 0.521875 0.18125 0.353125 0.18125
2 0.6453125 0.0515625 0.78125 0.0515625 0.78125 0.196875 0.6453125 0.196875
2 0.725 0.078125 0.909375 0.078125 0.909375 0.2125 0.725 0.2125
2 0.8046875 0.165625 0.9453125 0.165625 0.9453125 0.290625 0.8046875 0.290625
2 0.8140625 0.015625 0.9359375 0.015625 0.9359375 0.15625 0.8140625 0.15625
2 0.5203125 0 0.684375 0 0.684375 0.0796875 0.5203125 0.0796875
2 0.0375 0.7765625 0.2 0.7765625 0.2 0.9734375 0.0375 0.9734375