2 0.315625 0.165625 0.546875 0.165625 0.546875 0.4703125 0.315625 0.4703125
2 0.590625 0.2703125 0.771875 0.2703125 0.771875 0.515625 0.590625 0.515625
2 0.6203125 0.51875 0.825 0.51875 0.825 0.7890625 0.6203125 0.7890625
2 0.4890625 0.953125 0.71875 0.953125 0.71875 1 0.4890625 1
2 0.353125 0.3796875 0.609375 0.3796875 0.609375 0.721875 0.353125 0.721875
2 0.25 0.5109375 0.4453125 0.5109375 0.4453125 0.8328125 0.25 0.8328125
2 0.165625 0.7296875 0.4015625 0.7296875 0.4015625 1 0.165625 1
2 0.075 0.2921875 0.2796875 0.2921875 0.2796875 0.5640625 0.075 0.5640625
2 0 0.18125 0.1234375 0.18125 0.1234375 0.4125 0 0.4125
2 0.1125 0.0375 0.2890625 0.0375 0.2890625 0.215625 0.1125 0.215625
2 0.8265625 0.1515625 0.971875 0.1515625 0.971875 0.325 0.8265625 0.325
2 0 0.565625 0.0671875 0.565625 0.0671875 0.840625 0 0.840625