2 0.3609375 0.109375 0.5625 0.109375 0.5625 0.359375 0.3609375 0.359375
2 0.63125 0.178125 0.7875 0.178125 0.7875 0.3828125 0.63125 0.3828125
2 0.65625 0.4234375 0.834375 0.4234375 0.834375 0.646875 0.65625 0.646875
2 0.509375 0.871875 0.725 0.871875 0.725 1 0.509375 1
2 0.39375 0.31875 0.6171875 0.31875 0.6171875 0.6015625 0.39375 0.6015625
2 0.2875 0.45625 0.4515625 0.45625 0.4515625 0.7328125 0.2875 0.7328125
2 0.1984375 0.684375 0.4 0.684375 0.4 0.9765625 0.1984375 0.9765625
2 0.115625 0.2578125 0.29375 0.2578125 0.29375 0.484375 0.115625 0.484375
2 0.0015625 0.15625 0.1421875 0.15625 0.1421875 0.3546875 0.0015625 0.3546875
2 0.1546875 0 0.3140625 0 0.3140625 0.1390625 0.1546875 0.1390625
2 0.86875 0.0078125 0.996875 0.0078125 0.996875 0.1734375 0.86875 0.1734375
2 0.0015625 0.534375 0.0734375 0.534375 0.0734375 0.790625 0.0015625 0.790625