2 0.1921875 0.146875 0.5109375 0.146875 0.5109375 0.490625 0.1921875 0.490625
2 0.4578125 0.1171875 0.709375 0.1171875 0.709375 0.39375 0.4578125 0.39375
2 0.6125 0.31875 0.89375 0.31875 0.89375 0.6234375 0.6125 0.6234375
2 0.734375 0.7703125 1 0.7703125 1 1 0.734375 1
2 0.334375 0.3109375 0.6890625 0.3109375 0.6890625 0.696875 0.334375 0.696875
2 0.321875 0.5125 0.621875 0.5125 0.621875 0.859375 0.321875 0.859375
2 0.3703125 0.7375 0.709375 0.7375 0.709375 1 0.3703125 1
2 0.06875 0.3984375 0.353125 0.3984375 0.353125 0.70625 0.06875 0.70625
2 0.021875 0.38125 0.1515625 0.38125 0.1515625 0.6328125 0.021875 0.6328125
2 0.009375 0.159375 0.178125 0.159375 0.178125 0.3734375 0.009375 0.3734375
2 0.128125 0.7515625 0.3328125 0.7515625 0.3328125 1 0.128125 1