2 0.003125 0.278125 0.0609375 0.278125 0.0609375 0.4046875 0.003125 0.4046875
2 0.240625 0.209375 0.371875 0.209375 0.371875 0.3484375 0.240625 0.3484375
2 0.3078125 0.153125 0.4296875 0.153125 0.4296875 0.3015625 0.3078125 0.3015625
2 0.3578125 0.10625 0.4515625 0.10625 0.4515625 0.2375 0.3578125 0.2375
2 0.484375 0.1109375 0.575 0.1109375 0.575 0.215625 0.484375 0.215625
2 0.43125 0.2875 0.5625 0.2875 0.5625 0.4296875 0.43125 0.4296875
2 0.5390625 0.24375 0.65 0.24375 0.65 0.3671875 0.5390625 0.3671875
2 0.7171875 0.2609375 0.8890625 0.2609375 0.8890625 0.421875 0.7171875 0.421875
2 0.7640625 0.3734375 0.953125 0.3734375 0.953125 0.565625 0.7640625 0.565625
2 0.8171875 0.525 0.9609375 0.525 0.9609375 0.675 0.8171875 0.675
2 0.53125 0.5625 0.65 0.5625 0.65 0.6890625 0.53125 0.6890625