2 0.0546875 0.125 0.1453125 0.125 0.1453125 0.253125 0.0546875 0.253125
2 0.3015625 0.1734375 0.4515625 0.1734375 0.4515625 0.3203125 0.3015625 0.3203125
2 0.38125 0.146875 0.5234375 0.146875 0.5234375 0.3 0.38125 0.3
2 0.4484375 0.1203125 0.5625 0.1203125 0.5625 0.2546875 0.4484375 0.2546875
2 0.5703125 0.1765625 0.6734375 0.1765625 0.6734375 0.284375 0.5703125 0.284375
2 0.44375 0.3265625 0.59375 0.3265625 0.59375 0.475 0.44375 0.475
2 0.5625 0.3265625 0.6890625 0.3265625 0.6890625 0.4546875 0.5625 0.4546875
2 0.70625 0.425 0.8984375 0.425 0.8984375 0.5953125 0.70625 0.5953125
2 0.6984375 0.5515625 0.9109375 0.5515625 0.9109375 0.7546875 0.6984375 0.7546875
2 0.7015625 0.709375 0.8640625 0.709375 0.8640625 0.865625 0.7015625 0.865625
2 0.4359375 0.621875 0.571875 0.621875 0.571875 0.7546875 0.4359375 0.7546875