2 0.0078125 0.24375 0.0671875 0.24375 0.0671875 0.3609375 0.0078125 0.3609375
2 0.2609375 0.225 0.38125 0.225 0.38125 0.3453125 0.2609375 0.3453125
2 0.3328125 0.1796875 0.4421875 0.1796875 0.4421875 0.309375 0.3328125 0.309375
2 0.3875 0.1375 0.471875 0.1375 0.471875 0.253125 0.3875 0.253125
2 0.5125 0.1609375 0.59375 0.1609375 0.59375 0.2515625 0.5125 0.2515625
2 0.4421875 0.3359375 0.5625 0.3359375 0.5625 0.45625 0.4421875 0.45625
2 0.553125 0.30625 0.653125 0.30625 0.653125 0.4125 0.553125 0.4125
2 0.7265625 0.3609375 0.8859375 0.3609375 0.8859375 0.4953125 0.7265625 0.4953125
2 0.7625 0.4828125 0.934375 0.4828125 0.934375 0.646875 0.7625 0.646875
2 0.8 0.6359375 0.93125 0.6359375 0.93125 0.7640625 0.8 0.7640625
2 0.5140625 0.621875 0.6234375 0.621875 0.6234375 0.7296875 0.5140625 0.7296875