2 0.5640625 0.071875 0.6703125 0.071875 0.6703125 0.2140625 0.5640625 0.2140625
2 0.465625 0.0640625 0.571875 0.0640625 0.571875 0.215625 0.465625 0.215625
2 0.5546875 0.2078125 0.65625 0.2078125 0.65625 0.3453125 0.5546875 0.3453125
2 0.46875 0.2421875 0.5671875 0.2421875 0.5671875 0.415625 0.46875 0.415625
2 0.36875 0.2390625 0.4671875 0.2390625 0.4671875 0.434375 0.36875 0.434375
2 0.4375 0.3921875 0.5171875 0.3921875 0.5171875 0.534375 0.4375 0.534375
2 0.4828125 0.490625 0.5546875 0.490625 0.5546875 0.60625 0.4828125 0.60625
2 0.5015625 0.6375 0.5890625 0.6375 0.5890625 0.853125 0.5015625 0.853125
2 0.7109375 0.5875 0.846875 0.5875 0.846875 0.75 0.7109375 0.75
2 0.85 0.50625 0.9484375 0.50625 0.9484375 0.6796875 0.85 0.6796875
2 0.63125 0.4953125 0.703125 0.4953125 0.703125 0.7796875 0.63125 0.7796875
2 0.4078125 0.484375 0.5515625 0.484375 0.5515625 0.6734375 0.4078125 0.6734375
2 0.5953125 0.415625 0.671875 0.415625 0.671875 0.5640625 0.5953125 0.5640625
2 0.5828125 0.5578125 0.6390625 0.5578125 0.6390625 0.7046875 0.5828125 0.7046875