2 0.678125 0.0140625 0.8515625 0.0140625 0.8515625 0.2171875 0.678125 0.2171875
2 0.59375 0 0.7734375 0 0.7734375 0.1859375 0.59375 0.1859375
2 0.596875 0.1421875 0.7640625 0.1421875 0.7640625 0.3375 0.596875 0.3375
2 0.4859375 0.14375 0.6703125 0.14375 0.6703125 0.371875 0.4859375 0.371875
2 0.3921875 0.10625 0.5875 0.10625 0.5875 0.3546875 0.3921875 0.3546875
2 0.39375 0.2796875 0.54375 0.2796875 0.54375 0.465625 0.39375 0.465625
2 0.3921875 0.3890625 0.521875 0.3890625 0.521875 0.5453125 0.3921875 0.5453125
2 0.271875 0.5328125 0.46875 0.5328125 0.46875 0.79375 0.271875 0.79375
2 0.5 0.5515625 0.7140625 0.5515625 0.7140625 0.7953125 0.5 0.7953125
2 0.65625 0.528125 0.8421875 0.528125 0.8421875 0.7578125 0.65625 0.7578125
2 0.41875 0.4453125 0.6421875 0.4453125 0.6421875 0.7625 0.41875 0.7625
2 0.2890625 0.3453125 0.5234375 0.3453125 0.5234375 0.61875 0.2890625 0.61875
2 0.5109375 0.3578125 0.6609375 0.3578125 0.6609375 0.546875 0.5109375 0.546875
2 0.421875 0.490625 0.553125 0.490625 0.553125 0.6671875 0.421875 0.6671875