2 0.23125 0.065625 0.41875 0.065625 0.41875 0.24375 0.23125 0.24375
2 0.15 0.13125 0.34375 0.13125 0.34375 0.3171875 0.15 0.3171875
2 0.3109375 0.171875 0.4921875 0.171875 0.4921875 0.34375 0.3109375 0.34375
2 0.265625 0.259375 0.4703125 0.259375 0.4703125 0.45625 0.265625 0.45625
2 0.1859375 0.328125 0.40625 0.328125 0.40625 0.5390625 0.1859375 0.5390625
2 0.340625 0.4015625 0.5078125 0.4015625 0.5078125 0.5609375 0.340625 0.5609375
2 0.440625 0.44375 0.58125 0.44375 0.58125 0.5796875 0.440625 0.5796875
2 0.54375 0.521875 0.7703125 0.521875 0.7703125 0.7421875 0.54375 0.7421875
2 0.675 0.3046875 0.9015625 0.3046875 0.9015625 0.521875 0.675 0.521875
2 0.728125 0.1765625 0.9328125 0.1765625 0.9328125 0.3734375 0.728125 0.3734375
2 0.546875 0.340625 0.815625 0.340625 0.815625 0.6 0.546875 0.6
2 0.3734375 0.4421875 0.6265625 0.4421875 0.6265625 0.68125 0.3734375 0.68125
2 0.4765625 0.309375 0.6453125 0.309375 0.6453125 0.4703125 0.4765625 0.4703125
2 0.5578125 0.43125 0.7125 0.43125 0.7125 0.5796875 0.5578125 0.5796875