2 0.4 0.109375 0.521875 0.109375 0.521875 0.2140625 0.4 0.2140625
2 0.45625 0.059375 0.55 0.059375 0.55 0.134375 0.45625 0.134375
2 0.3640625 0.14375 0.4765625 0.14375 0.4765625 0.2390625 0.3640625 0.2390625
2 0.3015625 0.1390625 0.45625 0.1390625 0.45625 0.2890625 0.3015625 0.2890625
2 0.1859375 0.24375 0.325 0.24375 0.325 0.3640625 0.1859375 0.3640625
2 0.284375 0.303125 0.434375 0.303125 0.434375 0.43125 0.284375 0.43125
2 0.51875 0.3703125 0.65625 0.3703125 0.65625 0.4875 0.51875 0.4875
2 0.84375 0.54375 0.9796875 0.54375 0.9796875 0.66875 0.84375 0.66875
2 0.6078125 0.371875 0.7921875 0.371875 0.7921875 0.5421875 0.6078125 0.5421875
2 0.1234375 0.28125 0.2421875 0.28125 0.2421875 0.4015625 0.1234375 0.4015625
2 0.0328125 0.48125 0.159375 0.48125 0.159375 0.5890625 0.0328125 0.5890625
2 0.103125 0.5578125 0.271875 0.5578125 0.271875 0.721875 0.103125 0.721875
2 0.0859375 0.66875 0.2359375 0.66875 0.2359375 0.8015625 0.0859375 0.8015625
2 0.2484375 0.7734375 0.35 0.7734375 0.35 0.875 0.2484375 0.875
2 0.45625 0.934375 0.5421875 0.934375 0.5421875 1 0.45625 1
2 0.5640625 0.8765625 0.684375 0.8765625 0.684375 0.9875 0.5640625 0.9875
2 0.55625 0.6859375 0.6671875 0.6859375 0.6671875 0.7875 0.55625 0.7875
2 0.5390625 0.575 0.6375 0.575 0.6375 0.6703125 0.5390625 0.6703125
2 0.4171875 0.50625 0.5546875 0.50625 0.5546875 0.634375 0.4171875 0.634375
2 0.45625 0.478125 0.5578125 0.478125 0.5578125 0.5703125 0.45625 0.5703125
2 0.7015625 0.6890625 0.796875 0.6890625 0.796875 0.7796875 0.7015625 0.7796875
2 0.678125 0.7515625 0.759375 0.7515625 0.759375 0.8203125 0.678125 0.8203125
2 0.684375 0.840625 0.84375 0.840625 0.84375 0.965625 0.684375 0.965625
2 0.64375 0.840625 0.7703125 0.840625 0.7703125 0.9484375 0.64375 0.9484375
2 0.6828125 0.9484375 0.7484375 0.9484375 0.7484375 1 0.6828125 1
2 0.453125 0.2421875 0.5109375 0.2421875 0.5109375 0.3 0.453125 0.3