2 0.5171875 0.225 0.7484375 0.225 0.7484375 0.4609375 0.5171875 0.4609375
2 0.5890625 0.4609375 0.8375 0.4609375 0.8375 0.6890625 0.5890625 0.6890625
2 0.7296875 0.653125 0.9765625 0.653125 0.9765625 0.928125 0.7296875 0.928125
2 0.421875 0.6390625 0.6546875 0.6390625 0.6546875 0.8890625 0.421875 0.8890625
2 0.33125 0.5109375 0.4796875 0.5109375 0.4796875 0.696875 0.33125 0.696875
2 0.125 0.496875 0.3484375 0.496875 0.3484375 0.7484375 0.125 0.7484375
2 0.1015625 0.196875 0.35 0.196875 0.35 0.45 0.1015625 0.45
2 0.221875 0.20625 0.3859375 0.20625 0.3859375 0.36875 0.221875 0.36875
2 0.4515625 0.3953125 0.6578125 0.3953125 0.6578125 0.5859375 0.4515625 0.5859375
2 0.1984375 0.025 0.4421875 0.025 0.4421875 0.1515625 0.1984375 0.1515625
2 0.103125 0.06875 0.225 0.06875 0.225 0.196875 0.103125 0.196875