2 0.5140625 0.021875 0.634375 0.021875 0.634375 0.1359375 0.5140625 0.1359375
2 0.590625 0 0.6875 0 0.6875 0.0609375 0.590625 0.0609375
2 0.471875 0.05 0.5796875 0.05 0.5796875 0.1546875 0.471875 0.1546875
2 0.3984375 0.04375 0.5578125 0.04375 0.5578125 0.1984375 0.3984375 0.1984375
2 0.2609375 0.128125 0.396875 0.128125 0.396875 0.2578125 0.2609375 0.2578125
2 0.3359375 0.1984375 0.48125 0.1984375 0.48125 0.3375 0.3359375 0.3375
2 0.5453125 0.2890625 0.678125 0.2890625 0.678125 0.41875 0.5453125 0.41875
2 0.8015625 0.4984375 0.940625 0.4984375 0.940625 0.6328125 0.8015625 0.6328125
2 0.61875 0.30625 0.8046875 0.30625 0.8046875 0.484375 0.61875 0.484375
2 0.1828125 0.1609375 0.3078125 0.1609375 0.3078125 0.2828125 0.1828125 0.2828125
2 0.0375 0.34375 0.159375 0.34375 0.159375 0.459375 0.0375 0.459375
2 0.065625 0.428125 0.240625 0.428125 0.240625 0.5984375 0.065625 0.5984375
2 0.021875 0.5328125 0.16875 0.5328125 0.16875 0.675 0.021875 0.675
2 0.1484375 0.6546875 0.2546875 0.6546875 0.2546875 0.7578125 0.1484375 0.7578125
2 0.3015625 0.8375 0.3921875 0.8375 0.3921875 0.9234375 0.3015625 0.9234375
2 0.4234375 0.7921875 0.5421875 0.7921875 0.5421875 0.909375 0.4234375 0.909375
2 0.4796875 0.6046875 0.590625 0.6046875 0.590625 0.7109375 0.4796875 0.7109375
2 0.4984375 0.49375 0.6 0.49375 0.6 0.59375 0.4984375 0.59375
2 0.396875 0.4140625 0.5359375 0.4140625 0.5359375 0.5484375 0.396875 0.5484375
2 0.4515625 0.3890625 0.5515625 0.3890625 0.5515625 0.4859375 0.4515625 0.4859375
2 0.6203125 0.625 0.71875 0.625 0.71875 0.7203125 0.6203125 0.7203125
2 0.584375 0.68125 0.6609375 0.68125 0.6609375 0.7546875 0.584375 0.7546875
2 0.5546875 0.7671875 0.7046875 0.7671875 0.7046875 0.909375 0.5546875 0.909375
2 0.515625 0.765625 0.6375 0.765625 0.6375 0.8828125 0.515625 0.8828125
2 0.51875 0.8765625 0.5921875 0.8765625 0.5921875 0.946875 0.51875 0.946875
2 0.528125 0.1578125 0.5890625 0.1578125 0.5890625 0.2171875 0.528125 0.2171875