2 0.2328125 0.140625 0.3453125 0.140625 0.3453125 0.1828125 0.2328125 0.1828125
2 0.25 0.053125 0.328125 0.053125 0.328125 0.0984375 0.25 0.0984375
2 0.21875 0.1890625 0.3203125 0.1890625 0.3203125 0.228125 0.21875 0.228125
2 0.1859375 0.209375 0.309375 0.209375 0.309375 0.2953125 0.1859375 0.2953125
2 0.1265625 0.3734375 0.25 0.3734375 0.25 0.4265625 0.1265625 0.4265625
2 0.2390625 0.3703125 0.3734375 0.3703125 0.3734375 0.4234375 0.2390625 0.4234375
2 0.4640625 0.2953125 0.5875 0.2953125 0.5875 0.34375 0.4640625 0.34375
2 0.8234375 0.2578125 0.940625 0.2578125 0.940625 0.321875 0.8234375 0.321875
2 0.553125 0.2390625 0.7109375 0.2390625 0.7109375 0.3234375 0.553125 0.3234375
2 0.1015625 0.4359375 0.190625 0.4359375 0.190625 0.5109375 0.1015625 0.5109375
2 0.115625 0.6671875 0.228125 0.6671875 0.228125 0.7140625 0.115625 0.7140625
2 0.2296875 0.6828125 0.365625 0.6828125 0.365625 0.775 0.2296875 0.775
2 0.2578125 0.7953125 0.3875 0.7953125 0.3875 0.8578125 0.2578125 0.8578125
2 0.440625 0.7953125 0.5203125 0.7953125 0.5203125 0.8546875 0.440625 0.8546875
2 0.6890625 0.8203125 0.75625 0.8203125 0.75625 0.86875 0.6890625 0.86875
2 0.753125 0.7078125 0.853125 0.7078125 0.853125 0.7640625 0.753125 0.7640625
2 0.65 0.5484375 0.7453125 0.5484375 0.7453125 0.596875 0.65 0.596875
2 0.58125 0.4609375 0.6609375 0.4609375 0.6609375 0.5140625 0.58125 0.5140625
2 0.4546875 0.4671875 0.5671875 0.4671875 0.5671875 0.534375 0.4546875 0.534375
2 0.4640625 0.425 0.5484375 0.425 0.5484375 0.471875 0.4640625 0.471875
2 0.7703125 0.46875 0.8484375 0.46875 0.8484375 0.5171875 0.7703125 0.5171875
2 0.7734375 0.540625 0.8453125 0.540625 0.8453125 0.56875 0.7734375 0.56875
2 0.8296875 0.609375 0.98125 0.609375 0.98125 0.6515625 0.8296875 0.6515625
2 0.7984375 0.6328125 0.9109375 0.6328125 0.9109375 0.678125 0.7984375 0.678125
2 0.8828125 0.703125 0.928125 0.703125 0.928125 0.753125 0.8828125 0.753125
2 0.3375 0.2265625 0.3828125 0.2265625 0.3828125 0.2609375 0.3375 0.2609375