2 0.3640625 0.203125 0.5859375 0.203125 0.5859375 0.446875 0.3640625 0.446875
2 0.5375 0.3890625 0.7765625 0.3890625 0.7765625 0.628125 0.5375 0.628125
2 0.7578125 0.503125 0.99375 0.503125 0.99375 0.7890625 0.7578125 0.7890625
2 0.509375 0.65 0.7328125 0.65 0.7328125 0.9125 0.509375 0.9125
2 0.3671875 0.596875 0.5078125 0.596875 0.5078125 0.790625 0.3671875 0.790625
2 0.2109375 0.66875 0.425 0.66875 0.425 0.9296875 0.2109375 0.9296875
2 0.0359375 0.38125 0.2734375 0.38125 0.2734375 0.646875 0.0359375 0.646875
2 0.115625 0.3546875 0.275 0.3546875 0.275 0.5234375 0.115625 0.5234375
2 0.3921875 0.4078125 0.5921875 0.4078125 0.5921875 0.6078125 0.3921875 0.6078125
2 0.0015625 0.0859375 0.1984375 0.0859375 0.1984375 0.309375 0.0015625 0.309375
2 0.0046875 0.30625 0.065625 0.30625 0.065625 0.428125 0.0046875 0.428125