2 0.453125 0.159375 0.6359375 0.159375 0.6359375 0.31875 0.453125 0.31875
2 0.575 0.359375 0.778125 0.359375 0.778125 0.5046875 0.575 0.5046875
2 0.7671875 0.484375 0.9484375 0.484375 0.9484375 0.6859375 0.7671875 0.6859375
2 0.4703125 0.6015625 0.6484375 0.6015625 0.6484375 0.7796875 0.4703125 0.7796875
2 0.3484375 0.5171875 0.45 0.5171875 0.45 0.6625 0.3484375 0.6625
2 0.1640625 0.5875 0.3296875 0.5875 0.3296875 0.7703125 0.1640625 0.7703125
2 0.065625 0.303125 0.2609375 0.303125 0.2609375 0.4765625 0.065625 0.4765625
2 0.1609375 0.26875 0.2921875 0.26875 0.2921875 0.3765625 0.1609375 0.3765625
2 0.4234375 0.3546875 0.59375 0.3546875 0.59375 0.4765625 0.4234375 0.4765625
2 0.0765625 0.0078125 0.284375 0.0078125 0.284375 0.14375 0.0765625 0.14375
2 0.0125 0.1859375 0.10625 0.1859375 0.10625 0.275 0.0125 0.275