2 0.2359375 0.0578125 0.4421875 0.0578125 0.4421875 0.2765625 0.2359375 0.2765625
2 0.0109375 0.2296875 0.1703125 0.2296875 0.1703125 0.4375 0.0109375 0.4375
2 0.0234375 0.3734375 0.21875 0.3734375 0.21875 0.6421875 0.0234375 0.6421875
2 0.015625 0.6046875 0.1578125 0.6046875 0.1578125 0.8234375 0.015625 0.8234375
2 0.3265625 0.5765625 0.5140625 0.5765625 0.5140625 0.7953125 0.3265625 0.7953125
2 0.3328125 0.3546875 0.5109375 0.3546875 0.5109375 0.6234375 0.3328125 0.6234375
2 0.41875 0.203125 0.621875 0.203125 0.621875 0.465625 0.41875 0.465625
2 0.553125 0.2953125 0.7515625 0.2953125 0.7515625 0.540625 0.553125 0.540625
2 0.5234375 0.459375 0.71875 0.459375 0.71875 0.7484375 0.5234375 0.7484375
2 0.453125 0.6703125 0.6984375 0.6703125 0.6984375 0.965625 0.453125 0.965625
2 0.63125 0.6640625 0.8265625 0.6640625 0.8265625 0.909375 0.63125 0.909375
2 0.7890625 0.4859375 0.984375 0.4859375 0.984375 0.74375 0.7890625 0.74375
2 0.7984375 0.13125 0.9875 0.13125 0.9875 0.415625 0.7984375 0.415625