2 0.4078125 0.25 0.571875 0.25 0.571875 0.4375 0.4078125 0.4375
2 0.58125 0.1484375 0.7390625 0.1484375 0.7390625 0.3265625 0.58125 0.3265625
2 0.7140625 0.29375 0.84375 0.29375 0.84375 0.4625 0.7140625 0.4625
2 0.58125 0.3390625 0.75625 0.3390625 0.75625 0.5609375 0.58125 0.5609375
2 0.38125 0.4625 0.559375 0.4625 0.559375 0.684375 0.38125 0.684375
2 0.2421875 0.51875 0.3859375 0.51875 0.3859375 0.715625 0.2421875 0.715625
2 0.3734375 0.6859375 0.553125 0.6859375 0.553125 0.9125 0.3734375 0.9125
2 0.5171875 0.803125 0.6765625 0.803125 0.6765625 1 0.5171875 1
2 0.6921875 0.8609375 0.8546875 0.8609375 0.8546875 1 0.6921875 1
2 0.809375 0.6265625 0.9734375 0.6265625 0.9734375 0.846875 0.809375 0.846875
2 0.8515625 0.290625 0.9796875 0.290625 0.9796875 0.4625 0.8515625 0.4625
2 0.796875 0.2828125 0.9015625 0.2828125 0.9015625 0.415625 0.796875 0.415625
2 0.7359375 0.35 0.89375 0.35 0.89375 0.55625 0.7359375 0.55625
2 0.5671875 0.5734375 0.728125 0.5734375 0.728125 0.7625 0.5671875 0.7625
2 0.659375 0.55 0.778125 0.55 0.778125 0.7171875 0.659375 0.7171875
2 0 0.5875 0.05 0.5875 0.05 0.7578125 0 0.7578125
2 0.5921875 0.9671875 0.7140625 0.9671875 0.7140625 1 0.5921875 1