2 0.303125 0.171875 0.4546875 0.171875 0.4546875 0.3390625 0.303125 0.3390625
2 0.40625 0 0.553125 0 0.553125 0.1328125 0.40625 0.1328125
2 0.5828125 0.0140625 0.7 0.0140625 0.7 0.16875 0.5828125 0.16875
2 0.4984375 0.1234375 0.65625 0.1234375 0.65625 0.3234375 0.4984375 0.3234375
2 0.38125 0.35625 0.54375 0.35625 0.54375 0.5578125 0.38125 0.5578125
2 0.284375 0.5078125 0.4109375 0.5078125 0.4109375 0.6890625 0.284375 0.6890625
2 0.471875 0.5453125 0.6359375 0.5453125 0.6359375 0.75 0.471875 0.75
2 0.6453125 0.5515625 0.7875 0.5515625 0.7875 0.75 0.6453125 0.75
2 0.815625 0.48125 0.9625 0.48125 0.9625 0.6671875 0.815625 0.6671875
2 0.8203125 0.209375 0.9640625 0.209375 0.9640625 0.4109375 0.8203125 0.4109375
2 0.7 0 0.815625 0 0.815625 0.0765625 0.7 0.0765625
2 0.640625 0 0.7359375 0 0.7359375 0.0796875 0.640625 0.0796875
2 0.6328125 0.034375 0.775 0.034375 0.775 0.221875 0.6328125 0.221875
2 0.58125 0.3328125 0.728125 0.3328125 0.728125 0.5015625 0.58125 0.5015625
2 0.646875 0.2640625 0.7515625 0.2640625 0.7515625 0.41875 0.646875 0.41875
2 0.015625 0.7828125 0.1484375 0.7828125 0.1484375 0.946875 0.015625 0.946875
2 0.7625 0.6546875 0.875 0.6546875 0.875 0.778125 0.7625 0.778125
2 0.878125 0.6421875 0.9609375 0.6421875 0.9609375 0.7484375 0.878125 0.7484375