2 0.365625 0.21875 0.4890625 0.21875 0.4890625 0.353125 0.365625 0.353125
2 0.4875 0.046875 0.6078125 0.046875 0.6078125 0.1734375 0.4875 0.1734375
2 0.65625 0.1265625 0.7453125 0.1265625 0.7453125 0.25625 0.65625 0.25625
2 0.5640625 0.2234375 0.6875 0.2234375 0.6875 0.3890625 0.5640625 0.3890625
2 0.4234375 0.4265625 0.5515625 0.4265625 0.5515625 0.59375 0.4234375 0.59375
2 0.3140625 0.54375 0.409375 0.54375 0.409375 0.6984375 0.3140625 0.6984375
2 0.49375 0.640625 0.6203125 0.640625 0.6203125 0.8109375 0.49375 0.8109375
2 0.6625 0.6859375 0.7703125 0.6859375 0.7703125 0.85625 0.6625 0.85625
2 0.834375 0.6640625 0.95 0.6640625 0.95 0.81875 0.834375 0.81875
2 0.8671875 0.390625 0.9765625 0.390625 0.9765625 0.5640625 0.8671875 0.5640625
2 0.7796875 0.0625 0.8671875 0.0625 0.8671875 0.1953125 0.7796875 0.1953125
2 0.7171875 0.0828125 0.7921875 0.0828125 0.7921875 0.1828125 0.7171875 0.1828125
2 0.703125 0.165625 0.8125 0.165625 0.8125 0.3234375 0.703125 0.3234375
2 0.6203125 0.4515625 0.7390625 0.4515625 0.7390625 0.5890625 0.6203125 0.5890625
2 0.6921875 0.390625 0.7703125 0.390625 0.7703125 0.5234375 0.6921875 0.5234375
2 0.021875 0.7484375 0.1265625 0.7484375 0.1265625 0.884375 0.021875 0.884375
2 0.7625 0.8140625 0.853125 0.8140625 0.853125 0.9140625 0.7625 0.9140625
2 0.8765625 0.8296875 0.9609375 0.8296875 0.9609375 0.9171875 0.8765625 0.9171875