2 0.4359375 0 0.753125 0 0.753125 0.225 0.4359375 0.225
2 0.159375 0 0.4296875 0 0.4296875 0.2203125 0.159375 0.2203125
2 0.046875 0.05 0.3890625 0.05 0.3890625 0.428125 0.046875 0.428125
2 0.0171875 0.25 0.2015625 0.25 0.2015625 0.534375 0.0171875 0.534375
2 0.2078125 0.3828125 0.5109375 0.3828125 0.5109375 0.7125 0.2078125 0.7125
2 0.3109375 0.19375 0.6375 0.19375 0.6375 0.559375 0.3109375 0.559375
2 0.471875 0.103125 0.8171875 0.103125 0.8171875 0.4828125 0.471875 0.4828125
2 0.5390625 0.253125 0.86875 0.253125 0.86875 0.615625 0.5390625 0.615625
2 0.3921875 0.38125 0.75 0.38125 0.75 0.778125 0.3921875 0.778125
2 0.209375 0.521875 0.6109375 0.521875 0.6109375 0.9609375 0.209375 0.9609375
2 0.3890625 0.6140625 0.7140625 0.6140625 0.7140625 0.95 0.3890625 0.95
2 0.6125 0.540625 0.9484375 0.540625 0.9484375 0.9109375 0.6125 0.9109375
2 0.809375 0.2546875 1 0.2546875 1 0.625 0.809375 0.625