2 0.003125 0.20625 0.3046875 0.20625 0.3046875 0.521875 0.003125 0.521875
2 0.003125 0.5234375 0.2234375 0.5234375 0.2234375 0.7953125 0.003125 0.7953125
2 0.0734375 0.584375 0.4015625 0.584375 0.4015625 0.9296875 0.0734375 0.9296875
2 0.228125 0.7875 0.4828125 0.7875 0.4828125 0.9890625 0.228125 0.9890625
2 0.43125 0.5078125 0.7203125 0.5078125 0.7203125 0.8109375 0.43125 0.8109375
2 0.28125 0.3578125 0.596875 0.3578125 0.596875 0.6890625 0.28125 0.6890625
2 0.2359375 0.171875 0.565625 0.171875 0.565625 0.51875 0.2359375 0.51875
2 0.396875 0.140625 0.7125 0.140625 0.7125 0.471875 0.396875 0.471875
2 0.490625 0.275 0.834375 0.275 0.834375 0.6375 0.490625 0.6375
2 0.5859375 0.434375 0.971875 0.434375 0.971875 0.8359375 0.5859375 0.8359375
2 0.709375 0.3375 1 0.3375 1 0.665625 0.709375 0.665625
2 0.6984375 0.1015625 1 0.1015625 1 0.4390625 0.6984375 0.4390625
2 0.4578125 0 0.7921875 0 0.7921875 0.2078125 0.4578125 0.2078125