2 0.29375 0.0484375 0.4484375 0.0484375 0.4484375 0.1703125 0.29375 0.1703125
2 0.425 0.1265625 0.60625 0.1265625 0.60625 0.259375 0.425 0.259375
2 0.6625 0.2140625 0.821875 0.2140625 0.821875 0.334375 0.6625 0.334375
2 0.540625 0.2359375 0.684375 0.2359375 0.684375 0.3484375 0.540625 0.3484375
2 0.2890625 0.14375 0.428125 0.14375 0.428125 0.2703125 0.2890625 0.2703125
2 0.146875 0.0890625 0.2484375 0.0890625 0.2484375 0.175 0.146875 0.175
2 0.103125 0.134375 0.2078125 0.134375 0.2078125 0.228125 0.103125 0.228125
2 0.2375 0.1890625 0.36875 0.1890625 0.36875 0.2921875 0.2375 0.2921875
2 0.4765625 0.2703125 0.6234375 0.2703125 0.6234375 0.384375 0.4765625 0.384375
2 0.6953125 0.3296875 0.84375 0.3296875 0.84375 0.4328125 0.6953125 0.4328125
2 0.86875 0.3015625 0.9828125 0.3015625 0.9828125 0.4328125 0.86875 0.4328125
2 0.9109375 0.3890625 1 0.3890625 1 0.49375 0.9109375 0.49375
2 0.85625 0.465625 1 0.465625 1 0.6203125 0.85625 0.6203125
2 0.7421875 0.3875 0.89375 0.3875 0.89375 0.4953125 0.7421875 0.4953125
2 0.58125 0.3515625 0.7203125 0.3515625 0.7203125 0.4796875 0.58125 0.4796875
2 0.3796875 0.340625 0.528125 0.340625 0.528125 0.459375 0.3796875 0.459375
2 0.2296875 0.2875 0.4046875 0.2875 0.4046875 0.3921875 0.2296875 0.3921875
2 0.071875 0.215625 0.2453125 0.215625 0.2453125 0.35625 0.071875 0.35625
2 0.0734375 0.3078125 0.18125 0.3078125 0.18125 0.434375 0.0734375 0.434375
2 0.20625 0.359375 0.3875 0.359375 0.3875 0.4921875 0.20625 0.4921875
2 0.184375 0.409375 0.2890625 0.409375 0.2890625 0.51875 0.184375 0.51875
2 0.0375 0.4484375 0.178125 0.4484375 0.178125 0.578125 0.0375 0.578125
2 0.09375 0.50625 0.2203125 0.50625 0.2203125 0.615625 0.09375 0.615625
2 0.209375 0.5703125 0.3484375 0.5703125 0.3484375 0.7359375 0.209375 0.7359375
2 0.328125 0.4953125 0.45 0.4953125 0.45 0.61875 0.328125 0.61875
2 0.4234375 0.6078125 0.625 0.6078125 0.625 0.759375 0.4234375 0.759375
2 0.6078125 0.659375 0.7984375 0.659375 0.7984375 0.8390625 0.6078125 0.8390625
2 0.7796875 0.646875 0.9578125 0.646875 0.9578125 0.790625 0.7796875 0.790625
2 0.66875 0.5015625 0.8671875 0.5015625 0.8671875 0.6796875 0.66875 0.6796875
2 0.471875 0.4734375 0.6578125 0.4734375 0.6578125 0.6390625 0.471875 0.6390625
2 0.5515625 0.475 0.6671875 0.475 0.6671875 0.5828125 0.5515625 0.5828125
2 0.6921875 0.5015625 0.825 0.5015625 0.825 0.61875 0.6921875 0.61875
2 0.05 0.3515625 0.1546875 0.3515625 0.1546875 0.459375 0.05 0.459375