2 0.3265625 0 0.4828125 0 0.4828125 0.040625 0.3265625 0.040625
2 0.4453125 0 0.63125 0 0.63125 0.096875 0.4453125 0.096875
2 0.675 0 0.8375 0 0.8375 0.11875 0.675 0.11875
2 0.5484375 0.0359375 0.69375 0.0359375 0.69375 0.1640625 0.5484375 0.1640625
2 0.30625 0.0046875 0.446875 0.0046875 0.446875 0.1453125 0.30625 0.1453125
2 0.1734375 0 0.2765625 0 0.2765625 0.0875 0.1734375 0.0875
2 0.1203125 0.046875 0.2265625 0.046875 0.2265625 0.15 0.1203125 0.15
2 0.246875 0.065625 0.38125 0.065625 0.38125 0.1828125 0.246875 0.1828125
2 0.475 0.0859375 0.6265625 0.0859375 0.6265625 0.2171875 0.475 0.2171875
2 0.690625 0.09375 0.8390625 0.09375 0.8390625 0.2125 0.690625 0.2125
2 0.86875 0.028125 0.984375 0.028125 0.984375 0.171875 0.86875 0.171875
2 0.8984375 0.1125 0.99375 0.1125 0.99375 0.225 0.8984375 0.225
2 0.8234375 0.19375 0.9828125 0.19375 0.9828125 0.365625 0.8234375 0.365625
2 0.7265625 0.140625 0.8828125 0.140625 0.8828125 0.265625 0.7265625 0.265625
2 0.565625 0.1453125 0.709375 0.1453125 0.709375 0.290625 0.565625 0.290625
2 0.3640625 0.184375 0.5140625 0.184375 0.5140625 0.3171875 0.3640625 0.3171875
2 0.2234375 0.159375 0.3984375 0.159375 0.3984375 0.284375 0.2234375 0.284375
2 0.0703125 0.125 0.2453125 0.125 0.2453125 0.2859375 0.0703125 0.2859375
2 0.05625 0.2328125 0.1671875 0.2328125 0.1671875 0.3703125 0.05625 0.3703125
2 0.1828125 0.2375 0.3671875 0.2375 0.3671875 0.390625 0.1828125 0.390625
2 0.1515625 0.309375 0.2609375 0.309375 0.2609375 0.4296875 0.1515625 0.4296875
2 0 0.378125 0.1375 0.378125 0.1375 0.5234375 0 0.5234375
2 0.04375 0.4265625 0.171875 0.4265625 0.171875 0.55 0.04375 0.55
2 0.1453125 0.4640625 0.2890625 0.4640625 0.2890625 0.6421875 0.1453125 0.6421875
2 0.2828125 0.359375 0.409375 0.359375 0.409375 0.4953125 0.2828125 0.4953125
2 0.359375 0.4390625 0.5625 0.4390625 0.5625 0.6109375 0.359375 0.6109375
2 0.5359375 0.446875 0.7296875 0.446875 0.7296875 0.646875 0.5359375 0.646875
2 0.715625 0.3953125 0.896875 0.3953125 0.896875 0.55625 0.715625 0.55625
2 0.625 0.26875 0.828125 0.26875 0.828125 0.46875 0.625 0.46875
2 0.4296875 0.290625 0.621875 0.290625 0.621875 0.4765625 0.4296875 0.4765625
2 0.5171875 0.284375 0.634375 0.284375 0.634375 0.403125 0.5171875 0.403125
2 0.65625 0.2734375 0.790625 0.2734375 0.790625 0.4046875 0.65625 0.4046875
2 0.025 0.28125 0.134375 0.28125 0.134375 0.4015625 0.025 0.4015625