2 0.265625 0.01875 0.4078125 0.01875 0.4078125 0.109375 0.265625 0.109375
2 0.396875 0.0671875 0.565625 0.0671875 0.565625 0.1625 0.396875 0.1625
2 0.634375 0.1046875 0.78125 0.1046875 0.78125 0.1921875 0.634375 0.1921875
2 0.5140625 0.153125 0.6453125 0.153125 0.6453125 0.2359375 0.5140625 0.2359375
2 0.2625 0.1171875 0.3875 0.1171875 0.3875 0.215625 0.2625 0.215625
2 0.1171875 0.09375 0.2109375 0.09375 0.2109375 0.159375 0.1171875 0.159375
2 0.0765625 0.1484375 0.16875 0.1484375 0.16875 0.221875 0.0765625 0.221875
2 0.2109375 0.175 0.33125 0.175 0.33125 0.2515625 0.2109375 0.2515625
2 0.4484375 0.2015625 0.584375 0.2015625 0.584375 0.2859375 0.4484375 0.2859375
2 0.6671875 0.2125 0.803125 0.2125 0.803125 0.2859375 0.6671875 0.2859375
2 0.8421875 0.1453125 0.940625 0.1453125 0.940625 0.2546875 0.8421875 0.2546875
2 0.8828125 0.2265625 0.9921875 0.2265625 0.9921875 0.30625 0.8828125 0.30625
2 0.83125 0.315625 0.9671875 0.315625 0.9671875 0.4390625 0.83125 0.4390625
2 0.7140625 0.2625 0.85625 0.2625 0.85625 0.3390625 0.7140625 0.3390625
2 0.5546875 0.2609375 0.6796875 0.2609375 0.6796875 0.3625 0.5546875 0.3625
2 0.353125 0.296875 0.4890625 0.296875 0.4890625 0.384375 0.353125 0.384375
2 0.203125 0.275 0.3671875 0.275 0.3671875 0.34375 0.203125 0.34375
2 0.046875 0.2375 0.2046875 0.2375 0.2046875 0.34375 0.046875 0.34375
2 0.0484375 0.33125 0.1421875 0.33125 0.1421875 0.4359375 0.0484375 0.4359375
2 0.1796875 0.353125 0.35 0.353125 0.35 0.446875 0.1796875 0.446875
2 0.1578125 0.409375 0.2515625 0.409375 0.2515625 0.496875 0.1578125 0.496875
2 0.0140625 0.48125 0.1390625 0.48125 0.1390625 0.5828125 0.0140625 0.5828125
2 0.06875 0.5265625 0.1828125 0.5265625 0.1828125 0.6109375 0.06875 0.6109375
2 0.1890625 0.565625 0.309375 0.565625 0.309375 0.703125 0.1890625 0.703125
2 0.303125 0.4640625 0.4125 0.4640625 0.4125 0.5625 0.303125 0.5625
2 0.4 0.55625 0.5859375 0.55625 0.5859375 0.665625 0.4 0.665625
2 0.5875 0.565625 0.75625 0.565625 0.75625 0.7078125 0.5875 0.7078125
2 0.7546875 0.515625 0.91875 0.515625 0.91875 0.621875 0.7546875 0.621875
2 0.6453125 0.3921875 0.825 0.3921875 0.825 0.53125 0.6453125 0.53125
2 0.4484375 0.409375 0.6171875 0.409375 0.6171875 0.5359375 0.4484375 0.5359375
2 0.525 0.3921875 0.628125 0.3921875 0.628125 0.4765625 0.525 0.4765625
2 0.6671875 0.3875 0.7875 0.3875 0.7875 0.478125 0.6671875 0.478125
2 0.025 0.3796875 0.1171875 0.3796875 0.1171875 0.4671875 0.025 0.4671875