2 0.353125 0.1984375 0.7328125 0.1984375 0.7328125 0.6265625 0.353125 0.6265625
2 0.5515625 0.11875 0.8390625 0.11875 0.8390625 0.4171875 0.5515625 0.4171875
2 0.2328125 0.109375 0.5296875 0.109375 0.5296875 0.453125 0.2328125 0.453125
2 0.5578125 0.3265625 0.8734375 0.3265625 0.8734375 0.690625 0.5578125 0.690625
2 0.634375 0.5125 0.871875 0.5125 0.871875 0.778125 0.634375 0.778125
2 0.65 0.6546875 0.89375 0.6546875 0.89375 0.94375 0.65 0.94375
2 0.5953125 0.83125 0.7546875 0.83125 0.7546875 1 0.5953125 1
2 0.54375 0.7171875 0.74375 0.7171875 0.74375 0.9671875 0.54375 0.9671875
2 0.3625 0.5015625 0.6859375 0.5015625 0.6859375 0.896875 0.3625 0.896875
2 0.2 0.5765625 0.425 0.5765625 0.425 0.8234375 0.2 0.8234375
2 0.1359375 0.334375 0.48125 0.334375 0.48125 0.7375 0.1359375 0.7375
2 0.03125 0.2890625 0.3484375 0.2890625 0.3484375 0.703125 0.03125 0.703125