2 0.3640625 0.1734375 0.6109375 0.1734375 0.6109375 0.4765625 0.3640625 0.4765625
2 0.4359375 0.0234375 0.6484375 0.0234375 0.6484375 0.209375 0.4359375 0.209375
2 0.19375 0.178125 0.3828125 0.178125 0.3828125 0.425 0.19375 0.425
2 0.5765625 0.18125 0.778125 0.18125 0.778125 0.44375 0.5765625 0.44375
2 0.696875 0.3171875 0.8546875 0.3171875 0.8546875 0.503125 0.696875 0.503125
2 0.79375 0.4234375 0.940625 0.4234375 0.940625 0.6390625 0.79375 0.6390625
2 0.7984375 0.6265625 0.8984375 0.6265625 0.8984375 0.7609375 0.7984375 0.7609375
2 0.7265625 0.540625 0.8375 0.540625 0.8375 0.7375 0.7265625 0.7375
2 0.51875 0.43125 0.7046875 0.43125 0.7046875 0.734375 0.51875 0.734375
2 0.3609375 0.615625 0.5109375 0.615625 0.5109375 0.7859375 0.3609375 0.7859375
2 0.24375 0.415625 0.459375 0.415625 0.459375 0.709375 0.24375 0.709375
2 0.1546875 0.4234375 0.3125 0.4234375 0.3125 0.7625 0.1546875 0.7625