2 0.2515625 0.18125 0.5953125 0.18125 0.5953125 0.5921875 0.2515625 0.5921875
2 0.2625 0.0296875 0.5296875 0.0296875 0.5296875 0.309375 0.2625 0.309375
2 0.0953125 0.2546875 0.3671875 0.2546875 0.3671875 0.5828125 0.0953125 0.5828125
2 0.4515625 0.146875 0.7390625 0.146875 0.7390625 0.496875 0.4515625 0.496875
2 0.6140625 0.2625 0.8328125 0.2625 0.8328125 0.515625 0.6140625 0.515625
2 0.74375 0.340625 0.9625 0.340625 0.9625 0.6203125 0.74375 0.6203125
2 0.825 0.553125 0.9703125 0.553125 0.9703125 0.73125 0.825 0.73125
2 0.728125 0.4875 0.9046875 0.4875 0.9046875 0.7296875 0.728125 0.7296875
2 0.49375 0.4109375 0.78125 0.4109375 0.78125 0.7921875 0.49375 0.7921875
2 0.4171875 0.646875 0.621875 0.646875 0.621875 0.8828125 0.4171875 0.8828125
2 0.2328125 0.459375 0.5453125 0.459375 0.5453125 0.8453125 0.2328125 0.8453125
2 0.153125 0.5140625 0.4296875 0.5140625 0.4296875 0.91875 0.153125 0.91875