2 0.3328125 0.3609375 0.565625 0.3609375 0.565625 0.51875 0.3328125 0.51875
2 0.4234375 0.4296875 0.628125 0.4296875 0.628125 0.6046875 0.4234375 0.6046875
2 0.6421875 0.503125 0.8859375 0.503125 0.8859375 0.7375 0.6421875 0.7375
2 0.7203125 0.365625 0.871875 0.365625 0.871875 0.525 0.7203125 0.525
2 0.4859375 0.2484375 0.7984375 0.2484375 0.7984375 0.4671875 0.4859375 0.4671875
2 0.7828125 0 0.971875 0 0.971875 0.103125 0.7828125 0.103125
2 0.434375 0.0703125 0.584375 0.0703125 0.584375 0.1859375 0.434375 0.1859375
2 0.121875 0.2703125 0.2640625 0.2703125 0.2640625 0.4125 0.121875 0.4125
2 0 0.171875 0.221875 0.171875 0.221875 0.375 0 0.375
2 0.00625 0.4609375 0.16875 0.4609375 0.16875 0.609375 0.00625 0.609375
2 0 0.0234375 0.1484375 0.0234375 0.1484375 0.1390625 0 0.1390625
2 0.2703125 0.0109375 0.496875 0.0109375 0.496875 0.153125 0.2703125 0.153125