2 0.3203125 0.3 0.584375 0.3 0.584375 0.5140625 0.3203125 0.5140625
2 0.390625 0.3828125 0.628125 0.3828125 0.628125 0.6046875 0.390625 0.6046875
2 0.5734375 0.4828125 0.865625 0.4828125 0.865625 0.7765625 0.5734375 0.7765625
2 0.696875 0.3640625 0.88125 0.3640625 0.88125 0.5578125 0.696875 0.5578125
2 0.4796875 0.20625 0.834375 0.20625 0.834375 0.4984375 0.4796875 0.4984375
2 0.8484375 0.009375 0.9984375 0.009375 0.9984375 0.1546875 0.8484375 0.1546875
2 0.490625 0.03125 0.6640625 0.03125 0.6640625 0.18125 0.490625 0.18125
2 0.1359375 0.1859375 0.3078125 0.1859375 0.3078125 0.3625 0.1359375 0.3625
2 0.025 0.0671875 0.2875 0.0671875 0.2875 0.321875 0.025 0.321875
2 0 0.3578125 0.175 0.3578125 0.175 0.54375 0 0.54375
2 0.0765625 0 0.2453125 0 0.2453125 0.0734375 0.0765625 0.0734375
2 0.3375 0 0.5890625 0 0.5890625 0.140625 0.3375 0.140625